0 0.496875 0.5234375 0.1453125 0.2203125
2 0.39296875 0.3953125 0.13984375 0.1921875
2 0.29609375 0.39296875 0.09453125 0.17890625
2 0.353125 0.54765625 0.1328125 0.15625
2 0.9046875 0.51640625 0.10234375 0.128125
2 0.8109375 0.56640625 0.0984375 0.11875
2 0.78828125 0.42265625 0.11796875 0.153125
2 0.68046875 0.51484375 0.1015625 0.12890625
2 0.2609375 0.196875 0.096875 0.13359375
2 0.60859375 0.68515625 0.0859375 0.1140625
2 0.52421875 0.66484375 0.0734375 0.08125
2 0.9328125 0.34453125 0.0875 0.15
2 0.0796875 0.215625 0.0765625 0.078125
2 0.1609375 0.17734375 0.06328125 0.07734375
2 0.19921875 0.25390625 0.0765625 0.1
2 0.04609375 0.44609375 0.0796875 0.1046875
2 0.5625 0.40390625 0.1109375 0.1296875