0 0.5053656653191403 0.5167275051672865 0.2423680524755442 0.17490591645877274
2 0.6367151048805011 0.430907783289049 0.21222552616718496 0.1657106989237615
2 0.6420557812876824 0.33532345553879006 0.1923078683170294 0.11803517824559702
2 0.4859646759836583 0.3709055829175455 0.1756509893354819 0.15309938296032674
2 0.5009475359846569 0.9224488122393811 0.14258088410204514 0.12039389081820957
2 0.45385345713016634 0.8228640351510759 0.13284186305535767 0.11370724317557439
2 0.5977931729292993 0.8194394363083678 0.17014444198043535 0.13881855913900906
2 0.5090275335655825 0.6999937694353101 0.14248987884037306 0.11883139081820956
2 0.8394467207784562 0.32659708064123394 0.14846686305535747 0.11443498924663302
2 0.3407409941736308 0.6064513229927481 0.12742632096198286 0.1009889193542568
2 0.3632614653050228 0.5249123786171006 0.0921412683452643 0.08376287799792799
2 0.6722001806806327 0.9598010510739841 0.16363683674699842 0.08039789785203197
2 0.8265008577936858 0.14445666873057514 0.08919827886860787 0.08674232878371627
2 0.8618838919239658 0.23025077356913934 0.08681673151356151 0.0726070541766104
2 0.7840164971574025 0.25778926860674056 0.11116428413027979 0.08932367328319835
2 0.596017426266007 0.07996171339667288 0.11612479991529553 0.09422949710451586
2 0.6238419205102249 0.5978213014860141 0.1461609104104042 0.12835194003242129