0 0.4655788342530899 0.4860184826626134 0.23826633225631966 0.17673754942915867
2 0.6017689477602077 0.5702277034994098 0.2099594943004167 0.16777904349765968
2 0.6120323409026035 0.6658121175298546 0.19011846656499998 0.12014003954332697
2 0.452821648273298 0.6317129846397798 0.17220492116215294 0.15531353558899424
2 0.4390969079600346 0.0812328235750844 0.1401912017473613 0.12122769566510645
2 0.3969619997156596 0.1812938319780414 0.13070709897381957 0.11615819368794011
2 0.5420926617597568 0.18318530133196295 0.16719011284152785 0.1410600346004111
2 0.4589145262168053 0.3028704016359741 0.14015483415618063 0.11966519566510643
2 0.8101243487863883 0.6725701590131669 0.14633209897381966 0.11679486364988403
2 0.29510463972392326 0.39930368574209363 0.12412979065319459 0.10184102570316256
2 0.3221197749825343 0.4793758463124974 0.09095361474138901 0.08487901878308027
2 0.6081385018998611 0.04153627739600204 0.1602127610179167 0.08307255479200408
2 0.8058875244138534 0.8546014090131671 0.08790134992375016 0.08787668479069169
2 0.8375570581331939 0.7682354860854735 0.0860115416031249 0.07375051779449712
2 0.7585605423656243 0.7417950028913874 0.10981271751493046 0.09033052273741297
2 0.5787606735401728 0.9216137899632564 0.11460932028847229 0.09520902372599593
2 0.5790977800165275 0.4041225424347144 0.1434980397032639 0.12916752965749528