0 0.33671875 0.31484375 0.1359375 0.20390625
0 0.57890625 0.265625 0.16484375 0.1640625
0 0.6109375 0.4328125 0.12421875 0.1859375
0 0.56171875 0.7484375 0.15234375 0.13984375
2 0.575 0.653125 0.1296875 0.16796875
2 0.3625 0.11640625 0.10625 0.1625
1 0.66328125 0.6 0.096875 0.184375
2 0.453125 0.61171875 0.1265625 0.15546875
2 0.32109375 0.47734375 0.115625 0.146875
2 0.83828125 0.24921875 0.10078125 0.14375
2 0.940625 0.26640625 0.11796875 0.16015625
2 0.6734375 0.20625 0.1046875 0.1390625
2 0.35 0.621875 0.084375 0.1328125