0 0.6609062519967702 0.6411448451231637 0.21279355357097246 0.15662679735218496
0 0.7281892434473954 0.3992077481424824 0.17591180262104195 0.18144270678164426
0 0.56350980081809 0.36629685649570326 0.19531511284152786 0.14332627667402048
0 0.24557676519888855 0.41310135173819235 0.15218336189159737 0.16785108767505647
2 0.34107110315479133 0.400849600704735 0.17823671561506957 0.14721325599585597
2 0.8604886779085759 0.6162410827171669 0.16984233415618064 0.12184938296032684
1 0.4008656368741317 0.31300069024181826 0.19153549620027785 0.11505572745980874
2 0.37335431345152736 0.5226496720448532 0.16562761284152785 0.14194355913900908
2 0.4974613478364578 0.6557810415657258 0.15599803970326392 0.13056941149637388
2 0.7638955797877777 0.1392312806074711 0.15094686379145852 0.11472608767505647
2 0.7545770908056944 0.051895197168687734 0.16857077488562505 0.10379039433737547
2 0.794379247531458 0.30481773925114225 0.14636846656499997 0.11919526385373888
2 0.35532905243361057 0.6265024181159118 0.13960932028847228 0.09702916542531544