0 0.6984375 0.3165214416570009 0.2140625 0.16434354025277606
0 0.7265625 0.5611412228646653 0.178125 0.18902263568479186
0 0.55703125 0.5872134791962434 0.196875 0.15094278154634874
0 0.246875 0.5269055794894992 0.153125 0.17208744120271574
2 0.340625 0.5438673501817141 0.1796875 0.15316702283992142
2 0.89375 0.34925429726578194 0.171875 0.12932008706427264
1 0.3859375 0.6336801226829513 0.1921875 0.12257212008095948
2 0.39296875 0.42315538048486745 0.1671875 0.14782442559888337
2 0.53828125 0.2952273750578005 0.15625 0.13631371551297528
2 0.7203125 0.8208437714851844 0.1515625 0.12200555404758617
2 0.69375 0.9097358531223902 0.16875 0.11665631275401331
2 0.77734375 0.6576986403229486 0.1484375 0.12496677973732631
2 0.39140625 0.31933101763999716 0.1390625 0.10260045680654795