0 0.3708325399632565 0.6099822505686809 0.06055018083635879 0.06853310087368066
0 0.302814710419492 0.5904133265567364 0.06080484882113648 0.07478310087368065
1 0.3308932894689649 0.6113986269935767 0.0586693458553869 0.060684233282499986
2 0.334270298860505 0.5669037445847572 0.053790844866803675 0.055887630508958355
0 0.5857160992410659 0.7291543971295491 0.05873301285158128 0.06224673328249999
0 0.7320234134617912 0.8232706858828827 0.06399351581733086 0.07641833605604162
0 0.6652762652486771 0.7341341442797575 0.0669911818249421 0.07336607123840277
2 0.5505797538799706 0.7854219277147575 0.058860346843970034 0.06537173328249998
2 0.6398796758190809 0.7624766966164589 0.05548067885919252 0.059048998100139014
1 0.5850356669218323 0.8034276985163199 0.05592634783255317 0.06998649810013902
1 0.6174170854009015 0.7955794841355214 0.05573534684397004 0.06529899810013902
0 0.8503568497725386 0.3372805941272577 0.05567167984777584 0.06373649810013893
2 0.805238009354359 0.3698560515742021 0.05548067885919252 0.05904899810013893
0 0.8284791911793011 0.2984538302595493 0.06511034684397003 0.06551720364722229