0 0.629194003713015 0.38946668313280824 0.05374504809323426 0.06430060217691827
0 0.6964459910991433 0.41136647578374685 0.05552580290255769 0.07060516587924912
1 0.6690923174153459 0.38963780872337145 0.05347222958157989 0.05648810217691826
2 0.6643701010806099 0.4336060635326948 0.05018353847458741 0.05169147477225664
0 0.4173884297590652 0.2599776236916466 0.053526793283910835 0.058050602176918265
0 0.2746428798517324 0.1593650431990928 0.05714286660488845 0.07222222958157998
0 0.3388814838427492 0.2517683088081894 0.06015873920022674 0.0692063569862417
2 0.45459576387981604 0.20548853113337523 0.05363592068857237 0.06117560217691827
2 0.36451640090312465 0.22427822586856486 0.05029266587924912 0.054816474772256554
1 0.42026540389834954 0.18556790073348864 0.049166675497895974 0.0672619110699257
1 0.3884251268565075 0.19215520663127117 0.05051092068857255 0.061066474772256504
0 0.1420114953603126 0.6395758767716895 0.05045635698624169 0.05950397477225646
2 0.18787706686719177 0.6090327157017639 0.05034722958157998 0.05637897477225664
0 0.16296140162091483 0.6795188304925539 0.05988592068857255 0.0613938569862416