0 0.35676378926641217 0.4950777133064713 0.06329997867599957 0.06911361436318479
0 0.3093251679265034 0.5432425025340828 0.06807838534372675 0.07695338544042354
1 0.3229609539306396 0.5128510205862595 0.06164657200827239 0.06129202400410492
2 0.34676153325909437 0.5489294211519937 0.05694089067472685 0.05970225292686635
0 0.48175634062700184 0.2950100564942213 0.060102253341817756 0.06284543364502548
0 0.5584926579805918 0.14622764373004296 0.06964088534372692 0.07696247579950319
0 0.5455284866327288 0.2531907160369459 0.06962270401018138 0.07539997579950324
2 0.4250978079646835 0.2626470083878153 0.06486247867599956 0.06912270472226431
2 0.5097364373010924 0.24048163777811463 0.058539753341817755 0.06283634328594587
1 0.4457648439688196 0.23229643305585027 0.060211341343090474 0.07222043364502548
1 0.47634268197009233 0.22309869505790286 0.05857611600890866 0.06596134328594587
0 0.8856336765993212 0.5012797998549219 0.0585579346753633 0.06439884328594588
2 0.8318183332670485 0.493153682466675 0.060102253341817756 0.0628454336450254
0 0.8851336899268215 0.5442485498549219 0.06953179734245403 0.06758747579950324