0 0.6328125 0.4625 0.05078125 0.059375
0 0.6890625 0.49921875 0.053125 0.06640625
1 0.66875 0.471875 0.05 0.0515625
2 0.65390625 0.5125 0.04609375 0.05
0 0.46796875 0.29375 0.0484375 0.05390625
0 0.3609375 0.165625 0.0546875 0.06640625
0 0.396875 0.2671875 0.05625 0.0640625
2 0.51640625 0.25 0.0515625 0.05859375
2 0.42890625 0.246875 0.04609375 0.053125
1 0.4890625 0.225 0.046875 0.0625
1 0.4578125 0.22265625 0.04765625 0.05625
0 0.11796875 0.584375 0.04609375 0.0546875
2 0.16875 0.5640625 0.0484375 0.053125
0 0.12734375 0.62578125 0.0578125 0.05625