0 0.42109375 0.621875 0.05859375 0.046875
0 0.4515625 0.6859375 0.06640625 0.046875
1 0.4265625 0.66171875 0.0515625 0.04609375
2 0.46953125 0.6515625 0.046875 0.04296875
0 0.2671875 0.428125 0.053125 0.04609375
0 0.15 0.2984375 0.06640625 0.0484375
0 0.24921875 0.35078125 0.06171875 0.053125
2 0.2171875 0.47109375 0.05625 0.04765625
2 0.225 0.3796875 0.05 0.04296875
1 0.19375 0.43984375 0.06171875 0.0421875
1 0.19609375 0.40703125 0.05546875 0.04375
0 0.61015625 0.10859375 0.0546875 0.04296875
2 0.58515625 0.1578125 0.05078125 0.04296875
0 0.65234375 0.12421875 0.0546875 0.05390625