0 0.37218108967170854 0.46191894196175537 0.05348861436318471 0.06342730032431163
0 0.31378278239192037 0.49448993425111765 0.05664997579950324 0.06973184740221221
1 0.33550779146710663 0.4690905137964224 0.05344316256778665 0.05561480032431163
2 0.3482486859827165 0.5107149521080252 0.05030907220870704 0.05399775324641087
0 0.5446913730455876 0.30557130478524314 0.05188975292686617 0.057150026785361165
0 0.6572590298578376 0.1848923863591428 0.05821247579950324 0.06975912094116259
0 0.6164300176593933 0.2833883875769588 0.059765885440423536 0.06822389448011297
2 0.4983249122731991 0.25789173538620813 0.05505111436318479 0.06345457386326192
2 0.5858340026322786 0.26098155356742714 0.05032725292686635 0.057122753246410876
1 0.5263135568870048 0.23494515908731423 0.05038179508134384 0.06649775324641087
1 0.5583402617074649 0.23472301663579617 0.050345433645025396 0.06024775324641087
0 0.8808571737842723 0.6192203421206159 0.05033634328594587 0.05868525324641087
2 0.8307253635776177 0.595691338874205 0.05188975292686635 0.057150026785361165
0 0.8693793182998821 0.6604220405784884 0.06128293364502539 0.06043866801906326