1 0.739485536120467 0.5955975677551285 0.2711587114824372 0.22319605536065784
1 0.8275519274134988 0.4790732540286948 0.21857753954332715 0.19609504448624282
2 0.4413809585538687 0.6107490879839025 0.23637253460041113 0.17342154844057553
1 0.5889642712917194 0.5192685366147585 0.24682987353571573 0.2003660504177418
0 0.3493897767289268 0.5352450692008223 0.2343935405319102 0.20141921444818678
0 0.6527482455885567 0.40019488444731177 0.25862953657757737 0.183687886387297
0 0.460176085018153 0.4212064269192072 0.21631470258518865 0.17884387749004843
2 0.21153163247014536 0.6357013725471325 0.2114362015966055 0.17396537650146532
2 0.13345700650015274 0.8251684377564411 0.14192219764227282 0.15241402866891213
2 0.16124110828703866 0.9136552761974542 0.15589185574121864 0.11242569863085591
2 0.21868224068282194 0.7537656230414241 0.17872186068413445 0.13675453657757738
2 0.44772243634792835 0.9003700034972221 0.16989068874502422 0.1114362015966055
2 0.5213151507589341 0.7348988538012333 0.1757241946765232 0.13975220258518864
2 0.582183666576265 0.8122545326604257 0.17259919467652338 0.13962486859280004
0 0.6265663834587285 0.6572924600367436 0.20512253460041113 0.1721482085166878
2 0.28791901342023496 0.8642203033834914 0.17122769566510643 0.1442487015966055