1 0.5894359740675352 0.5396925380112512 0.2878675951740973 0.22706353012188493
0 0.3760099069131949 0.559561060791924 0.2851790062682641 0.2457044027172232
0 0.5664679867009725 0.3913542417321155 0.3074163757593057 0.19496035825218608
2 0.7266943590418058 0.26580614862568996 0.20741637575930572 0.19146828130301125
2 0.1438397186522924 0.8808730324841376 0.18012652393569456 0.1592906983633867
2 0.44055553086954874 0.1800943048014742 0.16275718597979177 0.15087799763774729
2 0.5870850387533334 0.17037954282057466 0.17376742116215277 0.15438494355406332
2 0.5772762405006947 0.2855680332019278 0.19542421561506948 0.14577383538669525
2 0.9001844507974306 0.39460081513791123 0.19963109840513873 0.16501490870767296
2 0.9382643726251736 0.24364843954734808 0.12347125474965281 0.16066965988879928
2 0.8248571424768057 0.15682550742603016 0.21998911094166687 0.19502979092165812
2 0.7200846023922921 0.451361702709374 0.14211737765916688 0.13610616950744614