0 0.9333988810874324 0.16925919672805173 0.13320223782513524 0.13360036167271766
2 0.6000699581971051 0.16263387604435475 0.12852619480442443 0.11765702669174574
1 0.7937302293004235 0.25483991657626487 0.136393241882325 0.12110036167271768
0 0.8790518948838548 0.40196426737456764 0.13159664772652385 0.11465936068413445
0 0.8943847942352317 0.29641460433270594 0.13661143019392769 0.13360036167271766
0 0.43946328936396767 0.4433851744477493 0.1505648360381265 0.12792336463846715
0 0.30619682183137176 0.4566916462731288 0.12065914772652384 0.11421369171077381
0 0.7164186704481047 0.9532310652464895 0.16457278896022592 0.09353786950702095
0 0.3808066785657795 0.8399299106075848 0.14272506249917621 0.1260425296574951
2 0.7050469736150854 0.7649232293141155 0.13167846834337488 0.11934686068413444
2 0.61822130924947 0.5763607950177155 0.11430005357072233 0.10770902372599629
2 0.6301564732113436 0.455058797983465 0.11430005357072233 0.10770902372599611
2 0.7677052917995997 0.37400641064476586 0.1315421006486231 0.11153436068413454
2 0.24736688716992167 0.7985807159310616 0.12704551542127546 0.12228085969555132
2 0.3828881866867496 0.24356424657713993 0.11106595941492108 0.10133168973360744
0 0.39705800649282175 0.11610775003718106 0.13159664772652385 0.11465936068413449
2 0.26055485957378155 0.6148742193911026 0.12208528003177213 0.10646485870696817
2 0.24396342329077375 0.6930482989348672 0.09525004464226869 0.0897575197716634
2 0.2974997061652149 0.5398715607978651 0.1172886858759707 0.10002385771838504
2 0.15601340989809315 0.6637016971479812 0.10791368587597075 0.0996418557412186
2 0.7060446375769589 0.6431755633065042 0.10939436525911965 0.09501802273741297
2 0.8317053364418683 0.4624905904925415 0.11583528003177221 0.10621019072219048
2 0.5144945170428332 0.4035042737631772 0.12671823295387127 0.10353085969555131
2 0.6335484801112024 0.3810310489720482 0.10788641233702023 0.0980793557412186
2 0.7239936168773823 0.8664048162722537 0.11101141233702042 0.09820668973360754
2 0.5305396716659206 0.920197025246052 0.10958528003177204 0.10595552273741297
2 0.9536402065689569 0.8734201147128292 0.03420345048646709 0.08102450692008248
2 0.9550702930141203 0.8211718652071209 0.0417704886359143 0.06728034190105418
2 0.9420930060824894 0.7933187792375658 0.07800799756436802 0.08593218281352524
2 0.9430123981269702 0.9354426122413713 0.03420345048646709 0.08102450692008248
2 0.8105293603845606 0.7700020015572369 0.11101141233702023 0.09820668973360754
2 0.8883464431762761 0.8449966843707621 0.11734323295387128 0.10314885771838504
2 0.5904878214243346 0.6423704555881192 0.11101141233702042 0.09820668973360736
2 0.5979325340889619 0.30853662505577156 0.09842959172016937 0.09300985376405232
2 0.7532785531636853 0.3078402411771135 0.12841710064862308 0.1114070266917457
2 0.8254671988616142 0.32873767300205553 0.09689436525912001 0.09450868676785795
2 0.9588313035707223 0.2913397851690648 0.08233739285855535 0.09568918479069151
2 0.6485932329538715 0.12479563642447808 0.12852619480442443 0.11765702669174569
2 0.8428926578727935 0.11944092745067983 0.12957049756436803 0.08803319368794012
2 0.7349983372559425 0.1103604047132668 0.11901482710967279 0.10946252471457937
2 0.3391711887153445 0.3331241536875026 0.11739778003177212 0.10627385771838505
2 0.24698941720498907 0.41914788391583907 0.11723413879807003 0.09689885771838505
2 0.16135370048317205 0.567113198630856 0.1206591477265238 0.11421369171077381
2 0.14043545413662 0.4421304446765232 0.11898755357072247 0.10790002471457924
2 0.5182129955291825 0.9629469634596035 0.11723413879807013 0.07410607308079306
2 0.9150549935005877 0.8991721898079696 0.09842959172016919 0.0930098537640525
2 0.8219678721556832 0.5307949215191808 0.09985572402541791 0.0852610207602467
2 0.48405699472169894 0.3593258508354838 0.09355117694751698 0.0818813527754692
2 0.44873137499835236 0.2587382604173044 0.09360572402541774 0.08500635277546911
2 0.41044617085843704 0.3016778355124446 0.09675799756436802 0.08669618676785787
2 0.5565086931795713 0.350567616158523 0.10150004464226861 0.09001218775644108
2 0.5397650726421507 0.5989268617098988 0.1141364123370204 0.09833402372599628
2 0.542744022317839 0.5459610292003847 0.09673072402541756 0.08513368676785796
2 0.40079803002847675 0.5987292490485979 0.10317163879807012 0.09632585475263547
2 0.33973384496328496 0.6337144026989194 0.12208528003177203 0.10646485870696817
2 0.6574940892812421 0.6794513029263809 0.11251936525911965 0.09514535672980173
2 0.7690491980475401 0.6746284931542799 0.09048072402541774 0.08487901878308027
0 0.8963753571381495 0.7235355198460256 0.0999375446422686 0.0899485207602467
2 0.881453740661214 0.673743766880276 0.09988299756436803 0.08682352076024671
2 0.9697529870110613 0.6400001196557452 0.06049402597787754 0.07923651384016442
2 0.9684588628201926 0.6936835351690648 0.06076595048646709 0.0821068458553869
2 0.9551327483718517 0.7352980322033152 0.0716216298696164 0.07786501482874755
2 0.5991924399298652 0.7832501235728968 0.08409435633066593 0.07681185079830274
2 0.6094674667152264 0.8351946255500632 0.10616027110331831 0.08864068874502422
2 0.4231090012112254 0.937679002508639 0.10314436525911966 0.09476335475263546
2 0.35872890137338115 0.9615993221665718 0.08532957386326193 0.05812551779449748
0 0.14534727637832415 0.23154311315559242 0.11103868587597074 0.09976918973360745
2 0.12172281574558705 0.17515119171077376 0.11098413879807008 0.09664418973360736
2 0.2084239748361966 0.22240287650146526 0.10473413879807003 0.09638952174882984
2 0.281633603895034 0.1676145588206989 0.10626936525911974 0.09489068874502422
2 0.404628998782184 0.0578641685162502 0.10925799756436802 0.08720552273741303
2 0.27579093262955984 0.05651789133021291 0.10783186525911966 0.09495435574121862
2 0.5497505840095316 0.05284769916232861 0.09012616801906326 0.06456651878308031
2 0.6303966120127088 0.06628279946633978 0.09486821509696383 0.06788251977166349
2 0.5157085949665803 0.1599771082498576 0.11901482710967279 0.10946252471457933
2 0.5083540166390914 0.09644119026508004 0.10788641233702041 0.09807935574121862
0 0.9333267431001412 0.23719611322995454 0.13334651379971768 0.10710152866891205
0 0.8653364480508353 0.1976441818993041 0.1016636858759707 0.09938718775644104
0 0.9586324805182393 0.4537761181728704 0.08273503896352138 0.10831651878308027
2 0.4939497865212986 0.7024537683259698 0.09519549756436803 0.08663251977166339
0 0.4564537406612139 0.6564263439154016 0.10950345941492116 0.10126802273741298
0 0.47935722686149623 0.8056915148659286 0.10629663879807012 0.09645318874502422
0 0.26354308643857305 0.920247468896811 0.11734323295387146 0.10314885771838504
0 0.18942278449599897 0.11779628954332697 0.11120232710967275 0.10914418973360744
0 0.2538007045436571 0.27265488589300546 0.12841710064862308 0.1114070266917457
2 0.17069924715403567 0.7447116166156336 0.1285534683433748 0.1192195266917457
2 0.3982515028360785 0.7211944980600148 0.0999375446422686 0.0899485207602467
2 0.6327083234529296 0.7354320474891735 0.10311709172016936 0.09320085475263547
2 0.8502794273479635 0.9004362594659023 0.10317163879807012 0.09632585475263547
2 0.4555163522668856 0.8710790929268184 0.0967852711033185 0.08825868676785795
2 0.6533546452908918 0.21867297041686684 0.11410913879807012 0.0967715237259962
2 0.520951248375147 0.2366987757403436 0.09988299756436803 0.08682352076024662
1 0.16461151947846528 0.3064940336118279 0.11117505357072241 0.10758168973360735
0 0.3407156923654972 0.6899644026989193 0.09999209172016936 0.0930735207602467
0 0.7281338717486461 0.7010663177551285 0.0903716298696164 0.07862901878308026