1 0.346875 0.784375 0.2859375 0.2390625
2 0.35078125 0.18203125 0.2703125 0.22734375
2 0.51953125 0.27265625 0.2671875 0.21171875
0 0.4890625 0.446875 0.25625 0.203125
1 0.5890625 0.6140625 0.240625 0.1875
1 0.57421875 0.80390625 0.234375 0.21796875
2 0.121875 0.85 0.24140625 0.2203125
2 0.24296875 0.65859375 0.22578125 0.159375
2 0.328125 0.93515625 0.303125 0.1296875
0 0.87890625 0.31328125 0.2265625 0.18359375
0 0.89453125 0.41875 0.1859375 0.14765625
2 0.6515625 0.1359375 0.221875 0.1703125
2 0.08515625 0.76171875 0.1703125 0.1953125
0 0.4078125 0.61484375 0.2265625 0.1609375