0 0.22537271733768166 0.030231054236562437 0.1413704346753633 0.06046210847312487
2 0.5397630286839538 0.11481511483829816 0.12945223734881744 0.11704464247680568
1 0.33050620735199915 0.12984462205649278 0.13573860001590835 0.12031511284152789
0 0.20281810669954395 0.2375324483288887 0.13254087468172662 0.11399237765916678
0 0.22346586668522642 0.13155455205236094 0.13744655068427197 0.13285148043270842
0 0.5951436087284971 0.4417399843293398 0.15143632535009016 0.1269287887533334
0 0.7138668840706331 0.5038379811952078 0.12160337468172652 0.11373780452090294
0 0.16067189544872199 0.8464905274510762 0.16569882001909003 0.14444359707395832
0 0.5177122361154947 0.8389617828663191 0.1436056440165448 0.12518445079743046
2 0.24352820675522321 0.6468522437317359 0.13259541868236296 0.11867987765916688
2 0.386395864735815 0.5005194915475344 0.11528064934754481 0.10734233415618064
2 0.41548283338636127 0.3810603235195136 0.1152806493475449 0.10734233415618064
2 0.31473685136854385 0.2521196655594789 0.1309420120146357 0.11083101006798621
2 0.6546037087841764 0.8506233686380202 0.1279442813494537 0.12169577488562525
2 0.7135197967059073 0.27253342980843687 0.11208292401336309 0.10101959897381949
0 0.7433152900222717 0.14680607798482576 0.13254087468172654 0.11399237765916678
2 0.7040935367599956 0.6712982381290619 0.12307496801399935 0.10596167211208343
2 0.6933020347708134 0.7512584950629162 0.09631247334499946 0.0881559230620141
2 0.694508904081769 0.586342009880555 0.11675224267981754 0.0995662017473613
2 0.7840179414385406 0.7569616747744439 0.10893974267981754 0.09938436379145835
2 0.2828077880728603 0.5302816863610414 0.11044769867918128 0.094733231382639
2 0.22634706070972527 0.31200511825677063 0.11526246801399935 0.10577983415618064
2 0.5388839707192703 0.37506228381624956 0.12616360534690862 0.10290940729444457
2 0.43653058271004347 0.30945742724298575 0.10735906134627218 0.09778549620027785
2 0.1922026114337681 0.7355705580362846 0.11048406134627213 0.09785823138263901
2 0.35384064011772187 0.8591866299402774 0.10899428668045381 0.10407186379145869
2 0.03024640941276907 0.5846107361322916 0.04783861067790858 0.08390352773541672
2 0.14387310475013254 0.6116615857717013 0.11048406134627213 0.09785823138263901
2 0.056055478755541364 0.6535601046734028 0.09803860534690848 0.1022547906531944
2 0.3895850467456782 0.5731211901607636 0.11048406134627217 0.09785823138263901
2 0.49371582670272557 0.25420557636930513 0.09949201734563573 0.09291615824437507
2 0.35001982336090787 0.1950332109623261 0.12781701201463572 0.1107582748856251
2 0.2764823260264079 0.18814873774781227 0.09794769867918127 0.09444229065319454
2 0.1574590586807721 0.10026949088194433 0.09951019867918127 0.09447865824437507
2 0.5078766820098631 0.060854966661909295 0.12945223734881744 0.11704464247680565
2 0.3298784040022272 0.013315004749652668 0.12850680800445433 0.026630009499305336
2 0.43247669267186345 0.03393532285392346 0.11807838534372692 0.06787064570784691
2 0.7248669240531339 0.37464079046576326 0.11682496801399936 0.10581620174736113
2 0.7809180240690423 0.4905554247744438 0.11827838001272664 0.09647756933854179
2 0.8118333114258138 0.6625388743376035 0.1216033746817267 0.11373780452090294
2 0.8722884587444055 0.5525086044859715 0.1184056493475449 0.1074150693385418
2 0.3443843714592215 0.919579269282951 0.11836928668045381 0.10429006933854197
2 0.03074694342772293 0.694785169927882 0.046367017345635794 0.09167966014423605
2 0.21307544871895212 0.3803011765773957 0.09940111067790855 0.08510365824437507
2 0.5815163660486796 0.34515592505878423 0.09311474801081765 0.08183318787965285
2 0.6485396867043164 0.26232393484243 0.09315111067790874 0.08495818787965286
2 0.6694976240451798 0.3173199061570828 0.09627611067790856 0.08503092306201392
2 0.5177987640435889 0.3091288125015968 0.102580654678545 0.08986389342673622
2 0.4510674394095874 0.5513721703091315 0.11360906134627217 0.09793096656499997
2 0.46531120540258775 0.4994641781929163 0.09627611067790856 0.08503092306201392
2 0.579047536083678 0.6030957116279162 0.10265338001272664 0.09611389342673622
2 0.6242514954248595 0.6598717352792703 0.12307496801399935 0.10596167211208343
2 0.3154662940801781 0.5834424007418401 0.11357269867918127 0.09480596656499998
2 0.21412142274026932 0.5373506103729859 0.09002611067790856 0.0848854526972918
0 0.080473128739633 0.5357725394189237 0.10101815467854489 0.08982752583555573
2 0.11046007340067872 0.49365712139090273 0.09941929201145401 0.08666615824437507
2 0.03779418539145187 0.4273612805852083 0.06653406667727224 0.07965243882958344
2 0.02902826006522427 0.47992323613229165 0.047802248010817686 0.08077852773541672
2 0.03110892807126945 0.5244181185411112 0.05087270401018136 0.07616376291777768
2 0.3348440974299501 0.7041179234432636 0.08522952267663583 0.07540134992375017
2 0.30879976543599524 0.7492674224933331 0.10568747334499946 0.08837412860909737
2 0.44671903079244873 0.9164159420606246 0.10263519867918128 0.09455139342673605
2 0.49725538013203935 0.9613459291428468 0.08501134667409058 0.05665134992375016
0 0.9371487480505886 0.35094479806520756 0.11206474267981754 0.09945709897381949
2 0.9610113200190901 0.3057952990151381 0.07797735996181991 0.095641114741389
2 0.8820703493793616 0.3186239137565271 0.10421588001272682 0.09615026101791671
2 0.8326965107017712 0.23928255908312432 0.10732269867918127 0.09466049620027786
2 0.757395424013363 0.08083558586861048 0.11053860534690844 0.10254573138263896
2 0.8752283613542262 0.13357676653006872 0.10893974267981754 0.09938436379145843
2 0.6239193053389543 0.030771995631596983 0.09140679734245402 0.061543991263193966
2 0.5440863546705907 0.02312380300229146 0.0944227093411815 0.04624760600458292
2 0.6190329053548627 0.14422855148368002 0.11842383068109026 0.10897756933854179
2 0.646494286680454 0.08654268484243002 0.10735906134627218 0.09778549620027785
0 0.20466077534213598 0.06009777935093733 0.13713746801399934 0.10628898043270844
0 0.2834488466740906 0.04886220635484365 0.10268974267981754 0.0977244127096873
0 0.09434253536758933 0.25021624591593744 0.11842383068109023 0.10897756933854179
2 0.4594350174251776 0.6660522661488191 0.09471361067790855 0.08499455547083343
0 0.5091077534213596 0.6367635032310413 0.11052042401336308 0.10098323138263901
0 0.43875998543917694 0.7696864124253467 0.10577838001272663 0.09618662860909737
0 0.5994718607972213 0.9480263519205202 0.11807838534372675 0.07929006933854196
0 0.9349220820337258 0.2267442318607978 0.11217383068109044 0.10883209897381949
0 0.8238129540499524 0.3488939484257979 0.12781701201463563 0.11075827488562515
2 0.7434207607813128 0.8274566659407286 0.12947041868236298 0.11860714247680555
2 0.5413304547660409 0.7196299014074301 0.101018154678545 0.08982752583555573
2 0.3200997974219959 0.6458514817638886 0.10417951734563573 0.09302526101791671
2 0.0638685260979955 0.7205839505130902 0.10265338001272668 0.09611389342673622
2 0.43880598611549465 0.8407983462209373 0.0978567920114541 0.08662979065319476
2 0.4721669960216353 0.1484283550546524 0.11359088001272681 0.09636846656500006
2 0.5878107246976348 0.21450533710288147 0.09941929201145391 0.08666615824437507
1 0.8949163420591791 0.4152261568226729 0.11215564934754489 0.10726959897381949
0 0.6045480700986319 0.7126882639646176 0.10105451734563572 0.09295252583555573
0 0.24272822807922365 0.5781022437317359 0.09151588534372675 0.07867182028847228