0 0.678415242913242 0.46657465625453104 0.18636411905195924 0.23904668344033872
0 0.5389335914619631 0.4346133644516361 0.18441967313564334 0.22808190990138844
0 0.5525546034428627 0.28741108198423204 0.18807046279135697 0.19847623051823948
0 0.32437510597475133 0.7823180275994355 0.1797867368379741 0.22956258928453738
2 0.5176414671373443 0.7203150852306429 0.15142363466105593 0.17753643912238176
2 0.46134188183546704 0.8541912532497061 0.14695438947037937 0.18370461850553071
2 0.6297495313030113 0.1922564947282895 0.1464087524470708 0.1680796185055306
2 0.4452084172300115 0.6160463709444579 0.11217759618646853 0.12688187418757338
2 0.410248118588623 0.7565855961876915 0.1220982332097769 0.14267051542127546
2 0.931641902717223 0.26359611201929944 0.11875497840045383 0.1363659683433748
2 0.7250224028020412 0.5924007707028719 0.12705855172143127 0.1505648360381265