1 0.4697044654267709 0.4885995194703823 0.31215563684308467 0.3710814450978475
0 0.6219763560972863 0.628955028588438 0.3235023138026888 0.38539851823611143
0 0.5209892029568656 0.8406289192622918 0.2939224623907631 0.31874216147541645
2 0.15584157607640375 0.8237135229857641 0.26857546991261044 0.2685733877271531
0 0.5850663556350678 0.31225718464861163 0.31588839060400853 0.33837804787138914
0 0.17920383438967397 0.5850328826931599 0.26056439311129087 0.31523018218006965
2 0.7665496878466638 0.25472070763437565 0.27673496239076306 0.3343438580918752
2 0.9153184937983008 0.43486541536566053 0.15354150329870536 0.2861946859797918
2 0.9367662818032493 0.61126491441573 0.09873433135366624 0.22714568787965278
2 0.9124986853393814 0.23622789361416743 0.17036529044572363 0.2740947294827779
2 0.3527322626029193 0.5859446853142017 0.25707568025830946 0.30265744699770847
1 0.32913432356912126 0.8058571418112155 0.27650764185764964 0.3265313580918754