0 0.6083105512225109 0.6053259028705036 0.02499335594746519 0.03091580732694634
0 0.5078236295803562 0.4449472455889859 0.01825203301668683 0.02121325870642714
0 0.506216863976524 0.43076191485629123 0.018415807326946164 0.02433825870642714
2 0.389637952849819 0.2037346681356516 0.01874335594746528 0.03058825870642732
2 0.7179112805302958 0.517062342264197 0.020142081637205676 0.027545145861557076
2 0.8828125842391976 0.5993436550182102 0.021704581637205678 0.027627033016686654
1 0.6234718837642278 0.5551997501115415 0.02178646879233561 0.029189533016686652
1 0.6242121901866629 0.5560219436891065 0.020142081637205676 0.027545145861557076
1 0.4116767271600786 0.20175608830746813 0.021704581637205678 0.02762703301668674
1 0.601767302127022 0.580697717094855 0.0184976944820761 0.025900758706427142
0 0.6276370833346865 0.6102557423096255 0.02178646879233561 0.029189533016686652
0 0.5771933480340075 0.6459984905006032 0.016689533016686832 0.021131371551297563
2 0.84851614936806 0.5810949440277907 0.018415807326946164 0.02433825870642714
2 0.5897652691103351 0.6004370070089466 0.018415807326946164 0.02433825870642714
2 0.6624967622129303 0.5729128725673502 0.018415807326946164 0.02433825870642714
2 0.8601972778167625 0.5973750412688288 0.0216226944820761 0.026064533016686653
2 0.8724139948000758 0.6183835820874317 0.0216226944820761 0.02606453301668683
2 0.6668843690649067 0.51908850972248 0.016689533016686832 0.021131371551297563
2 0.6328125842391976 0.5862417101974499 0.019814533016686654 0.021295145861557074
2 0.6496249479885791 0.5644043317487475 0.018252033016686653 0.021213258706427318
2 0.6161164071699761 0.5759659514910227 0.0184976944820761 0.02590075870642732
2 0.6407412709193576 0.5545380088179689 0.018415807326946164 0.024338258706427317
1 0.45407010854945706 0.5737406309350933 0.014963258706427318 0.017924484396167804
1 0.25148401911033524 0.5827084379233554 0.01808825870642732 0.01808825870642732
0 0.47953817729636405 0.46148297037421526 0.015127033016686654 0.021049484396167627
2 0.4061382988476616 0.44196833050555195 0.018333920171816585 0.02277575870642714
2 0.4118084447092187 0.4234639919709412 0.01496325870642714 0.017924484396167627
0 0.4085163483726918 0.4115405240831169 0.016443871551297562 0.016443871551297562
1 0.39828153324382937 0.4274554511523384 0.01668953301668674 0.021131371551297563
0 0.11334104647281244 0.2738613031430748 0.021704581637205768 0.02762703301668674
2 0.8537868255327703 0.6150571862258747 0.018252033016686653 0.02121325870642714
2 0.9536717181149669 0.47301352837853 0.02154080732694652 0.02450203301668665
2 0.9699617814348069 0.5059864806625222 0.013564533016686652 0.020967597241038048
2 0.9670381772963641 0.4870317627746978 0.016771420171816587 0.02269387155129756
2 0.9568033621675017 0.5029466898439192 0.018252033016686653 0.02121325870642714
2 0.8751195929456248 0.5817057756649966 0.01668953301668665 0.021131371551297563
2 0.8686582310052657 0.5555150898893478 0.018252033016686653 0.021213258706427318
2 0.7619954732033497 0.5428745697629598 0.018415807326946164 0.02433825870642714
2 0.6724316841937691 0.5029279211878693 0.018415807326946164 0.02433825870642714
2 0.6132016898479786 0.7810628872666714 0.015127033016686654 0.021049484396167627
2 0.85466873134395 0.3291639518297069 0.0216226944820761 0.02606453301668683
2 0.8366999813439501 0.3282222495457148 0.018415807326946164 0.02433825870642723
1 0.24129014755903766 0.5978421149925769 0.01808825870642732 0.018088258706427142
2 0.2913410572154046 0.6443353346894235 0.015127033016686742 0.021049484396167807
2 0.2575569566950063 0.5266222122336148 0.018170145861557074 0.019650758706427317
0 0.2190001469932108 0.39534123473485205 0.01808825870642732 0.01808825870642723
1 0.15420730664957774 0.43581574852966193 0.014963258706427274 0.017924484396167627
2 0.13932261307201288 0.43581907055592933 0.01668953301668674 0.021131371551297563
2 0.3246326713034703 0.3977436177061103 0.016525758706427317 0.018006371551297563
2 0.33223713138937855 0.38717460990419417 0.01496325870642723 0.017924484396167804
2 0.40333196065173516 0.21150290253181936 0.01825203301668683 0.021213258706427318
2 0.09734755427472855 0.28007368159177726 0.021622694482076033 0.026064533016686743
2 0.007292442334369454 0.5087508802577247 0.014584884668738907 0.021131371551297563
2 0.0010645751362855693 0.5206776701718165 0.0021291502725711386 0.017924484396167627
2 0.8998893781100182 0.2884470985957751 0.01841580732694652 0.024338258706427317
2 0.9184302589335699 0.4578488738105458 0.018170145861557074 0.01965075870642714
2 0.7610537709193574 0.5608433197629598 0.01808825870642732 0.018088258706427142
2 0.8154845641128095 0.7031403623905851 0.01841580732694652 0.02433825870642714
2 0.45410773010075456 0.5580746873575284 0.01496325870642714 0.017924484396167804
2 0.4647210035065029 0.5797825910210015 0.013318871551297563 0.01628009724103805
2 0.4617630998430299 0.591378510288307 0.01636198439616763 0.014881371551297562
2 0.4808063489385187 0.6166617933049937 0.01159259724103805 0.013073210085908293