0 0.7076773749062844 0.38354901063013713 0.30345622758291685 0.2260466671451935
2 0.7088891571070134 0.6668699421184829 0.23488675911805573 0.16432542794496677
2 0.10356691033486096 0.4071180408368401 0.2071338206697219 0.16674109981466553
2 0.39442792002479116 0.6278918099893158 0.2828527868534724 0.21283733901489227
2 0.3286081239563538 0.37024549029653514 0.2571254350298613 0.18071431977759866
2 0.5794536174037492 0.7947271020072822 0.24473453780340293 0.18496531015895173
2 0.6516786819926385 0.5424081446582208 0.20923214247680555 0.13532740870767307
2 0.49799194396048574 0.47127473304014095 0.2098867591180557 0.16345240870767305
2 0.8663405940367357 0.5427181355877282 0.23561411094166687 0.19557542794496677
2 0.5417991081887845 0.3331373267795387 0.19084581838861112 0.15029764427970269
2 0.9168159855636109 0.3863937245178025 0.14992987765916652 0.13637898801910042