0 0.9528852666390915 0.22300014093321283 0.09422946672181709 0.09031877461060622
2 0.6257517966708636 0.19546119648913846 0.09503185633066594 0.07616534639736088
1 0.8023882090078839 0.2943031764308787 0.0997466298696164 0.07786423871722885
0 0.8665752142828896 0.43750525864247464 0.09651253571381488 0.0715233105039836
0 0.8945308445595431 0.3391503266683055 0.09527731818121907 0.09022784639736088
0 0.42953886444504547 0.45133780878812396 0.1138091298696164 0.07827341567683313
0 0.29764398213979726 0.4553085917785073 0.08719208279171564 0.07437552586424748
0 0.6306993587597074 0.9623440218722145 0.12342959172016936 0.07531195625557104
0 0.32040496671522645 0.8198484648980455 0.10602390340856668 0.07960859514371954
2 0.6482475486961632 0.7684811593421198 0.0981841298696164 0.07781877461060631
2 0.5872849549473989 0.5863302373970807 0.08088753571381488 0.07106866943775678
2 0.6157627366040241 0.473154287476223 0.08088753571381488 0.07106866943775678
2 0.7598070170428333 0.4047261993921323 0.0995829886359143 0.06848923871722903
2 0.19620380762461692 0.7725068004748538 0.09201595048646735 0.08232441818411544
2 0.4004166059236288 0.2591814010288497 0.0808329886359143 0.06794366943775679
0 0.4311426801939279 0.14060489726792597 0.09651253571381488 0.07152331050398356
2 0.23226621834007952 0.6017684031404207 0.09020798863591431 0.06821645407749273
2 0.20539580113179517 0.6728250492212124 0.06816934740221221 0.058204956584775404
2 0.27869515908731424 0.5328425583924126 0.08697389448011297 0.06187552586424747
2 0.12361396712226354 0.639992165676833 0.07921594155801359 0.06477320533113406
2 0.6649656700443629 0.6526204786215921 0.08066934740221221 0.05856866943775678
2 0.8128831984545771 0.4929452649106808 0.0839579886359143 0.06803459765100203
2 0.5093803230491878 0.41774171027919194 0.09637616801906326 0.0637108105039836
2 0.627830314120734 0.4040094823825157 0.07765344155801372 0.06472774122451135
2 0.6538447581110842 0.8654698196086766 0.08077844155801354 0.06481866943775678
2 0.4569521672016938 0.9034686101209074 0.07620003571381488 0.07093227711788863
2 0.9120527244258643 0.8956276472014189 0.07609094155801373 0.06468227711788899
2 0.9127151976405029 0.8441106113080415 0.07888865909060953 0.04602320533113406
2 0.8911032504004464 0.8138093458686354 0.08064207386326175 0.057006169437756785
2 0.9006027556754523 0.9554201843484375 0.09629434740221221 0.05902331050398359
2 0.7499464163909149 0.7792488262725941 0.08077844155801354 0.06481866943775678
2 0.8184157727215808 0.8546412828573693 0.08702844155801373 0.06500052586424729
2 0.5516162361969871 0.6454180808914477 0.08072389448011279 0.06169366943775678
2 0.6031655048679687 0.3330150207831755 0.0697591209411625 0.059812920691397944
2 0.7555910754848197 0.3421352711788869 0.09648526217486442 0.06996081050398359
2 0.8231604050301244 0.36596522776366225 0.06518071509696384 0.06592652837152997
2 0.9665171185055307 0.3405513537861943 0.0669657629889386 0.06459134890464338
2 0.6767551891223815 0.1649302620076869 0.09503185633066594 0.07616534639736088
2 0.8710137037328781 0.1549655432822107 0.09969208279171582 0.0747392387172289
2 0.7640233640413038 0.15419500197855704 0.08557503571381506 0.07120506175762475
2 0.3456257402574721 0.3411384431904331 0.0839852621748646 0.06959709765100212
2 0.2446456672049891 0.41628554420664754 0.0900443474022122 0.05884145407749273
2 0.14154971509366865 0.5491542170096165 0.08719208279171564 0.07437552586424748
2 0.137146812902918 0.43111727084968254 0.0839579886359143 0.06803459765100203
2 0.4368811749123315 0.9614485946815012 0.08403980925276536 0.07272209765100221
2 0.8412180730458925 0.908402780350087 0.08066934740221221 0.05856866943775678
2 0.7936752767820658 0.5556354815245859 0.07277502678536116 0.05365384890464338
2 0.4851791639585782 0.3733097486798518 0.06806025324641088 0.051954956584775225
2 0.4632029780826075 0.2774062152937569 0.06808752678536116 0.053517456584775316
2 0.420916066556366 0.31521845236163315 0.07123980032431163 0.05517088479802066
2 0.556958706572252 0.3699323475844951 0.0744193474022122 0.058386813011266005
2 0.507924737414803 0.6027615679593239 0.08384889448011279 0.06178459765100204
2 0.5171945973989169 0.5522758346523713 0.06965002678536117 0.05356292069139794
2 0.371124166797952 0.5940959586298393 0.07296594155801354 0.06459134890464338
2 0.3076071375769588 0.6234819302583094 0.09020798863591431 0.06821645407749273
2 0.6132219379012703 0.6854724310497322 0.08538412094116268 0.06026756175762475
2 0.7233645511317952 0.6878964005666313 0.06498980032431163 0.05498902837152997
0 0.8414111676087309 0.7405249585633323 0.07288412094116267 0.05990384890464338
2 0.8343565982096959 0.6942493521368416 0.0728295738632621 0.0567788489046432
2 0.9440628348170153 0.6716733216537406 0.07748980032431163 0.05535274122451135
2 0.9371776351413267 0.7245710011206272 0.08061480032431163 0.05544366943775678
2 0.9104611765371846 0.7597128792547303 0.0758727532464107 0.05218227711788863
2 0.541448123777241 0.7786481180384662 0.061755706168510116 0.04864810015828454
2 0.5438970137931272 0.8294748321450889 0.08058752678536116 0.05388116943775678
2 0.34702774228277167 0.9135446406040085 0.07293866801906326 0.06302884890464355
2 0.18372890137338121 0.9525209094086268 0.06172843262955983 0.04708560015828454
2 0.2796044630617785 0.9428169519659217 0.06490797970746058 0.05030152837152997
0 0.1696205734562248 0.23372544530200418 0.08077844155801359 0.06481866943775678
2 0.15382224959296292 0.17860603628908872 0.08072389448011293 0.06169366943775674
2 0.23279272930042344 0.22931674162022278 0.07452844155801355 0.064636813011266
2 0.3123750892845374 0.18087689311129088 0.07910684740221222 0.058523205331134066
2 0.4488017386359143 0.07865046654739814 0.0777079886359143 0.06785274122451138
2 0.3214579886359143 0.07494514185764964 0.0761454886359143 0.0678072771178887
2 0.5917432150969639 0.08124793230337347 0.06808752678536116 0.05351745658477529
2 0.6693460637169922 0.09834215558119619 0.07280230032431163 0.05521634890464333
2 0.542884749592963 0.1899265988381363 0.08401253571381488 0.07115959765100213
2 0.5433699448044245 0.128253312944759 0.07765344155801372 0.06472774122451139
0 0.9435762706962812 0.28591767808023133 0.10879434740221221 0.059387023356964976
0 0.880408068991998 0.2458178638153241 0.07145798863591431 0.06767088479802066
0 0.9561211351446222 0.4948524088799015 0.08775772971075568 0.07143238229073816
2 0.450227060060249 0.6971276819076621 0.06965002678536117 0.05356292069139794
0 0.4197622642001642 0.6517326138818311 0.07927048863591431 0.06789820533113407
0 0.42066801947516996 0.7930933997752085 0.07609094155801373 0.06468227711788863
0 0.19282148335431795 0.8918789261016744 0.08406708279171564 0.07428459765100186
0 0.22792222280760172 0.12922581340697742 0.07937958279171564 0.07414820533113406
0 0.271138209007884 0.2788453801791671 0.0964579886359143 0.0683983105039836
2 0.12808900730030537 0.7174268438900784 0.09198867694751703 0.08076191818411545
2 0.35359752191080196 0.7083714072970558 0.07288412094116259 0.05990384890464338
2 0.5797469646866316 0.7360347207040332 0.07447389448011296 0.06151181301126592
2 0.771645912737467 0.9040358776053775 0.07293866801906326 0.06302884890464355
2 0.3904680507247581 0.8523403676427549 0.07126707386326192 0.056733384798020835
2 0.6696887573036007 0.2521802094212622 0.08382162094116268 0.06022209765100204
2 0.5370944456152034 0.26081576035833426 0.07280230032431163 0.05521634890464337
1 0.17790640624794044 0.30580503378180623 0.07776253571381497 0.07097774122451135
0 0.3015031879012703 0.6764023417785073 0.07134889448011297 0.06142088479802066
0 0.6792424042160503 0.7100381735278848 0.06803297970746058 0.050392456584775404