0 0.3624680160725421 0.5488910751323213 0.17901698002863498 0.21813187056996633
0 0.11646243602799873 0.21089769072219058 0.18063402402927137 0.22288303756616062
0 0.4260737933640895 0.24381625596868012 0.16797039202736244 0.2083112015966055
0 0.31657207137172555 0.29557773273697546 0.1836499360279987 0.21363537155854945
0 0.20837940539463357 0.4598392095052709 0.16793402936027152 0.2051862015966055
0 0.2851322620544066 0.41220947581689327 0.1678249413589988 0.1958112015966055
0 0.5414538927036802 0.2945895301889679 0.1742385733609078 0.210128369581383
0 0.5615049527370877 0.5413836171471061 0.15223630402608973 0.1982995316346617
0 0.39388383744426764 0.8328495810638202 0.161502216024817 0.18930653361182798
0 0.5062111147755859 0.8225898547898165 0.14400563335454458 0.16204369665368965
0 0.26314981608049626 0.6034101373758802 0.14734880935708983 0.1809210306460784
0 0.5377459953453176 0.11015086319277348 0.16731586401972648 0.1520612015966055
0 0.3178698473504083 0.13867381672936427 0.170877216024817 0.18968853558899426
0 0.7267845073997242 0.5184448187437116 0.1773635733609078 0.21025570357377177
0 0.7542026247612684 0.7272759906828219 0.16133858402290785 0.175244033611828
0 0.6322998054184961 0.6528105484777565 0.1646635786919079 0.19255886760421675
0 0.6121471060232262 0.19595571201390988 0.16003062269254437 0.19705536661563353
0 0.5892657787237245 0.4441239565767024 0.1536169906906352 0.1827381986308559
0 0.648194788709407 0.3411063859301865 0.152127216024817 0.18892453163466155
0 0.5981622574394951 0.8060337075652855 0.13497607869190792 0.1913491946765234
0 0.6744338561027681 0.7841533903788107 0.13953630935708983 0.18060269566510634
0 0.4310147373488175 0.13157092395345765 0.1599760786919079 0.19236786661563351
0 0.2137096060232262 0.17972062798434005 0.1599760786919079 0.19236786661563351