2 0.5453125 0.3484375 0.11640625 0.15546875
1 0.475 0.6234375 0.1203125 0.16796875
1 0.39765625 0.86640625 0.1328125 0.17265625
2 0.66171875 0.78671875 0.13203125 0.16484375
2 0.75703125 0.80390625 0.096875 0.17265625
0 0.5765625 0.16953125 0.1140625 0.1453125
0 0.7015625 0.14453125 0.1296875 0.1390625
0 0.3046875 0.7546875 0.1328125 0.190625
2 0.703125 0.4328125 0.09765625 0.1375
2 0.68046875 0.5453125 0.1140625 0.12109375
2 0.26640625 0.6046875 0.1203125 0.14765625
2 0.34375 0.509375 0.109375 0.1421875
2 0.43046875 0.5171875 0.0953125 0.14765625
2 0.1953125 0.553125 0.08203125 0.14140625
2 0.146875 0.66484375 0.08671875 0.13984375
0 0.534375 0.7609375 0.11875 0.18359375
2 0.42109375 0.72734375 0.10546875 0.13984375
2 0.77109375 0.48515625 0.0984375 0.15234375
1 0.5890625 0.60625 0.0984375 0.14765625
0 0.73359375 0.6109375 0.096875 0.1171875