1 0.3046875 0.5484375 0.18125 0.2390625
0 0.3890625 0.36953125 0.20625 0.253125
0 0.55390625 0.434375 0.17265625 0.25625
2 0.77734375 0.77265625 0.1703125 0.25390625
2 0.5671875 0.71953125 0.159375 0.21484375
2 0.4109375 0.6625 0.15703125 0.1953125
2 0.18125 0.59296875 0.11015625 0.1765625
2 0.2765625 0.71953125 0.121875 0.14765625
2 0.92578125 0.7484375 0.1484375 0.215625
0 0.925 0.56015625 0.14921875 0.21953125
2 0.5046875 0.8515625 0.12109375 0.1640625
2 0.38515625 0.0703125 0.10625 0.140625
2 0.646875 0.79375 0.140625 0.20390625