0 0.521875 0.47734375 0.0421875 0.0578125
1 0.4640625 0.45234375 0.03125 0.0484375
2 0.49609375 0.45078125 0.0328125 0.04609375
0 0.55703125 0.484375 0.03203125 0.05625
0 0.515625 0.41953125 0.0375 0.05546875
0 0.29609375 0.884375 0.0375 0.05625
2 0.334375 0.8796875 0.03828125 0.05390625
0 0.378125 0.93828125 0.03984375 0.05546875
2 0.40390625 0.975 0.03828125 0.05
0 0.4796875 0.41796875 0.0328125 0.0390625
2 0.4703125 0.5296875 0.028125 0.0359375
2 0.4828125 0.48359375 0.0234375 0.03203125
1 0.65625 0.2796875 0.025 0.03515625
0 0.259375 0.27578125 0.0296875 0.03828125
2 0.27890625 0.31015625 0.02265625 0.0265625
1 0.24453125 0.3109375 0.0265625 0.0234375
0 0.684375 0.2015625 0.0296875 0.03203125
0 0.64375 0.18203125 0.02734375 0.028125
2 0.65 0.209375 0.01875 0.0203125
2 0.6359375 0.24140625 0.01953125 0.028125
2 0.6921875 0.24375 0.02265625 0.0265625
2 0.346875 0.9375 0.0265625 0.04296875
0 0.01640625 0.97109375 0.03203125 0.0578125
1 0.8953125 0.98203125 0.028125 0.0359375
2 0.86015625 0.96953125 0.03046875 0.0328125
2 0.85546875 0.93671875 0.025 0.03203125
2 0.92890625 0.746875 0.02734375 0.03046875