2 0.1234375 0.3953125 0.0203125 0.021875
2 0.490625 0.165625 0.01640625 0.0234375
0 0.5828125 0.41796875 0.01875 0.01953125
0 0.5515625 0.7015625 0.01875 0.0234375
0 0.55625 0.68671875 0.01640625 0.02265625
0 0.2734375 0.55625 0.015625 0.01640625
0 0.3890625 0.1109375 0.0203125 0.02421875
0 0.3328125 0.31875 0.015625 0.015625
0 0.32578125 0.3046875 0.0125 0.015625
2 0.2890625 0.35078125 0.01171875 0.01171875
2 0.28828125 0.3375 0.00859375 0.0140625
2 0.296875 0.34296875 0.009375 0.01171875
2 0.25 0.34609375 0.009375 0.0109375
1 0.275 0.575 0.01484375 0.01484375
0 0.26171875 0.56875 0.0140625 0.01953125
2 0.2765625 0.54296875 0.0125 0.015625
0 0.371875 0.60859375 0.01640625 0.0234375
1 0.38203125 0.5625 0.01484375 0.0171875
1 0.421875 0.70625 0.0140625 0.01875
1 0.44296875 0.7734375 0.0125 0.021875
0 0.40859375 0.71640625 0.01484375 0.0203125
0 0.53984375 0.7484375 0.0140625 0.01953125
0 0.56953125 0.69296875 0.0125 0.0265625
0 0.690625 0.6109375 0.015625 0.0203125
2 0.73125 0.65390625 0.0125 0.01875
0 0.7375 0.640625 0.01484375 0.021875
2 0.65234375 0.578125 0.01171875 0.015625
1 0.6625 0.5890625 0.0109375 0.0125
2 0.98125 0.5109375 0.0203125 0.0265625
2 0.96015625 0.509375 0.0203125 0.02734375
2 0.97265625 0.4046875 0.0140625 0.01640625
2 0.91484375 0.3703125 0.0140625 0.01875
2 0.9265625 0.3703125 0.0109375 0.01484375
2 0.93203125 0.35859375 0.0125 0.0125
2 0.896875 0.4 0.0109375 0.015625
2 0.9875 0.37109375 0.0140625 0.01953125
2 0.99375 0.3578125 0.0125 0.01875
2 0.97890625 0.43046875 0.0109375 0.01484375
2 0.98671875 0.4171875 0.01484375 0.0171875
2 0.9515625 0.4078125 0.01171875 0.01640625
2 0.8828125 0.471875 0.01171875 0.015625
2 0.871875 0.465625 0.0125 0.0140625
2 0.8234375 0.45859375 0.01484375 0.01484375
2 0.8109375 0.20390625 0.009375 0.01484375
0 0.821875 0.18515625 0.01640625 0.01875
2 0.77734375 0.19375 0.0171875 0.01640625
0 0.78125 0.17578125 0.0140625 0.01953125
0 0.7640625 0.1625 0.015625 0.0140625
2 0.690625 0.23828125 0.0234375 0.0296875
1 0.66640625 0.21484375 0.0203125 0.025
2 0.834375 0.20703125 0.01171875 0.0140625
2 0.8328125 0.1921875 0.01171875 0.015625
0 0.915625 0.05390625 0.021875 0.03203125
0 0.88359375 0.03671875 0.021875 0.034375
0 0.8421875 0.0234375 0.0234375 0.02734375
0 0.89921875 0.02421875 0.0171875 0.02265625
0 0.9734375 0.05625 0.015625 0.021875
2 0.85 0.04609375 0.0203125 0.02734375
2 0.865625 0.05703125 0.01953125 0.0265625
2 0.821875 0.01875 0.0203125 0.02265625
1 0.67421875 0.0546875 0.0125 0.015625
0 0.678125 0.03671875 0.0125 0.0125
0 0.65703125 0.06953125 0.0140625 0.01484375
0 0.575 0.00703125 0.015625 0.0140625
2 0.01328125 0.31875 0.01640625 0.01953125
2 0.0203125 0.34609375 0.0140625 0.01875
2 0.028125 0.33125 0.015625 0.0203125
2 0.04140625 0.34296875 0.01484375 0.01953125
2 0.0109375 0.3 0.015625 0.0171875
2 0.01328125 0.55859375 0.01484375 0.01953125
2 0.01796875 0.58671875 0.01640625 0.021875
2 0.121875 0.3765625 0.0140625 0.015625
2 0.0359375 0.19140625 0.01171875 0.0171875
2 0.10234375 0.1078125 0.0109375 0.0140625
2 0.13828125 0.37109375 0.0125 0.015625
2 0.009375 0.11328125 0.0125 0.015625
2 0.1296875 0.83359375 0.01171875 0.01640625
2 0.115625 0.784375 0.01171875 0.01484375
2 0.109375 0.8 0.0140625 0.0140625
2 0.096875 0.8078125 0.01171875 0.0140625
2 0.190625 0.46171875 0.0140625 0.0125
2 0.19375 0.446875 0.01171875 0.0171875
2 0.2015625 0.4375 0.01171875 0.015625
2 0.0671875 0.4609375 0.0125 0.01953125
2 0.0734375 0.44375 0.015625 0.01640625
2 0.0796875 0.46953125 0.0140625 0.01484375
2 0.0875 0.45546875 0.0140625 0.01875
0 0.3125 0.21796875 0.015625 0.01953125
2 0.49921875 0.190625 0.0171875 0.02421875
2 0.51796875 0.19296875 0.0125 0.01875
2 0.48359375 0.19375 0.0140625 0.01953125
2 0.46953125 0.18359375 0.01484375 0.021875