1 0.3595270744482022 0.5466886395798645 0.2840033370394298 0.2178597038861602
2 0.44924758371978024 0.3869989623677248 0.2291976623713948 0.19500009263745516
2 0.7090589209556019 0.44991837758815245 0.26354539129415605 0.19191363399378397
2 0.5174219085607659 0.6878122915657258 0.2071590359079618 0.16585624813797323
2 0.7645418273750685 0.5840900163394475 0.18217721662612102 0.16781685442427943
2 0.7588599748175445 0.6820373647678709 0.20699540944452863 0.13773124813797324
0 0.9065747912707149 0.5509050270928144 0.1760363009350762 0.18627575599585597
2 0.7550930627407372 0.3032038893749768 0.19302381303532493 0.15270127667402048
2 0.9130388642158909 0.35210365405728516 0.17392227156821818 0.1580779813887502
2 0.8390589965821544 0.22896156059126044 0.16472609621281223 0.12170383374611501
2 0.6084832457965875 0.7585913643535861 0.1741647287263694 0.1330779813887503