0 0.42734375 0.521875 0.23359375 0.18828125
0 0.64765625 0.5390625 0.271875 0.2046875
2 0.5453125 0.2203125 0.1734375 0.13984375
1 0.63125 0.046875 0.18828125 0.09375
2 0.259375 0.2671875 0.14140625 0.1171875
2 0.26875 0.3859375 0.15 0.1109375
2 0.41015625 0.24375 0.15234375 0.12890625
2 0.63515625 0.12578125 0.1828125 0.14140625
2 0.55 0.3125 0.15703125 0.10546875
2 0.103125 0.26640625 0.12890625 0.1
2 0.8796875 0.25234375 0.16328125 0.1203125
2 0.90859375 0.35625 0.175 0.12578125
2 0.98671875 0.7875 0.0265625 0.0984375
2 0.54375 0.6375 0.15703125 0.12109375