0 0.2503145614153207 0.18698420830063495 0.05999573821317572 0.04855717194503919
0 0.2736512841221278 0.6239924633151999 0.05672518899896399 0.045341243731793844
0 0.448133361458102 0.47926132185326165 0.05003854135632881 0.03578438730530316
2 0.6328273467757937 0.3162886457515873 0.03419521753501122 0.030642246239076344
2 0.6154750268834175 0.3370785188711255 0.04698631596343468 0.03725595909205772
2 0.5283388999189468 0.33181200884199563 0.029143844499482086 0.022693353919208282
2 0.4557296916895604 0.45017321542677086 0.0371746683207995 0.027608174452321776
2 0.29727060484307344 0.9041740568095669 0.053600188998963995 0.04525031551854823
2 0.292360472916204 0.9760945209161896 0.05287244292790545 0.029625315518548235
2 0.23995041046742588 0.8785352108079174 0.04527826674922295 0.034085494985435005
0 0.7044004780834905 0.48818872631383065 0.03695634449948208 0.022920674452321776
0 0.5896381189017001 0.3557746945770884 0.04215326674922295 0.03399456677218975
0 0.347521355252849 0.11003761190327406 0.04727741439185813 0.04350595909205777
2 0.2534864873891154 0.5879102108079174 0.04066354135632881 0.035511602665567035
1 0.4300576036002191 0.44857962318604516 0.03390411910658777 0.02439224623907634
2 0.32045566356779787 0.5906427542231422 0.04640411910658786 0.024755959092057724
2 0.3178379317647629 0.6133444683297647 0.040517992142117085 0.03238660266556703
2 0.2825339784977753 0.6510406966221524 0.036883569892376136 0.021358174452321778
2 0.6872472113342674 0.5214558673800573 0.030706344499482084 0.022738818025830908
2 0.2594944689872626 0.9614469992085771 0.0486943651776464 0.040426423198680436
1 0.33591141977305083 0.9623442579840658 0.05545378742738745 0.051545779625171304
2 0.32935535877201483 0.9188443105704905 0.04059076674922295 0.03394910266556721
2 0.4145203407799375 0.497403568092338 0.03085189371369381 0.02586381802583091
2 0.23999972208763448 0.6764642454476535 0.035539393713693725 0.02600021034569906
2 0.22321032837394075 0.7019188865138803 0.032268844499481995 0.022784282132453627
2 0.21038499669474028 0.6757655634734844 0.029362168320799586 0.027380853919208192
0 0.09321688316972372 0.37724079842978964 0.01955052067816445 0.017733069279472158
2 0.4394584522335304 0.04572740782578124 0.035539393713693815 0.026000210345698993
2 0.3725297398703148 0.5446566528112162 0.030633569892376134 0.02117631802583091