0 0.35703125 0.56171875 0.02265625 0.02734375
0 0.47578125 0.415625 0.01640625 0.01953125
0 0.4796875 0.4015625 0.01484375 0.021875
2 0.62265625 0.190625 0.01640625 0.02734375
2 0.259375 0.4609375 0.0171875 0.025
2 0.0859375 0.52265625 0.01953125 0.02421875
1 0.3484375 0.51015625 0.01875 0.0265625
1 0.34765625 0.5109375 0.0171875 0.02421875
1 0.60078125 0.1859375 0.01875 0.02421875
1 0.36640625 0.53828125 0.01484375 0.0234375
0 0.3375 0.56484375 0.01875 0.0265625
0 0.3828125 0.60625 0.0140625 0.01953125
2 0.121875 0.50859375 0.015625 0.021875
2 0.37578125 0.559375 0.015625 0.02265625
2 0.30703125 0.5234375 0.01640625 0.021875
2 0.10859375 0.5234375 0.01875 0.0234375
2 0.09375 0.54296875 0.01953125 0.0234375
2 0.309375 0.46953125 0.0140625 0.01875
2 0.33515625 0.53984375 0.0171875 0.01875
2 0.32109375 0.51640625 0.01484375 0.01953125
2 0.353125 0.53203125 0.01640625 0.0234375
2 0.33125 0.5078125 0.01640625 0.021875
1 0.5140625 0.54921875 0.0125 0.01640625
1 0.71328125 0.5828125 0.01484375 0.015625
0 0.50234375 0.43515625 0.0125 0.01875
2 0.57734375 0.425 0.01484375 0.0203125
2 0.57421875 0.40546875 0.01171875 0.01484375
0 0.57890625 0.39453125 0.0140625 0.0140625
1 0.58671875 0.4109375 0.0140625 0.01953125
0 0.88828125 0.29375 0.01875 0.025
0 0.9921875 0.584375 0.015625 0.02265625
0 0.8734375 0.0109375 0.01484375 0.0203125
2 0.1125 0.5421875 0.01640625 0.01953125
2 0.03046875 0.3890625 0.01953125 0.02265625
2 0.009375 0.4203125 0.01171875 0.01875
2 0.015625 0.40078125 0.0140625 0.0203125
2 0.02421875 0.41796875 0.01484375 0.01953125
2 0.0953125 0.50625 0.0140625 0.01875
2 0.1046875 0.48125 0.01640625 0.01953125
2 0.2125 0.48125 0.01484375 0.021875
2 0.30625 0.453125 0.01484375 0.021875
2 0.33046875 0.7359375 0.0125 0.01875
2 0.14609375 0.25859375 0.01875 0.0234375
2 0.1640625 0.259375 0.015625 0.02265625
1 0.721875 0.59921875 0.01640625 0.01640625
2 0.66640625 0.6390625 0.0125 0.01953125
2 0.7140625 0.5265625 0.01484375 0.0171875
0 0.76875 0.4015625 0.01484375 0.01640625
1 0.828125 0.44921875 0.01171875 0.015625
2 0.8421875 0.45078125 0.0140625 0.01875
2 0.66328125 0.390625 0.0140625 0.015625
2 0.65703125 0.3796875 0.0125 0.01484375
2 0.6078125 0.196875 0.01484375 0.01953125
2 0.903125 0.3015625 0.01875 0.0234375
2 0.9859375 0.60546875 0.0171875 0.01953125
1 0.97734375 0.58046875 0.015625 0.0203125
2 0.965625 0.53984375 0.0140625 0.01875
2 0.97578125 0.553125 0.0125 0.015625
2 0.10625 0.2125 0.01640625 0.02265625
2 0.06796875 0.378125 0.01484375 0.0171875
2 0.2109375 0.49921875 0.015625 0.01640625
2 0.13984375 0.63359375 0.01640625 0.021875
2 0.515625 0.53359375 0.01171875 0.01640625
2 0.50234375 0.55390625 0.0109375 0.015625
2 0.50390625 0.56640625 0.0140625 0.01171875
2 0.48203125 0.5890625 0.00859375 0.01171875