1 0.5647411516458887 0.7089236876484315 0.2574408370394298 0.21363594718226028
0 0.37839965154769273 0.6375595752198943 0.27478287314378347 0.2407986479078998
0 0.42627004586691086 0.4681027362898199 0.2745919756031114 0.2079861479078998
2 0.7410512051150477 0.22123025860715648 0.27144879488495216 0.2047520205032381
2 0.7085512807416003 0.43498273456053943 0.23230448165323558 0.18932542794496676
2 0.6677666785768599 0.5953101101511026 0.21196471057599683 0.18392859981466553
2 0.6210860795353774 0.8288840127835077 0.1882363190854491 0.13311014427970277
2 0.7373383143118711 0.7251092267559911 0.16016586123992677 0.14150299763774737
2 0.7019483193800367 0.0924951341977197 0.23047836123992677 0.1439583642426358
0 0.514389232046019 0.09610373991801699 0.2337215359079618 0.16437999164729752
2 0.8465507296101322 0.4882491222168201 0.177371541958086 0.14522819836338668
2 0.08053886846840132 0.6623214399258662 0.15226245764913054 0.12560517912609298
2 0.7746807956705191 0.3505556600584353 0.21812380698520056 0.16852185462398897