0 0.5657412709193574 0.5436928750557716 0.2543953301668678 0.2130570514063251
1 0.599166845320474 0.7125993839530201 0.21722952283992142 0.18815521049385425
1 0.339169884102912 0.31054615813612685 0.24568871551297528 0.16592738342154742
2 0.3464623264372815 0.559811329086654 0.22496013568479167 0.18691104547482595
1 0.49477815920614104 0.9288830047143606 0.21460248982323477 0.14223399057127892
0 0.4206921217784402 0.42817400992301274 0.2677341338757694 0.14031988836446346
0 0.4881064303485818 0.1576824377936221 0.2400938127540133 0.17817271543676996
2 0.7261940920411136 0.5893767426599883 0.18112824852966192 0.18356586958138302
2 0.42453533751855793 0.6984374303792483 0.1839323439616777 0.14781937056996633
2 0.26676710312239016 0.7061013972617121 0.18491498982323468 0.16656937056996632
0 0.20993168419376906 0.4759562994291587 0.20719278154634874 0.20489704152049343
2 0.7526536092268257 0.12931599315427986 0.19281602103089918 0.1388263725471326
2 0.42447670454729974 0.8041290148659286 0.1921609237898611 0.12632637254713258
2 0.31861180687672036 0.867146326615196 0.18384381275401324 0.17588070357377178