1 0.4796875 0.16875 0.125 0.1765625
2 0.35078125 0.2703125 0.13671875 0.18671875
0 0.3140625 0.5390625 0.1453125 0.171875
0 0.43046875 0.390625 0.134375 0.18125
1 0.653125 0.8390625 0.09765625 0.1265625
1 0.7375 0.81640625 0.0796875 0.115625
2 0.25625 0.21953125 0.11328125 0.15625
2 0.22578125 0.4359375 0.10859375 0.14765625
2 0.76640625 0.896875 0.084375 0.10546875
2 0.60078125 0.9125 0.0765625 0.0921875
2 0.51484375 0.30390625 0.08984375 0.1328125
2 0.3828125 0.06171875 0.103125 0.1234375
2 0.6546875 0.5125 0.06640625 0.0953125
2 0.7765625 0.5 0.071875 0.0859375