0 0.5652742814348071 0.43333573422126737 0.3338991236990042 0.30019349527549455
1 0.5825038042747286 0.2533754157096131 0.2883476062861495 0.26429071161023054
1 0.354686504976841 0.7167459788637898 0.309403734734852 0.24942960344286255
2 0.33542632915081494 0.4592980666127377 0.2961601062861495 0.26456353012188494
1 0.45256840004542853 0.0793997794040947 0.2636131999091429 0.1587995588081894
0 0.4257503567404347 0.5809151170682247 0.3240460888732951 0.2312252404661713
0 0.5249470160581174 0.8457092486492377 0.30997694482076027 0.26036710344286257
2 0.7268945341483406 0.3551685502858509 0.25002873473485215 0.2473561827542901
2 0.4029081575086604 0.30253714592416514 0.24025094301173802 0.20958336424263582
2 0.23724553595736286 0.3239186165200705 0.24764736318355451 0.23167661905195924
0 0.20239142186929718 0.5723387583527024 0.28439709068231733 0.2781895205032381
2 0.7998618068767204 0.8228520688901725 0.24625528154634857 0.20511411905195906
2 0.3921930647901782 0.1945163147986392 0.2424751843053107 0.19250499164729754
2 0.27532314733189506 0.1479091880269497 0.2480567989592033 0.23948911905195924