0 0.0546875 0.18046875 0.103125 0.08515625
2 0.3890625 0.1734375 0.090625 0.0703125
1 0.21015625 0.2609375 0.0953125 0.07109375
0 0.14375 0.4 0.09453125 0.06640625
0 0.11796875 0.3 0.090625 0.08515625
0 0.58046875 0.4421875 0.11015625 0.07109375
0 0.71171875 0.45390625 0.0828125 0.06953125
0 0.3703125 0.94921875 0.11875 0.084375
0 0.6828125 0.8171875 0.1015625 0.0734375
2 0.35625 0.7453125 0.09296875 0.071875
2 0.4203125 0.56640625 0.07734375 0.06640625
2 0.39375 0.4515625 0.07734375 0.065625
2 0.25078125 0.37421875 0.096875 0.0625
2 0.8078125 0.778125 0.08671875 0.0765625
2 0.6125 0.2515625 0.07734375 0.06171875
0 0.584375 0.13046875 0.09375 0.065625
2 0.775 0.6046875 0.0875 0.0625
2 0.8 0.678125 0.06640625 0.0546875
2 0.7296875 0.5328125 0.08515625 0.05546875
2 0.8828125 0.65 0.0765625 0.05859375
2 0.34140625 0.628125 0.07890625 0.05390625
2 0.196875 0.45859375 0.08125 0.06328125
2 0.50078125 0.403125 0.09375 0.0578125
2 0.3828125 0.38203125 0.07421875 0.05859375
2 0.34921875 0.8421875 0.07734375 0.05859375
2 0.5453125 0.8921875 0.0734375 0.065625
2 0.090625 0.85546875 0.0734375 0.05859375
2 0.090625 0.80390625 0.0765625 0.040625
2 0.1125 0.775 0.07890625 0.0515625
2 0.10078125 0.915625 0.09375 0.053125
2 0.2546875 0.74921875 0.07890625 0.059375
2 0.184375 0.8203125 0.084375 0.05859375
2 0.4546875 0.628125 0.07890625 0.05546875
2 0.40859375 0.3125 0.0671875 0.05625
2 0.25625 0.31171875 0.09296875 0.0640625
2 0.18828125 0.33125 0.06328125 0.06171875
2 0.04140625 0.29609375 0.07109375 0.059375
2 0.33828125 0.1390625 0.090625 0.0703125
2 0.14453125 0.1171875 0.09765625 0.06875
2 0.2515625 0.1234375 0.0828125 0.065625
2 0.665625 0.33671875 0.08125 0.0640625
2 0.765625 0.41875 0.0875 0.053125
2 0.86640625 0.5578125 0.0828125 0.06953125
2 0.87265625 0.440625 0.08125 0.06328125
2 0.5640625 0.9515625 0.08125 0.0671875
2 0.1609375 0.87265625 0.07890625 0.05390625
2 0.21484375 0.52265625 0.0703125 0.0484375
2 0.52578125 0.36015625 0.065625 0.0484375
2 0.55 0.265625 0.06640625 0.05078125
2 0.59140625 0.30625 0.06953125 0.05
2 0.4546875 0.35234375 0.07109375 0.053125
2 0.49921875 0.58828125 0.08203125 0.05546875
2 0.490625 0.5375 0.0671875 0.05
2 0.6359375 0.58828125 0.0703125 0.059375
2 0.69921875 0.621875 0.0875 0.06171875
2 0.39296875 0.6640625 0.0828125 0.0546875
2 0.2828125 0.659375 0.0625 0.0515625
0 0.1640625 0.7046875 0.0703125 0.0546875
2 0.171875 0.65859375 0.0703125 0.0515625
2 0.0625 0.6296875 0.07421875 0.05
2 0.06796875 0.6828125 0.07890625 0.05078125
2 0.09453125 0.71953125 0.0734375 0.04765625
2 0.4625 0.7625 0.059375 0.0453125
2 0.459375 0.8125 0.078125 0.0484375
2 0.6546875 0.909375 0.0703125 0.0578125
2 0.8171875 0.959375 0.05859375 0.04375
2 0.72109375 0.94296875 0.06328125 0.04609375
0 0.84375 0.240625 0.078125 0.059375
2 0.86015625 0.18671875 0.07890625 0.05625
2 0.78046875 0.23203125 0.071875 0.059375
2 0.70234375 0.17890625 0.0765625 0.05390625
2 0.5671875 0.06796875 0.07421875 0.06328125
2 0.69453125 0.071875 0.0734375 0.06171875
2 0.425 0.0609375 0.06640625 0.05078125
2 0.346875 0.0734375 0.0703125 0.05078125
2 0.471875 0.17265625 0.08125 0.065625
2 0.471875 0.1109375 0.07421875 0.05859375
0 0.06953125 0.24375 0.10625 0.05390625
0 0.13359375 0.20703125 0.06875 0.0625
0 0.05078125 0.4515625 0.08984375 0.065625
2 0.55546875 0.68671875 0.0671875 0.05078125
0 0.58671875 0.64296875 0.0765625 0.06171875
0 0.5828125 0.784375 0.0734375 0.059375
0 0.80859375 0.89765625 0.0796875 0.06875
0 0.7875 0.1328125 0.07421875 0.06875
0 0.74140625 0.2796875 0.09296875 0.0625
2 0.8765625 0.72734375 0.0875 0.075
2 0.6515625 0.70390625 0.0703125 0.0546875
2 0.425 0.7171875 0.071875 0.05546875
2 0.23046875 0.87265625 0.0703125 0.0578125
2 0.6125 0.8453125 0.06875 0.0515625
2 0.34375 0.22734375 0.08203125 0.0546875
2 0.47578125 0.24453125 0.0703125 0.05
1 0.834375 0.3125 0.07421875 0.06640625
0 0.70390625 0.675 0.06875 0.05546875
0 0.3265625 0.684375 0.06640625 0.046875