1 0.4652703629384371 0.4990228025199178 0.3856167237831947 0.3328773138026889
0 0.608744993163055 0.6493901785424498 0.39993379692145864 0.34422399076229304
0 0.821446974545694 0.5461301008832005 0.33986781268902816 0.312808854710631
2 0.7931836894951735 0.18178044437756738 0.282963196047778 0.28304714687221455
0 0.2913217570307634 0.6167007328447343 0.3544030913743753 0.33353053167023533
0 0.5549381538759721 0.20690115017091984 0.3265677256830557 0.27807014185764967
2 0.23784799886263822 0.7980811134861197 0.34728026918604193 0.2958486752437445
2 0.42300163602111035 0.9293645542357772 0.29255378875333343 0.14127089152844546
2 0.5998362397445826 0.9542629173261858 0.23059799620027785 0.0914741653476284
2 0.22380106981670062 0.9257417975718599 0.284777656344514 0.1485164048562801
2 0.5594951012549302 0.3805887027573446 0.31399499050069474 0.2745814290046681
1 0.7789906368741317 0.35492242768452 0.3394314015948613 0.29405885471063103