1 0.3979849621220732 0.38827012041964376 0.25675676956056115 0.32042312188998173
2 0.560829120873929 0.4649598524409623 0.2271644448207603 0.2612185402527761
2 0.5085451673467414 0.7301411171402833 0.228884075078485 0.29403104025277604
2 0.2637726571699761 0.5575003980092637 0.19460425033868428 0.23458079715018093
2 0.37735272105564305 0.7969048139972086 0.19329405585660825 0.20958079715018094
2 0.2793279788575592 0.7988181168015991 0.16787797602842475 0.23006371551297528
0 0.416527006447179 0.9165711035726162 0.20974457146044045 0.1668577928547677
2 0.6571121421319708 0.7653460340327396 0.17972287878738663 0.2182188127540133
2 0.6149611844209117 0.9135252083326568 0.18186523292582973 0.17294958333468635
2 0.7345543894184373 0.8422604160994867 0.14371013568479168 0.18516729534115867
2 0.1967721856641071 0.6550471053816385 0.15678334577069997 0.19675989258219673