0 0.39116518073676954 0.5253708612260073 0.03168635200509069 0.038227351823611144
0 0.5142652313812706 0.3649990185204518 0.023801126670909056 0.03179551386770836
0 0.5305169400461343 0.3520996282278476 0.022238626670908878 0.03175914627652787
0 0.3090590160327712 0.24853429787138914 0.022202264003817973 0.028634146276527783
0 0.3522732140356347 0.2706281566288545 0.020585220003181703 0.02391027868534721
0 0.3683271174013151 0.5092185311538893 0.02850680800445433 0.033467116641249996
2 0.37177938140513306 0.5374162663362503 0.028524989337999785 0.03502961664125
2 0.6592077507558596 0.6721965355222922 0.025363626670909058 0.03183188145888884
0 0.8484311460454979 0.35481293303309097 0.028470445337363516 0.030342116641249993
0 0.8386930667170432 0.39051404369041737 0.023728401336727246 0.02554551386770836
0 0.851820322724361 0.4447112344198619 0.022202264003817973 0.028634146276527873
0 0.7650128554264503 0.7035575979269797 0.018986357336090796 0.020748911094166544
0 0.7527764847628593 0.7259229071975353 0.018968176002545432 0.019186411094166543
0 0.4792940787714498 0.7828216449453477 0.020603401336727244 0.025472778685347208
0 0.48884180144013145 0.7978836004924309 0.017442038669636162 0.022275043502986237
1 0.6501338374442677 0.8320982123840283 0.017442038669636162 0.022275043502986237
0 0.5146690521164492 0.8695592319513199 0.017442038669636162 0.02227504350298588
0 0.7646134134309046 0.7363519141313896 0.01900453866963616 0.022311411094166546
0 0.7526128527609502 0.7118604071975353 0.017405676002545434 0.019150043502986235
0 0.675795814091314 0.6882033952296881 0.017442038669636162 0.022275043502986237
2 0.673024802752996 0.6514300938429172 0.020585220003181703 0.02391027868534721
2 0.6940276460852688 0.6441085563238548 0.018968176002545432 0.019186411094166723
2 0.7001140140833598 0.6301915266885769 0.01900453866963616 0.022311411094166723
2 0.6758134480824053 0.6225965790252783 0.018986357336090796 0.02074891109416672
2 0.6579537860836779 0.6315533517267019 0.01904090133672707 0.025436411094166545
2 0.6504776407542687 0.660277763770799 0.01900453866963616 0.022311411094166546
0 0.9383668973981333 0.4990552019347924 0.015824994668999892 0.01755117591180557
2 0.8515839653882702 0.42439873441986187 0.022147720003181704 0.023946646276527872
0 0.888206549450949 0.886844836243473 0.017405676002545077 0.01915004350298588
2 0.8935025767822674 0.872128372812605 0.017405676002545434 0.01915004350298588
2 0.899925299450949 0.8871175931773271 0.014280676002545078 0.01907730832062491
2 0.741504819462085 0.9654393488769102 0.0174238573360908 0.020712543502985882
2 0.684954280116131 0.8711795493900005 0.0174238573360908 0.020712543502986236
2 0.6684662141151765 0.8637664396826047 0.015824994668999892 0.01755117591180557
0 0.40100325739972414 0.49826350056868096 0.026944308004454243 0.03343074905006951
0 0.529254432049634 0.37784451063666713 0.01900453866963616 0.022311411094166723
2 0.5956152287157706 0.3754838832618408 0.01586135733609062 0.020676175911805574
0 0.5867749360279987 0.2198514791015283 0.017442038669636162 0.022275043502986057
0 0.33567606003340755 0.2538400469214586 0.020603401336727067 0.025472778685347208
0 0.3304254860359529 0.2724627603523267 0.019022720003181705 0.02387391109416672
2 0.32469310669954393 0.2496792237831947 0.019040901336727156 0.025436411094166722
2 0.19850277669477143 0.2115953826931599 0.020603401336727157 0.025472778685347208
2 0.21328289202736234 0.20647212480937518 0.01900453866963616 0.022311411094166633