0 0.44328614229596813 0.5027870940715127 0.21392363466105593 0.17620901775758924
0 0.43937494701262436 0.39111379586691086 0.17393355172143127 0.1494192587805987
0 0.6135515130772079 0.5478809045727548 0.2010962524470706 0.16676129488495217
2 0.5722494451985257 0.4333007749860637 0.2089087524470706 0.1668067466803503
2 0.22121515782024676 0.8899381570086418 0.1562004146981227 0.1336942648307229
2 0.9216864831249592 0.17897532670670707 0.1497520072563944 0.17271131303532483
2 0.17825882070427096 0.8003625726014905 0.13405259618646842 0.12575449980360814
2 0.4104513057281466 0.6154552657144856 0.15581846878180663 0.12275676483072288
2 0.9151338604448027 0.5008230556294683 0.1385218413771451 0.11953177088084707
2 0.3975544577275795 0.783464922330344 0.12591271397248338 0.11633404800821019
2 0.28212291988596433 0.7114949944408552 0.128764895460829 0.10853972872636941
2 0.28319185736475977 0.7927222685431561 0.13188989546082902 0.10855790944452863
2 0.3386035544622022 0.8611359252572102 0.13846727767481415 0.11796927088084708
2 0.1718724776826634 0.31221767798768474 0.11733632213985139 0.09441359621281205
2 0.21541165735691062 0.36273530757437583 0.08677580290255768 0.06924087939029935
2 0.5669617775899962 0.20447179303824053 0.13572422359113023 0.12888859016268786
2 0.449786591122691 0.8534592597625572 0.1110863221398514 0.09437723477649343
2 0.5216789824071688 0.628867805040293 0.1544196598887993 0.12743517447164338
2 0.6401462402117172 0.6586411425707024 0.15124009618646853 0.12585449375348395
2 0.4023733885829531 0.9138791301758662 0.12224207694917481 0.10069086729005079
2 0.5009696344066018 0.7969229134515494 0.12542164065150557 0.10227154800821019