0 0.3549683640148451 0.5402753474524129 0.12986465940862688 0.1715525961864685
0 0.19841786949162848 0.894548641284478 0.1331715158351176 0.17791172359113006
0 0.4882820030360079 0.8233383625133552 0.12352373119538154 0.1682093413771451
0 0.3704412851684615 0.7879415211362103 0.13914873119538154 0.16875497840045348
0 0.22758985860456882 0.6445312831171097 0.12334187476889084 0.1619593413771451
0 0.3133083982588698 0.6819345685964724 0.12784751834240007 0.15587303248413775
0 0.5863307096207832 0.7595065302067029 0.1296828029821361 0.16530259618646853
0 0.5486645397208081 0.5220139646902735 0.11084187476889085 0.16152283175849824
0 0.317589350620503 0.26603675008481803 0.11980769780928666 0.1477877139724833
0 0.4288223673135504 0.25975452295030876 0.11140416442319179 0.127202395460829
0 0.2474202884671668 0.5005456701404183 0.10882473370266395 0.1458432680561673
0 0.6299801065595048 0.9408085715916972 0.1336883413827959 0.11838285681660565
0 0.40833242709261813 0.9326513146517892 0.1321713054894186 0.1346973706964217
0 0.7129088961472988 0.5214931534350133 0.13276233887551356 0.16384922359113024
0 0.6890862659016246 0.3188939430907271 0.12404055674305994 0.13232640507947585
0 0.5895970797708204 0.4053547435462141 0.12463159012915473 0.15263890507947586
0 0.6784750940230924 0.8448388841977197 0.12012594655564542 0.1587252139724832
0 0.5977265138565606 0.6097520668671917 0.11351223370266403 0.14600695916315978
0 0.6787515418323791 0.7009524749418926 0.11369409012915473 0.1522569591631598
0 0.5209644032069277 0.26453628138782925 0.09517141066226813 0.1594146947351896
0 0.598839350620503 0.27585821650437203 0.10105769780928675 0.14713294954451311
0 0.5195427117323541 0.927289219414779 0.11842705423577726 0.145421561170442
0 0.2995939245853357 0.9113765319359836 0.11681909012915473 0.15236608656782166