1 0.478125 0.72890625 0.25625 0.2921875
1 0.61796875 0.81171875 0.221875 0.2359375
2 0.40703125 0.4203125 0.2015625 0.2515625
1 0.53125 0.5671875 0.23046875 0.26484375
0 0.46953125 0.31875 0.22734375 0.253125
0 0.6671875 0.625 0.215625 0.27734375
0 0.61015625 0.42578125 0.2046875 0.234375
2 0.3375 0.18203125 0.196875 0.22734375
2 0.128125 0.12890625 0.16328125 0.12890625
2 0.0515625 0.16328125 0.09765625 0.140625
2 0.21640625 0.1984375 0.15703125 0.190625
2 0.1046875 0.4484375 0.1296875 0.1796875
2 0.2921875 0.5125 0.16328125 0.190625
2 0.2234375 0.58203125 0.16015625 0.18359375
0 0.39453125 0.615625 0.196875 0.2203125
2 0.1125 0.278125 0.1640625 0.184375