0 0.5333131545415621 0.39904497294861835 0.2565461664125003 0.28852425705962903
1 0.705896669359201 0.39714618916681205 0.2259131090418059 0.2470354390337981
1 0.2519507857161106 0.5797711018741442 0.20927112290951405 0.26997283386094856
2 0.49544555936746476 0.6171872191876947 0.22765744699770848 0.2548934031404208
1 0.8946110644014578 0.5407728540522223 0.1898301386770836 0.23973976458147633
0 0.3860361514074301 0.5212191528112162 0.1909211664125002 0.28661476458147633
0 0.13887282351951352 0.4066184098708453 0.220135887727153 0.2671660826073074
2 0.6164192081125345 0.24985130351086154 0.2141755220358334 0.21234219028743925
2 0.6496615871028815 0.5658567367386718 0.17969141926229176 0.20665447994174038
2 0.6194986955760063 0.7213171265512575 0.1985505220358334 0.21188754922121228
0 0.3810356076201035 0.7360629028112162 0.23983013867708358 0.2411946159934022
2 0.17548769642902767 0.141669359791703 0.1736232572181946 0.2142851235152496
2 0.7522774408263537 0.5847311057015749 0.16105052203583342 0.21079641066226812
2 0.7878493052834022 0.7000234850893193 0.2063630220358334 0.21211486975432586