1 0.6494122500032953 0.47359565857736774 0.08590231818121907 0.08848179201145409
0 0.6141781335263595 0.5232143979153675 0.13326824188232517 0.11715223201781733
0 0.5239794220795483 0.23135470926163965 0.13957278896022593 0.12034995735199913
0 0.47521859375205955 0.2951904899347757 0.16188416558343127 0.1456044960216353
0 0.42157757630218917 0.5043660426082299 0.12674550649282174 0.10145450668363551
0 0.35926889651529836 0.8073734112826386 0.12718188311602718 0.1264545066836355
0 0.5303841915646041 0.8936456239258671 0.1712318920444808 0.14415108402290783
2 0.3587657049539895 0.38871431795036593 0.14307961850553053 0.14226132001909003
2 0.31070608035937897 0.32288077995704745 0.12383869480442451 0.1139181440165447
2 0.29327352394928274 0.6503608899586382 0.10303527110331831 0.08555678668045381
2 0.13861943141833444 0.8739903886457737 0.09217959172016936 0.09011701734563574
2 0.3114252804421045 0.5501699859564111 0.11109323295387145 0.09971019334818117