0 0.30601509555713935 0.870791810789167 0.24493161035393446 0.18670513867708358
2 0.40130375070587165 0.7525340796908685 0.238408594568919 0.18187216831236128
0 0.47893446899466624 0.6150899374984032 0.23444913666229378 0.19426306553881964
1 0.12923976393063846 0.816609537803403 0.20054457352223154 0.17474934612402784
1 0.5115389265483556 0.2567689444322574 0.2301256577089811 0.20040396276527792
2 0.6174010606504006 0.14501578647222274 0.22747109456891898 0.18161759517409742
2 0.386351397820922 0.4854186616628476 0.18549642619541978 0.13070840539458342
0 0.0387083713008012 0.6059421818957291 0.0774167426016024 0.16813436379145835
2 0.1447378343985111 0.20129300911805567 0.22663663666229375 0.19408122758291685
2 0.1269826450489117 0.3315253697753821 0.2134240051204975 0.1547641544446529
1 0.3616075450065594 0.2923947070656948 0.2271980787839034 0.17693009517409736