1 0.45844378315471734 0.5726478653825342 0.32437655338349136 0.2677526960282773
0 0.5672710020143474 0.4303405490048148 0.33719488836446343 0.2761473928851242
0 0.7828588513297754 0.5160191455712113 0.30511721741393616 0.2543794007430071
2 0.8209251730020555 0.8569909019813522 0.2828602154367701 0.24398555624352483
0 0.2866231798849567 0.47029334511865456 0.293381221368269 0.27254720388616016
0 0.5767613375267919 0.8354818132728384 0.2773450444862428 0.22345473242220742
2 0.21444047927693438 0.30629931162020857 0.29048171444818677 0.23966192927905433
2 0.3628912722431214 0.12217052233079428 0.2630278765014653 0.21654976095825473
2 0.5249946828135252 0.10086921877335638 0.22186436562705047 0.16316789578060834
2 0.176586357718385 0.12363020678164431 0.25161021543677 0.24253006410140787
2 0.5593934709111584 0.6771598910230974 0.26315521049385404 0.21967476095825483
1 0.7589305558921303 0.6942511534290942 0.285666880455798 0.23631860545773692