1 0.716305875004943 0.6964210328626559 0.27741152840691896 0.32668158420556886
0 0.35070992289362246 0.5733332847615722 0.31400359334172717 0.36543654935917863
0 0.4721424123403157 0.3707762252355927 0.2823444902574721 0.3409077753125615
1 0.47397546793963297 0.17629953893792355 0.22106034253094825 0.22945935462398898
1 0.6507425194817605 0.15841509057453682 0.23731263392680618 0.26594249164729755
2 0.1423594549539895 0.38775791642740326 0.21042285145940198 0.24626490870767306
0 0.6657014975676633 0.3749478261465666 0.2677365194784652 0.3091667019915837
0 0.8090503027632387 0.48237340182979693 0.2698717637964222 0.34203376569391464
2 0.6000650405883742 0.5568178742398008 0.1852319366867496 0.23445438947037936
2 0.8449257528459644 0.7083257774203602 0.17906375730360083 0.23892363466105576
2 0.14857467857566536 0.6131845023622526 0.16917056006354417 0.2089087524470706
2 0.2678816063339613 0.3982092883897693 0.16741714529089186 0.19791668874473983
2 0.5003962771956936 0.5860639193378102 0.15820578652459397 0.20696430653075487
0 0.2957109569858797 0.7720088869384906 0.2657649163942102 0.28567463828925277