1 0.3583259560789055 0.58125 0.06796929734245412 0.0671875
0 0.36474813140513307 0.52890625 0.10724997334499946 0.0859375
0 0.5788668174331317 0.73515625 0.11511701734563573 0.090625
0 0.5897674074235868 0.66484375 0.13252269334818118 0.109375
0 0.5367407627307242 0.471875 0.10397952267663584 0.0734375
0 0.4453050513605897 0.20078125 0.10114542401336309 0.0984375
0 0.25848630402608974 0.1921875 0.1387181493475448 0.1046875
2 0.6446265354073603 0.5453125 0.11375451201463563 0.1078125
2 0.7169197060789054 0.58125 0.10099997334499947 0.0859375
2 0.5754385413749071 0.30625 0.08352157200827222 0.0609375
2 0.5999641846753632 0.0640625 0.07423747867599957 0.06875
2 0.6077248773869975 0.3953125 0.09149770401018138 0.075