1 0.82265625 0.3271989128241856 0.2703125 0.32510397783744704
2 0.196875 0.40608846845365126 0.25625 0.3087419934412793
2 0.30546875 0.5683660611721335 0.2390625 0.30159123473485216
0 0.48359375 0.5160621754873418 0.228125 0.2885180246489439
1 0.6640625 0.6003542090698554 0.2125 0.27051165309764613
1 0.86171875 0.5610892339459419 0.2421875 0.2705050090451115
2 0.85625 0.11237833276885956 0.2125 0.2247566655377191
2 0.68359375 0.23604936963073353 0.18125 0.2516864099950512
2 0.95078125 0.29704666610354596 0.0984375 0.3145338907731744
0 0.37109375 0.8977393006566838 0.1984375 0.1760246687014785
0 0.48203125 0.9067690626424716 0.1578125 0.14420810266810485
2 0.171875 0.7222424129357272 0.19375 0.25077900723608926
2 0.77734375 0.0809136488022331 0.2171875 0.1618272976044662
0 0.6515625 0.4119468063108934 0.1828125 0.2533307971501809