0 0.5390625 0.4734375 0.196875 0.2375
0 0.596875 0.6953125 0.2125 0.27734375
2 0.25859375 0.63125 0.14765625 0.175
1 0.09296875 0.74140625 0.1125 0.190625
2 0.25078125 0.334375 0.1203125 0.14453125
2 0.37109375 0.32890625 0.115625 0.15
2 0.25625 0.490625 0.134375 0.153125
2 0.18046875 0.7359375 0.146875 0.184375
2 0.35078125 0.62421875 0.10859375 0.159375
2 0.21953125 0.175 0.103125 0.1296875
2 0.3515625 0.94140625 0.121875 0.1171875
2 0.46015625 0.9484375 0.125 0.103125
2 0.675 0.57734375 0.12421875 0.159375