1 0.7745848113619134 0.10866666609948669 0.28833037727617317 0.15084096223361482
1 0.7494614762473236 0.2998305766603648 0.2800297954602888 0.24089275214770653
1 0.31195912773839163 0.1963105924913396 0.29984219028743925 0.22476978516439336
1 0.15354605991041642 0.38972532055592934 0.30709211982083284 0.24573738240543133
0 0.7237170493542265 0.7812476729968917 0.3223536877801568 0.24779120533620985
2 0.5633839207579049 0.4293532230877487 0.19075669530200406 0.17536957146044047
2 0.3894690476383668 0.4366699988683463 0.25054087226160837 0.192543783355371
2 0.3788484817241069 0.640330587402957 0.21910901583511766 0.18465604025277607
2 0.6378035960681565 0.5607913308442363 0.20808058762187223 0.1809578301668676
2 0.5393624328986059 0.6902121579588864 0.18446123119538155 0.17347952283992144
2 0.06332539944600403 0.526300228403274 0.12665079889200806 0.19947545680654793