0 0.5324727049019906 0.09335388024567413 0.2725545901960187 0.18670776049134827
1 0.4377702961943177 0.2924205513992905 0.2714682945498552 0.30915500580598776
2 0.2696972978387802 0.9037254274218224 0.24673613466105584 0.1820014724198927
2 0.5598089541842005 0.5300305484962966 0.2337847560752678 0.2581093313536661
0 0.43649296135577664 0.686588088546309 0.2468502404661713 0.3193650801000249
2 0.41694189710529156 0.4865797283588947 0.20845737386128266 0.24800690564770314
0 0.2679661614484438 0.7968533017950019 0.23529269237293696 0.25659229546028894
0 0.3539606812338917 0.9715146695042638 0.23088790145127885 0.041058223673534046
2 0.754799050370669 0.39948392748832956 0.17077383538669544 0.19696123119538153
2 0.8295237757758975 0.2263897567969316 0.22958832939624543 0.2720354390337981
2 0.7898511844835706 0.03432455806320809 0.18279763103285873 0.06864911612641618
2 0.6550966615332618 0.46091918415224714 0.19094249164729754 0.2381318004748536
2 0.8548139193378101 0.48554579645123264 0.16861113466105593 0.17972826708875883