0 0.13211879910649554 0.09984744418223168 0.1205773271096728 0.10952619171077375
2 0.46212962743398434 0.1765305968811511 0.10465231818121908 0.09170202174882984
1 0.2700063571414449 0.21710522285114378 0.10939436525911975 0.09501802273741297
0 0.1783836931795714 0.33516020307948025 0.10616027110331841 0.08864068874502422
0 0.17189613960884895 0.23184420209089707 0.10802278003177208 0.1058918557412186
0 0.5986570572208751 0.48422237456148 0.12351141233702041 0.09871602570316255
0 0.7251201456946337 0.5284100677551284 0.0967852711033185 0.08825868676785795
0 0.2956152467469985 0.923896392318796 0.13625687418757346 0.11328786167271758
0 0.6273095316500346 0.8733949625082016 0.11567163879807012 0.09683519072219085
2 0.3209895734529295 0.7227304817483924 0.10780459172016936 0.0933918557412186
2 0.41816676217156934 0.5650864195048333 0.09201595048646745 0.08338018577927464
2 0.4137638599808186 0.44702216901054187 0.09201595048646745 0.08338018577927464
2 0.2877041461016707 0.33649189281308767 0.10923072402541764 0.08564302273741298
2 0.7575600933384319 0.8662111566904331 0.10319891233702023 0.09788835475263546
2 0.666614350241586 0.3074317228883248 0.09042617694751698 0.08175401878308027
0 0.6621023538950339 0.1831174723940332 0.1061602711033185 0.08864068874502422
2 0.7583844334370434 0.6898078241809191 0.09982845048646745 0.08369852076024671
2 0.7691094736150853 0.7675335761580854 0.0761727621748646 0.07024351581733086
2 0.7280872329505761 0.6089424847513228 0.09500458279171564 0.0756950197716634
2 0.855650945611908 0.7609108444468742 0.08878185633066593 0.07700285178688589
2 0.3283054212621789 0.6051437337255587 0.08870003571381498 0.07231535178688589
2 0.21863259212391117 0.4047206279843401 0.09355117694751698 0.0818813527754692
2 0.5281712333576133 0.4267016932308295 0.10446140340856651 0.08076452174882984
2 0.41644280072805334 0.3768688365010278 0.08721935633066594 0.0769391847906915
2 0.29526859902047475 0.8145850593149906 0.0903716298696163 0.07862901878308008
2 0.4780868275101193 0.9118141808735398 0.08732845048646745 0.08318918479069168
2 0.04688960023829074 0.7630875904181794 0.06846935633066598 0.0761751808363588
2 0.05149923376135503 0.7140916749048598 0.07910684740221226 0.059433349809719614
2 0.07607649390762475 0.6908915968439701 0.08867276217486461 0.07075285178688588
2 0.05187315502682917 0.8249655079086654 0.07625458279171564 0.07493101581733086
2 0.2206895645244758 0.7014682939919512 0.0903716298696163 0.07862901878308026
2 0.1380503883877377 0.7527496096955513 0.09662162986961631 0.07888368676785795
2 0.4396520243464339 0.6331015904553604 0.08875458279171564 0.07544035178688588
2 0.4544143591700397 0.31596051140588755 0.07932503571381488 0.07193334980971962
2 0.30540411485208263 0.2770996467674204 0.10613299756436803 0.08707818874502422
2 0.23518707223840885 0.2797033819386727 0.07471935633066593 0.07642984882113649
2 0.09733647037196971 0.2092887697716635 0.08409435633066598 0.07681185079830274
2 0.41916483157389967 0.13028033798390254 0.10465231818121908 0.09170202174882984
2 0.2329312767853612 0.061017048934867146 0.11090231818121907 0.0919566897336074
2 0.33654720048646736 0.09334407068369698 0.09673072402541774 0.08513368676785789
2 0.7026393993480816 0.4033636468046014 0.09357845048646744 0.0834438527754692
2 0.7848672926103785 0.5074237471086126 0.09810230925276535 0.07425985376405234
2 0.8571395332748878 0.6672881784392629 0.09678527110331814 0.08825868676785795
2 0.8856309517009879 0.5552484348650536 0.09355117694751698 0.0818813527754692
2 0.4854141322986577 0.9652356694862428 0.09519549756436803 0.06952866102751436
2 0.1044799577867727 0.7974426857792747 0.08870003571381498 0.07231535178688589
2 0.2244792175293006 0.4713178789729232 0.07921594155801363 0.06568334980971961
2 0.5603428051922802 0.3913199501509118 0.07606366801906325 0.06399351581733077
2 0.6025654870110613 0.3056026260443548 0.07609094155801373 0.06555601581733086
2 0.6354422167185217 0.3553452994663398 0.07921594155801355 0.06568334980971961
2 0.4927598388775003 0.36592601931455293 0.08242276217486459 0.07049818380210837
2 0.4914775771063775 0.6055469348278726 0.09187958279171564 0.07556768577927464
2 0.49214005032101626 0.5540481018240669 0.07765344155801354 0.06561968281352507
2 0.6255758875769588 0.6398967130024931 0.08253185633066593 0.07674818380210838
2 0.6810679569759938 0.6882188078692968 0.09982845048646745 0.08369852076024671
2 0.3720787406612139 0.6529883261209044 0.09341480925276527 0.0740688527754692
2 0.26535145372958296 0.6213152203796858 0.07299321509696402 0.0669911818249421
0 0.1399111229664622 0.6357212771860373 0.08088753571381498 0.07199701680591382
2 0.15633496387585266 0.5926716141441756 0.08083298863591426 0.068872016805914
2 0.05466732385996661 0.5377838428896373 0.08549321509696395 0.06750051779449713
2 0.05168837418427817 0.5907496753991514 0.08395798863591428 0.06899935079830274
2 0.06881737296646218 0.6328244288591925 0.08231366801906326 0.06424818380210837
2 0.42167141192668806 0.7658676695048333 0.06816934740221221 0.05898768083635879
2 0.4092220048646734 0.812982750037181 0.08705571509696401 0.06756418479069168
2 0.582688552753353 0.955891786120467 0.08250458279171564 0.07518568380210837
2 0.6412238015355369 0.9862199787826427 0.07121252678536116 0.02756004243471466
0 0.8953939151763942 0.354227104332706 0.0903716298696164 0.07862901878308026
2 0.9218785486994584 0.30612252676610774 0.08875458279171582 0.07544035178688588
2 0.8348558356310894 0.32990092497922185 0.08409435633066593 0.07681185079830274
2 0.7688256866867496 0.25928999463715463 0.08711026217486477 0.0706891847906915
2 0.6570642520285949 0.11811455490354723 0.0872739034085667 0.08006418479069155
2 0.7810335860381266 0.15361299760290414 0.0857114034085665 0.08000051779449713
2 0.5189233238632619 0.07579310923844078 0.07609094155801373 0.06555601581733077
2 0.4399488900158861 0.06867167593062401 0.08080571509696384 0.06730951680591397
2 0.5436659995929629 0.19624753068325945 0.09516822402541773 0.08507001977166348
2 0.5551023315738997 0.1358193666528146 0.08721935633066594 0.0769391847906915
0 0.13482678774240986 0.1655361111784261 0.11690685633066597 0.07814885771838495
0 0.2047438214276299 0.1457448760071737 0.08099662986961631 0.07824701680591399
0 0.07658541395857818 0.3622400148287476 0.10300799756436803 0.08695085475263546
2 0.5277480880634261 0.7155413587441493 0.07765344155801354 0.06561968281352507
0 0.5669509098980932 0.6804461171471061 0.08883640340856669 0.08012785178688589
0 0.5357572313257231 0.8165772767289268 0.08565685633066593 0.07687551779449713
0 0.7361681087597074 0.9691889876798914 0.0936602711033185 0.061622024640217175
0 0.8613171497551187 0.23573443091072094 0.08894549756436802 0.08637785178688588
0 0.7878677873353728 0.3662403315952929 0.10610572402541774 0.08551568874502422
2 0.8350714387120493 0.8342382565001527 0.10317163879807012 0.09632585475263547
2 0.6182327662287591 0.7559209610253268 0.08088753571381488 0.07199701680591382
2 0.39341399837185165 0.7124097470714316 0.08247730925276535 0.07362318380210837
2 0.17270780640680092 0.8150559501137307 0.08250458279171564 0.07518568380210837
2 0.5533089699616374 0.8828707801889678 0.07924321509696383 0.06724584980971926
2 0.40741089975511874 0.2172391685162502 0.09185230925276536 0.07400518577927473
2 0.5339694456152033 0.26689561170989873 0.08080571509696384 0.06730951680591399
1 0.8731428141207338 0.4212408493897901 0.08889095048646709 0.08325285178688588
0 0.6757316205308301 0.7403078898845192 0.08088753571381488 0.071997016805914
0 0.30343783481701525 0.6564369782883512 0.07447389448011296 0.0623673488211363