1 0.5421603175001639 0.7555333036203479 0.2889286130615094 0.3190873390148923
1 0.4094594341050525 0.8211260433687289 0.2509722560752678 0.26001987386128284
2 0.6019693048014743 0.4572074202252363 0.23115082939624543 0.2733730457309814
1 0.48637656505309323 0.5881622651457604 0.26143853012188495 0.2915972560752678
0 0.5373760367453069 0.350391935834333 0.2593849568009071 0.27748019237293686
0 0.3559276624206881 0.6288641322988031 0.24764884863353914 0.2989186827542902
0 0.4046850770339928 0.43861364373154854 0.23205856496827515 0.2546776094333124
2 0.6611632224100038 0.2306474094254632 0.22402781015895173 0.2481547909216581
2 0.8649950613400781 0.19094753628197073 0.18379962504240907 0.16872026206571755
2 0.937983638837407 0.23580865769618264 0.12403272232518603 0.17634922359113014
2 0.7800049916472975 0.2597669689514428 0.1804762176006804 0.20761907095872498
2 0.8960392525318888 0.5213170825611064 0.1518601442797028 0.19257442431676958
2 0.7164534454529798 0.5626439430907272 0.18521828130301116 0.20934526206571746
2 0.784697503164861 0.639935618588623 0.18182046279135697 0.20142363466105592
0 0.6205085175928312 0.6529291479927177 0.2222470553496283 0.24185022721932725
2 0.8823338726801563 0.3522942640494521 0.18494546279135698 0.20153276206571763