1 0.7500301567388631 0.4448858147138212 0.3139341832079957 0.2761557945498552
1 0.8438979348606257 0.5785489973832932 0.25444786724456103 0.23819943756361345
2 0.4362908343652876 0.3955877414776615 0.26763707195929065 0.21994051088459124
1 0.5926029545053327 0.5090723442027338 0.28464478949430205 0.2501736479078998
0 0.3401286178637336 0.46467753657567085 0.2719992402800903 0.24661213828925294
0 0.6613251834128835 0.6404835461094998 0.2964170434232436 0.23498515752654647
0 0.45821514598549606 0.5974949818590147 0.2505223465663967 0.22090281015895172
2 0.19279123738460618 0.3422718016366133 0.24390847353086734 0.2128720553496283
2 0.12299235194308009 0.13734125417635124 0.14216188296032675 0.17187997840045358
2 0.15060362158778723 0.05812498012973412 0.1484803494618807 0.10658236061443874
2 0.19965120533390227 0.22074154201796645 0.20288105913900917 0.16932046279135698
2 0.43936006058675126 0.09186254075202208 0.19070639081820956 0.142376016875041
2 0.5190776015287953 0.2745361422959681 0.20473465756743253 0.17562502649368783
2 0.5829538569054789 0.20109615309574136 0.1967766083532208 0.17222720798203356
0 0.6299124017764643 0.3692633105374699 0.2360959735308672 0.2125992368379741
2 0.270447394747151 0.11106395245491993 0.19855743217453847 0.1769692716843644