0 0.5030098078689634 0.41971551883774366 0.19151585518980258 0.15423402380771342
1 0.14249605132785986 0.08041823214421498 0.11951359016268785 0.13194086729005094
0 0.1916172690341354 0.6340199551150478 0.18834540339440445 0.14640334308955402
2 0.5107182896203949 0.30326836222188536 0.161746541958086 0.13999880698520065
0 0.6655285094679698 0.2812746666730032 0.19782948770335979 0.16520788524403188
0 0.7284819856602563 0.47152696195073884 0.19782039734428025 0.16364538524403188
0 0.8753978922761145 0.4636412181972548 0.17121244554888193 0.1556783491396784
2 0.9052894044745589 0.5626827061952022 0.15548745159900648 0.1383999455488823
2 0.8004337328315859 0.5921980102535367 0.15071813836729006 0.12431017447164336
2 0.6079336572050335 0.3784814647794093 0.15235336123992677 0.13681926483072288
2 0.29980247375639973 0.5693302203385542 0.17742608411256366 0.14946471057599683
2 0.07973489257070228 0.6627949157892404 0.10993860226293628 0.0975113251355733
2 0.025612036595332822 0.6482784187161067 0.051224073190665645 0.10656816256778665
2 0.7618909459416656 0.10025140476914655 0.12247496369925485 0.1038340480082102
2 0.7532512232654204 0.24248435656454462 0.1381181444174139 0.1070499515990063
1 0.5681176991631194 0.23965531411547936 0.10833974082661797 0.09125223477649361
0 0.7027563195764284 0.19356104323463225 0.16630677693097126 0.11815107806243948
1 0.672110828455223 0.08983660041622457 0.11471700585373235 0.11316359621281209
2 0.38823371468121337 0.5430353650505557 0.13977154800821018 0.122684041958086
2 0.3275956756499937 0.626197843875121 0.14286927693097135 0.11801472267624522
2 0.6181575640172834 0.5010740822658519 0.10833974082661797 0.09125223477649361
2 0.6850269014494969 0.5553706968254284 0.1114647408266178 0.09127041549465283
0 0.3235228166495621 0.2520154553114395 0.12255677693097126 0.11789654800821019