0 0.46539180600964974 0.4609375 0.24093646590774292 0.196875
0 0.6882759269508123 0.403125 0.2818342012972462 0.2125
2 0.6183087057680637 0.74140625 0.17756371266133186 0.146875
1 0.7255739606393277 0.90703125 0.19258869480442442 0.1125
2 0.32129733807331196 0.74921875 0.14585006249917623 0.1203125
2 0.3179286505724882 0.62890625 0.15201824188232518 0.115625
2 0.4776427954596382 0.74375 0.1554705243497292 0.134375
2 0.7216325288205467 0.81953125 0.18693871266133205 0.146875
2 0.6128865945661337 0.64921875 0.16128414772652383 0.109375
2 0.16137686729430517 0.78046875 0.13148755357072242 0.103125
2 0.930087731335609 0.6484375 0.11931483603812651 0.121875
2 0.9390144922926575 0.53984375 0.1053068831160271 0.125
2 0.5716708538983293 0.325 0.1615568831160271 0.125