0 0.6182488465709058 0.7510125145149693 0.30423815963434714 0.3677403956185735
2 0.31279505914351835 0.7921924778301692 0.22530833085063087 0.2811831185006845
2 0.5390196505381193 0.11738400910469302 0.21541960049533806 0.2028762620741939
2 0.32515393383167746 0.4428600675636125 0.28574071670644174 0.3391152904457238
2 0.599252867453958 0.33583614390271366 0.24685799917143036 0.3083366518867795
2 0.16129467928356353 0.6688733351145897 0.24783830231458365 0.2958821159934022
2 0.4416885006236817 0.7122358563599838 0.18798811331561965 0.25044994404836307
2 0.5046723058337494 0.5357021000917775 0.21945643713693724 0.25604672618081653
2 0.4574825128247907 0.9016517370346229 0.24405402274507892 0.19669652593075426
2 0.6574869367271616 0.5636178145941116 0.20117731803034927 0.23210912100796718
2 0.630808696861356 0.9441850552583094 0.16661391935425698 0.11162988948338111