0 0.38125 0.50234375 0.1328125 0.1703125
0 0.196875 0.17421875 0.1359375 0.1734375
0 0.48125 0.221875 0.128125 0.1640625
0 0.37265625 0.2640625 0.1421875 0.165625
0 0.24921875 0.41171875 0.128125 0.1609375
0 0.32734375 0.3703125 0.128125 0.153125
0 0.58359375 0.27578125 0.13125 0.1609375
0 0.56796875 0.50703125 0.1125 0.15625
0 0.37109375 0.7671875 0.1234375 0.146875
0 0.47890625 0.76484375 0.1125 0.125
0 0.28125 0.5484375 0.1109375 0.1421875
0 0.60625 0.0875 0.134375 0.140625
0 0.3953125 0.11875 0.134375 0.14375
0 0.7265625 0.49453125 0.134375 0.1609375
0 0.7234375 0.690625 0.1265625 0.13125
0 0.61953125 0.6140625 0.128125 0.1515625
0 0.6625 0.18671875 0.121875 0.153125
0 0.60859375 0.41796875 0.115625 0.14375
0 0.6765625 0.32421875 0.115625 0.15
0 0.56640625 0.75390625 0.096875 0.153125
0 0.640625 0.7390625 0.103125 0.14375
0 0.50234375 0.11640625 0.1203125 0.1515625
0 0.2921875 0.1515625 0.121875 0.15