1 0.46025187523110916 0.18217392865110119 0.3638712495377817 0.3342133842144537
2 0.3143504095416409 0.7863966819304615 0.34806439311129084 0.3271445126631562
2 0.5066803135399913 0.7377931648562913 0.3365813238318186 0.30782130257724793
0 0.5198121140148452 0.5553901006319399 0.3221096468722145 0.2930218181810801
1 0.6639522220906885 0.41506275101605283 0.30281407759274226 0.27328917231952304
1 0.696288663631769 0.21801733265325857 0.30836539561857335 0.30322233378491237
2 0.24495113565595047 0.10594786408806567 0.29759772868809903 0.20125039800926356
2 0.32365749419401224 0.27829757688750745 0.2768593313536661 0.2391664778374471
2 0.4750621844814515 0.07653808231457433 0.321750631037097 0.11982997964646938
0 0.8480039955141605 0.785413951829707 0.21596729546028898 0.23753537878738662
0 0.8931921265512575 0.6844999050182101 0.17246133636823088 0.19001192559888339
2 0.6064576900247418 0.8930777108768482 0.27878554420664764 0.21384457824630373
2 0.1800020855768082 0.13305924072774583 0.2556208288463836 0.2598950576656306
0 0.47995530680956683 0.36551537313317717 0.2800297954602888 0.24089275214770653