1 0.6748580089344296 0.44132249599297924 0.06342051285158128 0.06129202400410509
0 0.6644590198088446 0.4928122731203423 0.10305601581733086 0.07558178298109546
0 0.4691306378701718 0.2612617703898678 0.10943334980971961 0.07874314441741408
0 0.4515876522046279 0.3291123457218328 0.12582235376405215 0.09758404800821019
0 0.4869852772232184 0.5269276770057261 0.09942167984777565 0.06306360226293642
0 0.5530691695420143 0.8069333395735127 0.09425401878308044 0.08958974082661797
0 0.7387175094659023 0.8392560019449077 0.13181768577927463 0.09137040944452864
2 0.3858273424325268 0.44042202956324994 0.10550985376405234 0.09746587334017516
2 0.31760658304098666 0.39550443930236623 0.09680601581733077 0.07554542154477702
2 0.4325418108350463 0.685948153001621 0.0802896778706094 0.0535795179539809
2 0.3859373607584966 0.9223396500747547 0.06967051285158128 0.06132838544042372
2 0.4092542080595772 0.5936470235131258 0.08548651384016441 0.06610678903121965