1 0.7724764612701358 0.5600874361079891 0.35974603919208265 0.297624286598818
0 0.3155996386254514 0.41518608250776995 0.34880853919208266 0.29711486434907697
0 0.2657347162847007 0.627380021506734 0.3258136569013444 0.2039812944567007
2 0.5575835839939625 0.7058495080672798 0.3125695108205527 0.23145132299274795
2 0.524226829375109 0.5115751232449263 0.2189104390337981 0.2302098465663967
0 0.2110749261681813 0.28040016770162707 0.31918322367353413 0.2442424214211715
2 0.10572467385875454 0.47039592907416655 0.2114493477175091 0.19122012117350237
2 0.8553584720906885 0.33933398035980206 0.2590807979675713 0.21647698635114887
2 0.48484739528936893 0.3097793368509961 0.28480822367353403 0.2426413800648426
2 0.0764726056350679 0.6804087839127307 0.1529452112701358 0.18293243217453856
2 0.20058577474362024 0.8285829565767566 0.20026808762187223 0.17940932588823202