1 0.41734675326227605 0.5111167271052535 0.29171697469763486 0.23653585972519603
0 0.6327899399268215 0.5204676803913234 0.2903726507001803 0.2552403956185733
0 0.4315739799490933 0.36231551425227193 0.308540848026726 0.20578596489804557
2 0.26268871463241067 0.24461485187414422 0.2116113040260897 0.19827969028743925
2 0.8861303792170963 0.8301763348518925 0.1831044960216353 0.16464883636823088
2 0.5434216413112738 0.14663302678868428 0.1658260893539083 0.15633623119538148
2 0.39585629797900096 0.14311688486452767 0.17679995202099902 0.1597794799417403
2 0.413260879296638 0.25819631558505546 0.19858404535327168 0.15260347743445787
2 0.09902675131286458 0.3822238151228371 0.19805350262572916 0.17305236975432586
2 0.0561403646562732 0.2334968101082721 0.1122807293125464 0.16738137978345574
2 0.15768413598027364 0.14067516112448653 0.22258516669318062 0.201722939033798
2 0.28083763594050276 0.4299613184880494 0.14534995735199913 0.14168269780928675