0 0.875 0.29765625 0.2484375 0.2265625
1 0.70546875 0.4890625 0.26640625 0.20703125
2 0.2125 0.915625 0.2671875 0.16796875
2 0.4328125 0.49375 0.21875 0.17890625
0 0.36640625 0.6671875 0.28125 0.17578125
2 0.55 0.59296875 0.21484375 0.153125
0 0.36484375 0.8578125 0.21796875 0.1828125
0 0.1140625 0.8859375 0.10546875 0.225
2 0.4375 0.2703125 0.16796875 0.128125
2 0.5453125 0.12890625 0.23515625 0.1703125
2 0.81875 0.0546875 0.240625 0.109375
2 0.4390625 0.38125 0.21015625 0.1375
2 0.3078125 0.225 0.15234375 0.13125