1 0.27265625 0.43046875 0.26484375 0.2234375
1 0.1734375 0.54609375 0.2125 0.19921875
2 0.58125 0.4296875 0.2328125 0.1734375
1 0.42265625 0.51640625 0.24296875 0.2015625
0 0.66953125 0.5125 0.2296875 0.20234375
0 0.3484375 0.63515625 0.25703125 0.184375
0 0.5484375 0.62421875 0.21171875 0.1796875
2 0.81953125 0.415625 0.20703125 0.1734375
2 0.9109375 0.22578125 0.13125 0.153125
2 0.8890625 0.13359375 0.14921875 0.1125
2 0.82109375 0.2953125 0.175 0.13671875
2 0.59453125 0.1328125 0.1671875 0.1109375
2 0.50703125 0.2984375 0.175 0.1421875
2 0.44921875 0.21796875 0.16796875 0.13984375
0 0.39375 0.37421875 0.2 0.1734375
2 0.75703125 0.178125 0.1671875 0.14453125