1 0.23515625 0.3890625 0.2015625 0.246875
2 0.80078125 0.33125 0.19140625 0.234375
2 0.73125 0.4984375 0.1765625 0.2328125
0 0.56484375 0.4875 0.16875 0.221875
1 0.41875 0.59921875 0.15703125 0.21015625
1 0.23828125 0.6046875 0.1859375 0.2015625
2 0.1546875 0.18515625 0.1875 0.20625
2 0.34375 0.27890625 0.13125 0.1984375
2 0.06953125 0.3890625 0.1390625 0.271875
0 0.728125 0.87109375 0.1515625 0.2578125
0 0.6296875 0.8921875 0.1234375 0.215625
2 0.871875 0.6078125 0.1421875 0.19375
2 0.23046875 0.1203125 0.165625 0.18671875
0 0.4 0.42890625 0.1328125 0.1984375