1 0.8328125 0.578125 0.2015625 0.15234375
2 0.7125 0.7015625 0.2125 0.16484375
0 0.425 0.7109375 0.1984375 0.1734375
0 0.59453125 0.6046875 0.20625 0.16328125
1 0.14765625 0.32109375 0.1453125 0.11640625
1 0.18125 0.23515625 0.1296875 0.096875
2 0.75390625 0.80625 0.178125 0.13671875
2 0.525 0.81484375 0.16875 0.13203125
2 0.1 0.1953125 0.12109375 0.1
2 0.06484375 0.36875 0.1046875 0.090625
2 0.69453125 0.52578125 0.1515625 0.11015625
2 0.91484375 0.68828125 0.10234375 0.11796875
2 0.490625 0.35625 0.10859375 0.08125
2 0.5171875 0.228125 0.09765625 0.0859375