1 0.42878498258203673 0.7933227338511809 0.29325722116625175 0.25821776918604195
2 0.2608536173135504 0.2507682918874655 0.2788310083132702 0.24539046086541694
2 0.43809206723440813 0.28538294728204894 0.2737343313536661 0.2312188580918752
0 0.46063935398571526 0.45086313012770873 0.2609160826073074 0.2199904173624308
1 0.5986357959890143 0.5713418971295491 0.24488190564770312 0.2055642414506252
1 0.6396602981005852 0.7466334910693756 0.2440922954602888 0.23209037385944473
2 0.24423883485189238 0.8978212105810766 0.24979672618081664 0.2043575788378469
2 0.29909513407310484 0.7097809223964239 0.22843855172849495 0.17707556553881965
2 0.46221594503930674 0.9266203174386807 0.3013759465556454 0.14675936512263874
0 0.8044959687254762 0.21338784602711874 0.291938762074194 0.21290526918604194
0 0.8448278005413608 0.305012954784584 0.24241012351524951 0.17427787385944465
2 0.5177976022698557 0.12540984165871571 0.2256318004748536 0.1879403303564585
2 0.16596072215719548 0.8520930961240278 0.22622283386094857 0.20825283035645867
0 0.4352803381505977 0.6238278514423615 0.22848401583511765 0.17863806553881964