0 0.353125 0.51875 0.15546875 0.1953125
0 0.146875 0.1671875 0.1578125 0.2
0 0.45234375 0.2203125 0.146875 0.18671875
0 0.33671875 0.2640625 0.1625 0.190625
0 0.21015625 0.42109375 0.146875 0.18359375
0 0.2921875 0.378125 0.1484375 0.17578125
0 0.56171875 0.278125 0.15234375 0.18671875
0 0.553125 0.52421875 0.13125 0.1796875
0 0.3515625 0.803125 0.1421875 0.16796875
0 0.465625 0.80078125 0.12890625 0.14453125
0 0.24765625 0.5671875 0.1296875 0.16328125
0 0.5796875 0.09453125 0.153125 0.1296875
0 0.35625 0.10859375 0.1515625 0.1671875
0 0.72109375 0.5125 0.15546875 0.1875
0 0.72421875 0.721875 0.14375 0.1546875
0 0.6109375 0.63984375 0.1453125 0.17265625
0 0.64375 0.184375 0.140625 0.1765625
0 0.5921875 0.4296875 0.13359375 0.1640625
0 0.66328125 0.33125 0.1328125 0.1703125
0 0.559375 0.78984375 0.11640625 0.175
0 0.6375 0.77265625 0.12109375 0.16328125
0 0.4703125 0.10859375 0.13984375 0.17109375
0 0.24765625 0.14296875 0.13984375 0.17265625