1 0.7541656966221524 0.34438257764096025 0.28096782132453624 0.3235780573378241
2 0.1550402233443297 0.39740553509470267 0.26801318025830945 0.3074437213682691
2 0.26065006268206165 0.5581440583264072 0.25220632383181874 0.3005570514063251
0 0.43168162820061007 0.5134894274134988 0.24095057508545992 0.28917388243296427
1 0.6075106908161647 0.5996537149796595 0.22321750580598768 0.26972354547482597
1 0.795320579375109 0.5697619210248892 0.252859541699365 0.26937071840251947
2 0.7976669586963464 0.13966058554962563 0.2546660826073072 0.22418555239490826
2 0.6192116865930226 0.2512798819758538 0.1929844365265156 0.2497638725471326
2 0.9028903531277855 0.31368035878133027 0.1748542136444044 0.3239362015966055
0 0.3343326374383171 0.892688860189843 0.21748433135366607 0.21462227962031405
0 0.4410001745853357 0.907799207033813 0.17456940564770312 0.184401585932374
2 0.13682245460621822 0.7009297831175363 0.20231397241989288 0.24858337452429885
2 0.7063887408288 0.10465423277415656 0.21847251834239997 0.16028487847863165
0 0.591645313077773 0.4191067105310351 0.19459240063313815 0.25139003954332695