0 0.8421875 0.828125 0.18125 0.1390625
0 0.9546875 0.7390625 0.0671875 0.12890625
0 0.8015625 0.66640625 0.1390625 0.1296875
2 0.55703125 0.503125 0.13984375 0.1140625
2 0.465625 0.56640625 0.13203125 0.09765625
2 0.14609375 0.5640625 0.1609375 0.1234375
2 0.45 0.15390625 0.14453125 0.1296875
0 0.353125 0.08515625 0.1765625 0.15625
2 0.3390625 0.37578125 0.1578125 0.12109375
2 0.38203125 0.509375 0.11796875 0.09296875
0 0.21796875 0.2375 0.19375 0.1171875
0 0.6328125 0.428125 0.115625 0.08984375