1 0.3162026953685112 0.2872066317219817 0.19207515439406198 0.219597678245597
1 0.7789668390085275 0.7392291265546952 0.19726275956691133 0.23700350206691462
1 0.701857735880742 0.46663284264196436 0.1693363363682309 0.1888913337461151
0 0.7255633235026143 0.2954470473566941 0.15518290815498564 0.18511136228216235
2 0.547048215426771 0.4512176660489972 0.1263304824490227 0.15880141935425698
1 0.46513532271119146 0.6118512591007371 0.14943301332783515 0.2020077638537389
0 0.2539193072052782 0.17541941522042767 0.18362615690134448 0.1973588052100677
0 0.16732727467711322 0.36279744478993226 0.1619162929530063 0.25564218610347983
0 0.6414644904995955 0.6652737038906694 0.21012647241989288 0.25008569892376153
2 0.8579904124446347 0.597454695413614 0.1524670851145899 0.1990283130679506
2 0.8975433427694511 0.7664743691110971 0.11501254922121262 0.19884422249741007
2 0.7820881758389768 0.8732766408227188 0.15984166442319178 0.1307149607105856
2 0.6571663276592494 0.17926342928356354 0.1414841210079672 0.19695639081820956
2 0.353639196226441 0.44852296733012353 0.130836126022532 0.1527697431755744