2 0.36328125 0.147061060791924 0.0234375 0.022693455534962846
2 0.16640625 0.5253422842982362 0.025 0.018060519237293703
0 0.42578125 0.6047123588851582 0.0203125 0.021021828130301047
0 0.70546875 0.5582292616023814 0.025 0.021185519237293705
0 0.690625 0.5639609064302382 0.0234375 0.018005955534962936
0 0.5359375 0.28824659989948354 0.0171875 0.01778770072563942
0 0.103125 0.4270387043538365 0.0265625 0.02280258293962447
0 0.3046875 0.3598586719545169 0.0171875 0.01778770072563942
0 0.290625 0.35389884863353915 0.0171875 0.01466270072563942
2 0.3328125 0.3147470685964723 0.0140625 0.014553573320977708
2 0.31953125 0.31428327712666004 0.0140625 0.011428573320977709
2 0.32578125 0.32309528193598347 0.0125 0.011374009618646852
2 0.325 0.275411750084818 0.0109375 0.011319445916315996
1 0.55546875 0.28892864617861924 0.0171875 0.01778770072563942
0 0.54765625 0.275374577666965 0.0203125 0.016334328130301133
2 0.5234375 0.2917163402808367 0.0171875 0.01466270072563942
0 0.596875 0.38412458429038693 0.025 0.018060519237293703
1 0.55234375 0.39663201877395754 0.01875 0.017842264427970277
1 0.6984375 0.42829622494189257 0.0203125 0.016334328130301046
1 0.7671875 0.4463220278444503 0.0234375 0.014880955534962936
0 0.7078125 0.41456110715587774 0.021875 0.017951391832631815
0 0.75078125 0.5441866089699762 0.0203125 0.016334328130301046
0 0.6984375 0.5767337249418926 0.028125 0.015044646641955418
0 0.62734375 0.7023760764858386 0.021875 0.017951391832631815
2 0.6734375 0.7407044557045989 0.0203125 0.014771828130301045
0 0.6609375 0.7472991960859521 0.0234375 0.018005955534962936
2 0.59140625 0.665964861332229 0.0171875 0.014662700725639511
1 0.603125 0.6749678390997105 0.0140625 0.01299107332097762
2 0.553125 0.9930059886520727 0.028125 0.013988022695854595
2 0.54921875 0.9769916413692957 0.0296875 0.024474210344286006
2 0.44609375 0.99318579332632 0.0171875 0.01362841334736018
2 0.40703125 0.9384325944571879 0.0203125 0.016334328130301046
2 0.4078125 0.9501786263083535 0.0171875 0.013100200725639156
2 0.396875 0.9568279303920374 0.0140625 0.01455357332097762
2 0.43515625 0.9191022410991433 0.0171875 0.01310020072563951
2 0.47265625 0.9963839597961321 0.0171875 0.007232080407735708
2 0.459375 0.9992634231356433 0.01875 0.0014731537287133278
2 0.44765625 0.9734450007177902 0.0171875 0.014662700725639511
2 0.50546875 0.9012451077040318 0.0171875 0.014662700725639155
2 0.4984375 0.8908433210435429 0.015625 0.014608137023308387
2 0.48671875 0.8427778432760615 0.0171875 0.017787700725639156
2 0.23203125 0.8440402097961321 0.015625 0.011483137023308387
0 0.2140625 0.8559127272193272 0.0203125 0.017896828130301044
2 0.21875 0.8107639183263199 0.0171875 0.019350200725639154
0 0.2015625 0.8156324676006804 0.0203125 0.016334328130301046
0 0.18671875 0.7987078624285373 0.015625 0.017733137023308566
2 0.25625 0.7214484471822604 0.03125 0.02765377404661713
1 0.23046875 0.6986731460938012 0.0265625 0.02280258293962447
2 0.2375 0.8668874327542901 0.015625 0.014608137023308387
2 0.22265625 0.8663690775821469 0.0171875 0.014662700725639155
0 0.0921875 0.9563442584375205 0.0328125 0.0261458377489479
0 0.071875 0.9251661803072194 0.0359375 0.02625496515360979
0 0.0546875 0.88394097958158 0.0296875 0.02759921034428601
0 0.0609375 0.9411904843909035 0.0234375 0.019568455534962937
2 0.078125 0.8910094351165428 0.0296875 0.024474210344286363
2 0.090625 0.9062896947351895 0.028125 0.02129464664195524
2 0.0484375 0.8641914747722567 0.0234375 0.022693455534962936
1 0.071875 0.7150099303072194 0.0171875 0.014662700725639511
0 0.05390625 0.7198511977304145 0.0140625 0.01455357332097762
0 0.08515625 0.6967237217770317 0.0171875 0.01622520072563951
0 0.015625 0.6185143870233085 0.015625 0.017733137023308566
2 0.27734375 0.040935057163726904 0.0203125 0.017896828130301135
2 0.3046875 0.04657742195451688 0.0203125 0.016334328130301133
2 0.290625 0.054680098633539176 0.021875 0.01795139183263199
2 0.30390625 0.06764389010335145 0.0203125 0.017896828130301135
2 0.2578125 0.039471760884591214 0.01875 0.017842264427970267
2 0.515625 0.028162271769182422 0.0203125 0.017896828130301135
2 0.54453125 0.031515450262303256 0.0234375 0.018005955534962835
2 0.34375 0.14637901451278829 0.0171875 0.016225200725639422
2 0.15234375 0.07016371097725844 0.01875 0.014717264427970278
2 0.075 0.14090030771188106 0.015625 0.013045637023308566
2 0.33984375 0.16264885525696116 0.0171875 0.01466270072563942
2 0.071875 0.04782243030721937 0.0171875 0.01466270072563942
2 0.8 0.13028036559339817 0.0171875 0.01466270072563942
2 0.75 0.1183780771188108 0.0171875 0.01466270072563942
2 0.76484375 0.11108393229095392 0.015625 0.016170637023308565
2 0.771875 0.09882946895144278 0.015625 0.014608137023308565
2 0.43515625 0.21050849109914335 0.0140625 0.016116073320977708
2 0.4203125 0.21389638592700022 0.01875 0.014717264427970278
2 0.41171875 0.22219003556418052 0.0171875 0.01466270072563942
2 0.4234375 0.08666176333166194 0.0203125 0.014771828130301135
2 0.40703125 0.09390134445718794 0.0171875 0.01778770072563942
2 0.4328125 0.09870789554564707 0.0171875 0.016225200725639422
2 0.41953125 0.10761910407583479 0.0203125 0.016334328130301133
0 0.20234375 0.34456599945184585 0.0203125 0.017896828130301135
2 0.19140625 0.5332465535355299 0.0265625 0.01967758293962447
2 0.19609375 0.5513789946425224 0.0203125 0.014771828130301045
2 0.19375 0.5169221490890262 0.0203125 0.016334328130301046
2 0.18203125 0.5032316713215448 0.0234375 0.018005955534962936