0 0.7698462524470708 0.13552318714228648 0.2755555938242157 0.27104637428457296
1 0.5565426989963589 0.2674124110456887 0.26036710344286257 0.3114358418674959
2 0.09823670270937397 0.7058790027014231 0.15707841233587003 0.3007419945971538
2 0.5143378739461006 0.5383843346808599 0.22268356496827516 0.2593427208490432
0 0.33353430724854494 0.5841426976656302 0.23262404935917855 0.32073524715740265
2 0.4323562092479779 0.4100765951336163 0.19584824645662097 0.24998313140062187
0 0.1441617832019278 0.5638588316970881 0.2273710649682752 0.2596157366340588
0 0.11509187521204503 0.8074492079772124 0.1784573606144387 0.15385158404557514
2 0.7366320253973795 0.5598820901542931 0.16285220798203354 0.19816302616718495
2 0.8915588059401915 0.4686593087254364 0.21688238811961683 0.2730411998023559
2 0.9617212392002269 0.2066227693334847 0.07655752159954617 0.26098227360693615
2 0.626520415415913 0.5451587084713225 0.17989586424263582 0.23969807878390342
2 0.7632267856489985 0.6937642664908872 0.16230657095872517 0.18253802616718495