0 0.4859375 0.38203125 0.15546875 0.11328125
0 0.13515625 0.2453125 0.159375 0.115625
0 0.221875 0.5203125 0.15 0.1078125
0 0.2484375 0.40703125 0.15 0.121875
0 0.37734375 0.2640625 0.14765625 0.10859375
0 0.34765625 0.346875 0.1390625 0.11015625
0 0.28984375 0.6140625 0.14765625 0.1125
0 0.51640625 0.56640625 0.1453125 0.09375
0 0.746875 0.33515625 0.1328125 0.10625
0 0.759375 0.4421875 0.1125 0.0984375
0 0.5171875 0.2765625 0.1296875 0.09453125
0 0.10625 0.6625 0.12578125 0.11796875
0 0.1078125 0.44921875 0.12890625 0.1171875
0 0.52578125 0.725 0.14765625 0.11640625
0 0.71953125 0.69453125 0.1171875 0.1109375
0 0.6296875 0.60234375 0.13671875 0.109375
0 0.2125 0.7046875 0.140625 0.10234375
0 0.43359375 0.61875 0.13125 0.0984375
0 0.35078125 0.69921875 0.13671875 0.09765625
0 0.7609375 0.53046875 0.14453125 0.07890625
0 0.75625 0.60625 0.1328125 0.0859375
0 0.1203125 0.55546875 0.1390625 0.1015625
0 0.12578125 0.34296875 0.13671875 0.10234375