1 0.38203125 0.17265625 0.3015625 0.25859375
2 0.40625 0.8 0.2875 0.24609375
2 0.57734375 0.69765625 0.28125 0.2296875
0 0.540625 0.51796875 0.26953125 0.21953125
1 0.640625 0.340625 0.25390625 0.20390625
1 0.61875 0.1421875 0.24921875 0.234375
2 0.1484375 0.13125 0.25 0.20234375
2 0.278125 0.30859375 0.2359375 0.1734375
2 0.3625 0.04375 0.30546875 0.0875
0 0.91640625 0.64296875 0.1671875 0.1921875
0 0.9328125 0.5328125 0.13359375 0.15234375
2 0.71953125 0.8359375 0.234375 0.1859375
2 0.1015625 0.2078125 0.203125 0.2109375
0 0.4515625 0.346875 0.2375 0.17578125