0 0.6556637266312392 0.4611512841221277 0.16988877667402047 0.19968328453190337
0 0.9089536623204342 0.7554855192349316 0.1748673751024441 0.20615160835322097
0 0.6097712996239872 0.7702031064957032 0.16185795285270288 0.19463191149637407
0 0.7123290653397529 0.7027908205160579 0.1776285020669146 0.1984846575674327
0 0.80733969664745 0.5237689464470713 0.16000435442427943 0.1883091368892682
0 0.7365584698068137 0.5842206029810466 0.16291103060296203 0.18376718610347992
0 0.4970508217498938 0.7370888536002191 0.16803517824559702 0.19336050992479753
0 0.46404130686269757 0.49904519809970116 0.1489213052100677 0.18467471463952717
0 0.6100428957806082 0.18767955087135074 0.15309938296032682 0.17395553846084472
0 0.5024679902800904 0.21461238606520788 0.14114303846084475 0.1515711162111037
0 0.7464299677398991 0.3927223076957763 0.14194355913900908 0.16875861621110372
0 0.5115971269599615 0.9149227551717957 0.1637072431755744 0.1339127353176913
0 0.7194609768361271 0.8559158205160579 0.16396410835322098 0.17290246071058563
0 0.30648567204034405 0.5455307080244985 0.16952490363849115 0.19187078453190337
0 0.2697539977236884 0.3452417636488511 0.15400691149637397 0.1599658130679506
0 0.390488182793711 0.39912228081235884 0.15956770678164434 0.17893413688926812
0 0.4339579704259863 0.8449420490093239 0.15666103060296183 0.18347608767505647
0 0.44280846980681365 0.5979022291169478 0.14670383374611512 0.1705394400324213
0 0.39154353039356493 0.7075533649727587 0.14848465756743262 0.17529971463952715
0 0.4154239086008899 0.24528665136668878 0.13300520678164424 0.17769696856846862
0 0.3441139888323482 0.27757692059711114 0.1356207845319033 0.16690501778268024
0 0.611886071335609 0.8828486557099149 0.15331770678164425 0.17864303846084476
0 0.8170958021051866 0.8004769956612829 0.15168243217453856 0.1770077638537387