0 0.2573112094309088 0.6005994292790543 0.3105395464634092 0.23435799917143055
2 0.2657417692401909 0.3168601300648426 0.24093270060802235 0.1718536910658786
2 0.8647735409518397 0.6375025014432328 0.22074753460041094 0.17403262117350238
2 0.57832534087529 0.3869929633966729 0.2897177104938541 0.22091192927905431
2 0.6348486190127295 0.6518410215022248 0.26344437056996634 0.1884975355653605
2 0.3995822114452562 0.20177028515107587 0.2511353715585495 0.19260283870851377
2 0.31836540905034794 0.44689654052775935 0.21316052768032892 0.14092902274507893
2 0.4698058922444339 0.5337887266312393 0.215869033611828 0.16912679735218497
2 0.11292579914483188 0.42598891935425687 0.22585159828966375 0.2031036910658786
2 0.42129811357552194 0.6677249249358281 0.1966096976422728 0.1557535020669146
2 0.06234219661650858 0.5768215192304224 0.12468439323301717 0.14114303846084475