1 0.1764596856641071 0.6405233606381376 0.2638322851643934 0.2966408320337258
2 0.7779026769576799 0.6507019565563688 0.2520759136130959 0.2808885626989076
2 0.7025352640219525 0.47980874856782274 0.23628713930283637 0.27758174936345326
0 0.5254847631174414 0.5060728985916852 0.22625704206179834 0.2649726613621805
1 0.3677308960886997 0.4025040979471842 0.20825067051050078 0.2491476666931806
1 0.17747771031305087 0.4125256299729558 0.2392550090451115 0.2448237933640895
2 0.10598336923424881 0.8640341333147736 0.21196673846849762 0.25265447469763486
2 0.29342477838258935 0.7476898759548203 0.17922491180407354 0.23163290268936265
2 0.05170086160167483 0.6547142246578641 0.10340172320334966 0.3093215506842718
0 0.6932852532793603 0.11997976257164074 0.20438868611433297 0.2350488040260897
0 0.5896213427184822 0.10166666191918554 0.16311523292582972 0.19240677068745357
2 0.8498340671650274 0.3508286785487327 0.1900805246489437 0.23019767202418073
2 0.1767651436023088 0.9028597286362287 0.21081574852966195 0.17890789202736243
0 0.35120073609364844 0.5838359139481387 0.18095118611433306 0.2347760840229082