0 0.39140625 0.53984375 0.02421875 0.0328125
0 0.4796875 0.35390625 0.01875 0.028125
0 0.49296875 0.3375 0.01640625 0.028125
0 0.25703125 0.2875 0.0171875 0.02421875
0 0.303125 0.29921875 0.0171875 0.0203125
0 0.365625 0.5296875 0.021875 0.0296875
2 0.37421875 0.55625 0.02265625 0.03046875
2 0.68125 0.621875 0.0203125 0.02734375
0 0.803125 0.2671875 0.0234375 0.025
0 0.8 0.3046875 0.01875 0.021875
0 0.8234375 0.3546875 0.0171875 0.025
0 0.78984375 0.628125 0.015625 0.0171875
0 0.7828125 0.653125 0.015625 0.01640625
0 0.52734375 0.771875 0.015625 0.02265625
0 0.53984375 0.784375 0.0140625 0.01953125
1 0.70390625 0.78125 0.0140625 0.01953125
0 0.57890625 0.84921875 0.0140625 0.01875
0 0.79609375 0.6609375 0.01484375 0.01953125
0 0.7796875 0.6390625 0.0140625 0.015625
0 0.7 0.634375 0.0140625 0.01953125
2 0.690625 0.5984375 0.0171875 0.0203125
2 0.709375 0.58671875 0.015625 0.01640625
2 0.7125 0.57109375 0.01484375 0.01953125
2 0.6875 0.56953125 0.015625 0.0171875
2 0.671875 0.5828125 0.0140625 0.02265625
2 0.6703125 0.6125 0.01484375 0.01953125
0 0.91875 0.3875 0.01171875 0.01640625
2 0.81953125 0.334375 0.01953125 0.0203125
0 0.94609375 0.7796875 0.0140625 0.01640625
2 0.9484375 0.7640625 0.0140625 0.015625
2 0.9578125 0.77734375 0.0109375 0.0171875
2 0.81875 0.890625 0.0140625 0.0171875
2 0.7453125 0.8109375 0.0140625 0.0171875
2 0.72734375 0.8078125 0.01171875 0.01640625
0 0.3953125 0.5109375 0.0203125 0.0296875
0 0.496875 0.36328125 0.015625 0.01953125
2 0.5609375 0.3453125 0.0125 0.01875
0 0.521875 0.1953125 0.0140625 0.01953125
0 0.28359375 0.28671875 0.01484375 0.02265625
0 0.28203125 0.30625 0.01484375 0.0203125
2 0.271875 0.28515625 0.0140625 0.021875
2 0.1421875 0.2765625 0.01484375 0.021875
2 0.15546875 0.26796875 0.01484375 0.01875