1 0.2346444359484569 0.388035746456621 0.21232037603436202 0.2604365361123346
2 0.8022682879535475 0.3703423704027216 0.20123742536599848 0.2475545901960187
2 0.7253592479312759 0.5317858126908405 0.18715674403245294 0.2455010168750409
0 0.5599251519335031 0.5095958102437698 0.17921697469763487 0.2342906983633867
1 0.4086888212524128 0.6106076948200077 0.1665533426957259 0.21979168874473984
1 0.22822916191918555 0.6035243372007938 0.19460561736154416 0.21452383538669526
2 0.16360687197645563 0.1792212524470707 0.19778516136218052 0.21932046279135697
2 0.3483807666295472 0.28571433302444255 0.1398635733609078 0.20792660580511538
2 0.07206480931731893 0.3767832440095502 0.14412961863463786 0.28169148801910043
0 0.7046803845480965 0.8845139315731638 0.1638828760343621 0.23097213685367243
0 0.6052343678787783 0.9025719616102308 0.1337408426957259 0.1948560767795385
2 0.8607416699156858 0.6514038866447904 0.15074652936027136 0.20362105172143127
2 0.24245912531827343 0.11944943756361352 0.17412948535963518 0.19975200725639414
0 0.3973893366088663 0.43983140335019544 0.1414260733609078 0.20798116950744613