1 0.49838733887551345 0.1622475534691592 0.17957515439406196 0.21194652985783752
2 0.6484304544732042 0.24513784240218306 0.19395590314042083 0.2229658430895541
0 0.7244236192921074 0.5213145230221464 0.19984219028743927 0.21050220452587248
0 0.5806699561225569 0.38612593588452065 0.19225701082055266 0.2182692527304745
1 0.4057384330947963 0.897521457256347 0.1357054824490227 0.1538885901626877
1 0.3141048625616829 0.8891771712501895 0.11493834138279588 0.1381454154946528
2 0.7424783196751836 0.17538439948557955 0.16161476458147633 0.18528403590796177
2 0.803598990762293 0.39679631205336624 0.15352947994174002 0.17586358411256367
2 0.2950115332530808 0.9568635992378741 0.11504598997087019 0.08627280152425172
2 0.4738495870931468 0.9550561804235717 0.10424488229073817 0.08988763915285673
2 0.4800501790046682 0.3105532432625048 0.12959187476889084 0.1585397287263694
2 0.5883327257851052 0.05888217983439646 0.1309437746106063 0.09762040944452866
2 0.3606028116911178 0.5543481741770557 0.09546091567683294 0.11303633118569749
2 0.22886707838416517 0.563736288834828 0.099875631037097 0.10368860226293641