0 0.52421875 0.35234375 0.259375 0.3046875
1 0.35234375 0.2953125 0.23125 0.26171875
1 0.725 0.628125 0.209375 0.28828125
2 0.46015625 0.58984375 0.2296875 0.26953125
1 0.09453125 0.378125 0.18828125 0.25625
0 0.6171875 0.525 0.1859375 0.3109375
0 0.89765625 0.48359375 0.178125 0.278125
2 0.509375 0.171875 0.2203125 0.2203125
2 0.3296875 0.48671875 0.1828125 0.21796875
2 0.2859375 0.6578125 0.203125 0.2234375
0 0.52109375 0.74921875 0.246875 0.253125
2 0.95703125 0.20078125 0.0765625 0.215625
2 0.2171875 0.4734375 0.1578125 0.22578125
2 0.1265625 0.58046875 0.21171875 0.221875