1 0.14824683147431264 0.42636940543716156 0.25706344499482003 0.2230592191541536
2 0.2696210254356754 0.3049501473194867 0.27192646567298445 0.24049218100470685
0 0.5531783881321225 0.3106815446389734 0.2611345148871962 0.24342626623205438
0 0.38431276406313586 0.4109428230491877 0.2670934164587727 0.2372853603878557
1 0.8215022791597291 0.7274186258058359 0.18732883374611511 0.1671989569792892
1 0.787775788465354 0.8136191785657795 0.16748721463952715 0.143434174511885
2 0.22943913523663834 0.19400296468992687 0.22635710049533805 0.20066602191409727
2 0.45752774793308537 0.19876615137667647 0.21491017824559702 0.1895376071414449
2 0.8477843351983664 0.851415233354318 0.11854029238978611 0.13165119480442442
2 0.8964873165871164 0.6786868453670267 0.11966614474715094 0.12230346834337488
2 0.2838354210113959 0.4865956136342667 0.19023550992479743 0.16256600405718977
2 0.07547076509659317 0.31016197848964455 0.13191358767505645 0.15061938311602718
2 0.4823884292835635 0.6722406075451867 0.1367080955329394 0.11947847727182861
2 0.4544367495902245 0.8023275279998818 0.12896837014004525 0.12090460957707698