1 0.5163048796559371 0.54140625 0.3517859312301391 0.278125
0 0.4202143957078469 0.3734375 0.3660666367772224 0.2875
0 0.18941768417683993 0.42109375 0.3311097553183336 0.2625
2 0.13471396001239558 0.76953125 0.26942792002479116 0.2546875
0 0.7038971050546523 0.4703125 0.32068140159486125 0.284375
0 0.3682258298846869 0.79453125 0.30073127108590303 0.2328125
2 0.7942707979682984 0.31328125 0.318246079406528 0.246875
2 0.6608809889820833 0.103125 0.28129028685347246 0.203125
2 0.49932654635277773 0.0625 0.22947190729444458 0.125
2 0.8491252181805209 0.13828125 0.27115287385944453 0.2375
2 0.40247680936746477 0.63203125 0.2849608007211808 0.2265625
1 0.19515527184840226 0.6109375 0.3087983442241669 0.24375