0 0.42013329722264325 0.6503169630496185 0.24644879488495217 0.20102221181534752
0 0.4419668697259379 0.5094380431217365 0.23549311416679294 0.1976426386770836
0 0.29955211074894744 0.4670660923243058 0.20737720452587266 0.1985505220358336
0 0.8462271228491959 0.4454197492375007 0.23702834308955403 0.19299150626826406
2 0.7174486587571576 0.5986512391695145 0.1837215359079618 0.16050500816812524
2 0.8627384328594585 0.5981271751493062 0.18994426483072288 0.15596297853284735
2 0.18179698418731843 0.5010390891901737 0.17431926483072294 0.15559930262104177
2 0.645750399878363 0.4930902637707991 0.13192268657189174 0.11867987765916688
2 0.7903861890077787 0.5144230159550007 0.1476113190854491 0.12998105357097245
2 0.1366991493873837 0.8054168114547571 0.1413431383672898 0.12671058320625014
2 0.5206469025106417 0.740925738885174 0.15545109016268785 0.13485039152687506