0 0.33075643747879546 0.09678737861710054 0.1635218413771451 0.12617300992479746
0 0.1583804404740204 0.12553730913900915 0.16363096878180677 0.12929800992479742
0 0.3183779446503716 0.24958489288512417 0.12585815027015243 0.11973891935425689
2 0.4814061903892023 0.46611107505966265 0.12687501324684405 0.10418669396136267
2 0.5777554007334886 0.44086282609311994 0.12018850362819719 0.09139559553293938
2 0.8480554878494644 0.5434421323366451 0.145952395460829 0.11443498924663302
2 0.4752528717927301 0.7991782861845331 0.1306002139724832 0.12151974317557439
0 0.5386035544622022 0.8897712069865321 0.16105160580511538 0.14477746071058561
2 0.6324899968351391 0.6437374230738013 0.14271826805616747 0.11116444003242129
2 0.6314954704262693 0.5153577119489308 0.10752481252120454 0.0861258986760923
0 0.6958654721555497 0.800845755786459 0.1753670769491748 0.10800520678164424
0 0.39623009302160755 0.5075301335794993 0.1043452488188736 0.08441784946188058