0 0.23689236570141245 0.9333503312985215 0.0889590237259962 0.11692190637700647
2 0.5619931833821787 0.8419352787212736 0.1327726907221905 0.12077724672063965
1 0.3359599239906387 0.8091548354823932 0.14064885771838495 0.12274918249628826
0 0.207987479808407 0.6851142271600785 0.1373965237259962 0.11946040818602892
0 0.22197833703250042 0.7979041542293001 0.1397230276803289 0.13829229534115867
0 0.6492451966908707 0.5046223072154046 0.15652852570316256 0.1298180540475858
0 0.781710186805039 0.450705011874246 0.12327035672980173 0.11716092378986112
0 0.218090766805914 0.06842801616965913 0.16019735376405234 0.10506371551297518
0 0.5968988577183849 0.08458976820582405 0.14721719269935693 0.13088923111680742
2 0.28467472482831013 0.2614509978522934 0.13602502471457942 0.12406602103089917
2 0.42839684440969317 0.42616087177844014 0.11832818874502422 0.11066526232447185
2 0.4484612880976333 0.5535079438047076 0.11513952174882984 0.1089389880142125
2 0.329862479808407 0.678727029059958 0.13883168973360743 0.11641729534115867
2 0.7456546926993569 0.08462298846849761 0.1298386917107738 0.12530097241038013
2 0.7633899042189751 0.6928039806665816 0.1133860207602467 0.10416960085908258
0 0.7853033493897901 0.8271004155377192 0.13414418973360753 0.11617163387576923
2 0.7847675667293643 0.2759539953659026 0.12607702174882968 0.10951219810012063
2 0.7797670489348671 0.19166088252103233 0.10050401878308027 0.09413950361804461
2 0.7671755015200559 0.36299697196015424 0.12107118676785796 0.10145403663473145
2 0.877741633915839 0.19435543532542282 0.11169618676785795 0.1009627137039529
2 0.31876983501815304 0.38727983548239303 0.1146938527754691 0.09800148801421242
2 0.23855704748917345 0.6091349033247889 0.11826452174882984 0.10910276232447202
2 0.5822287930405492 0.5699850356186785 0.1321996877564411 0.10671474672063966
2 0.46720597091115845 0.62925157225341 0.11019735376405233 0.10244332654882307
2 0.23606878707186904 0.16378478177349134 0.11325868676785786 0.10104460085908266
2 0.42086559832684484 0.0517882714273839 0.11201452174882984 0.1035765428547678
2 0.020021975816893273 0.28001837064678636 0.019797846843970048 0.06496325870642732
2 0.041384981254100735 0.3047350876300996 0.06125051779449714 0.0874048247398008
2 0.1754098127750316 0.2890990422889409 0.11482118676785791 0.10112648801421234
2 0.07230471741393629 0.23734951379480992 0.12119852076024666 0.10457903663473136
2 0.4363101620904596 0.35136891169253187 0.11475751977166357 0.09956398801421233
2 0.5238499017475172 0.6936139654014335 0.10056768577927463 0.09570200361804453
2 0.3637546601504743 0.7419330359573628 0.13414418973360745 0.11617163387576959
2 0.2831904096561827 0.743806474446545 0.09750635277546911 0.09710072930778502
2 0.1718974239906387 0.817752986771017 0.04680601581733077 0.07729284034363318
2 0.5234373607584966 0.8948455947546471 0.13114652372599628 0.11913285956551008
2 0.3230354541424255 0.9531062313439499 0.12917284684397004 0.07069535956551007
2 0.43636578368619006 0.9291597190194782 0.11919035178688589 0.0935596494796016
2 0.7833111319758539 0.5860659797620704 0.12145318874502423 0.11082903663473154
2 0.8537589417479549 0.47041664631584224 0.1225700197716634 0.09997342378986111
2 0.8998169051703773 0.2941949830414307 0.12483285672980174 0.11724281094499087
2 0.948622501748611 0.41410801334458397 0.10275499650277808 0.1091846494796016
2 0.42152217292769345 0.02010670284981903 0.1117943458553869 0.04021340569963806
2 0.04373670703381295 0.1895228454320157 0.07563135277546909 0.09595430913596861
2 0.23015961566423143 0.537546508367743 0.10174818380210837 0.08640889077317446
2 0.6267573844473118 0.6060143888526104 0.09537084980971962 0.08295634215265543
2 0.6915785712151696 0.6981332898025501 0.09718801779449712 0.08928822930778502
2 0.7182883098464631 0.6427121274326497 0.09868685079830257 0.08780761646291495
2 0.5552153068807135 0.6371658915661438 0.10512785178688588 0.09282266508343398
2 0.5008647520143474 0.3793024819097769 0.1163200197716634 0.09964587516934209
2 0.5140624303792483 0.4341980218238687 0.09712435079830276 0.08772572930778502
2 0.6454941611018764 0.33570853290514513 0.1069450197716634 0.09915455223856365
2 0.6972675667293643 0.28053967605316865 0.12607702174882984 0.10951219810012063
2 0.3572938241437381 0.3335882694490195 0.11794618676785795 0.10129026232447184
2 0.24381891456191748 0.3732007253510562 0.09237318380210838 0.08591756784239593
0 0.10014982760377919 0.3635059000454285 0.10362901878308031 0.09430327792830413
2 0.12790475448580535 0.4105922619857877 0.10187551779449713 0.08953389077317446
2 0.048787598858317446 0.46719414405253473 0.05436384783255323 0.07145227611928177
2 0.03868308699531935 0.4113535798281835 0.046678681824942 0.074167840343633
2 0.0423691611018764 0.36731697478522934 0.057743515817330796 0.07786605042954128
2 0.38901471494247836 0.2090076713034703 0.08743101581733086 0.07942190637700657
2 0.3643211210642578 0.16019503505285168 0.10968801779449713 0.08994332654882316
2 0.5287762574143737 0.02266845884271284 0.10442751482874754 0.04533691768542568
0 0.9769550667293643 0.6307256252849431 0.04608986654127136 0.10064180913596861
2 0.9968829061589606 0.684430479423386 0.00623418768207884 0.09242651741285464
2 0.9474499446951139 0.659580965628576 0.1051001106097722 0.09923643939369349
2 0.8889284150933902 0.7378973954113311 0.10838018577927463 0.09611143939369349
2 0.7857463597699135 0.8764010526928487 0.09604201186299814 0.06116322930778537
2 0.9187206858536368 0.8349837573516901 0.09310801285158092 0.0656869549975255
2 0.636524951176676 0.9225844131628698 0.07914367193911023 0.029094357756487454
2 0.5509376196557451 0.9356819566950062 0.08408583992388792 0.0355900192218769
2 0.6495104294278462 0.8185586544564426 0.12145318874502423 0.11082903663473154
2 0.6747770262718162 0.8814337907070613 0.11007001977166339 0.09931832654882307
0 0.21768476786885924 0.8654601464273839 0.0941266847906915 0.0906869549975255
0 0.27895519030226107 0.8896512409548885 0.10232118676785787 0.10047139077317446
0 0.1151487223940332 0.6547483757351691 0.0691266847906915 0.08937676051544959
2 0.5194635603035737 0.25932417458283064 0.09875051779449713 0.08937011646291486
0 0.5702421517103362 0.2950259791962434 0.11182352076024671 0.10408771370395282
0 0.5063494535737718 0.14883705393604427 0.11013368676785795 0.10088082654882316
0 0.6971124219391103 0.008254076775965744 0.11609984387822045 0.016508153551931488
0 0.9708761630790427 0.7600822546381567 0.05824767384191461 0.11248006784239592
0 0.8881551408731024 0.6228489275235067 0.1340168557412184 0.11304663387576941
2 0.839338367109925 0.11651039631584226 0.13133752471457924 0.1238203595655099
2 0.6129933844101307 0.21057905811991579 0.10362901878308044 0.09430327792830404
2 0.36874597729976805 0.2687887850528517 0.10688135277546902 0.09759205223856356
2 0.09772387007567465 0.16946929500247437 0.10531885277546911 0.09751016508343384
2 0.512046355246927 0.07729292458283063 0.10031301779449713 0.08945200361804462
2 0.4914605074887358 0.8017883135469827 0.1163200197716634 0.09964587516934209
2 0.6221401631162238 0.7424841553609538 0.10181185079830275 0.08797139077317447
1 0.9574105585735531 0.5590110775689352 0.08517888285289388 0.111900213703953
0 0.680881221368269 0.22424541044933646 0.10369268577927464 0.09586577792830413
0 0.27897782315515485 0.33299512720550706 0.09537084980971962 0.08295634215265543