0 0.4762268060395143 0.4917668818261863 0.1541822729857641 0.18056017447164335
2 0.3444676597629865 0.4691282916634984 0.104435539703264 0.12402837334017516
2 0.11841561246027825 0.5568635992378742 0.10120143692972232 0.11932269262201593
0 0.664566526688577 0.6967412490180414 0.12652874525034735 0.1335306383672897
2 0.4035952719389243 0.8280174783335859 0.091608231382639 0.10989315046753845
0 0.36257992049656285 0.37471521633153343 0.12409472948277785 0.16319995764913048
2 0.08472833064079896 0.4184050872358217 0.10748780452090287 0.12092155405833438
2 0.05076959830822945 0.33540623487468946 0.08866506933854176 0.11768746974937896
2 0.43676230290538226 0.37358450838781526 0.10577983415618064 0.11466246369925467
2 0.230694794071667 0.4137862858097659 0.09622299620027785 0.10679542154477702
2 0.15903799961875037 0.42274312929210345 0.08862870174736122 0.11612496974937905
0 0.8218380852935423 0.9093463090283042 0.127545731382639 0.11010222872636959
2 0.7299972777354167 0.051115652510641665 0.08811955547083343 0.09424996974937898
2 0.7444611276591668 0.13556337538327862 0.08037979065319459 0.0973295179539809
2 0.6652080791221875 0.05308215260883753 0.07729115824437507 0.09887383723582163
2 0.48110332930961874 0.8690879059284871 0.10287303970326392 0.12401928298109581
2 0.35894969348232686 0.5543572645361353 0.10552526101791679 0.10372496369925485