1 0.5363294915184355 0.7092185607235032 0.300710745242489 0.32883856030357367
1 0.6871514369275402 0.7711707795831331 0.25732031017246637 0.2678082184025195
2 0.4192681542576637 0.41420183247233294 0.23922528163641915 0.2811067144481868
1 0.5645164958616615 0.5413479698110322 0.27127580231458365 0.2995675543720745
0 0.4658092063673596 0.3042883215979181 0.26593333085063087 0.2853140533834915
0 0.7079604348606257 0.5793361066554397 0.2576499499572186 0.3083695514063251
0 0.6208841581866051 0.3903319564651593 0.23998726095825482 0.26398288144438115
2 0.31482028701310266 0.18833435224399647 0.23181088792272542 0.2558520464634092
2 0.09930229487098552 0.16580673072262808 0.18169526385373888 0.15088070357377187
2 0.04654332195929074 0.2094413255894318 0.0804238622821623 0.15299234882113638
2 0.19741661724456105 0.22207929395477022 0.18460624813797316 0.21338070357377187
2 0.12437733932768631 0.48570539524736456 0.15738877667402046 0.19823586463846715
2 0.31942016563020326 0.5223737712173572 0.19085624813797314 0.21363537155854928
2 0.2620122340748373 0.6006380340689385 0.18744014970954978 0.2072580375661605
0 0.4361774801458959 0.609195997491361 0.2298845148871962 0.24797587946721472
2 0.10628865715314784 0.3158067307226281 0.1921276497095498 0.20744903855474384