0 0.6055814130412401 0.09129346958530503 0.2295040314288567 0.16935858887329502
2 0.5404785997600037 0.2247887222988385 0.22298101564384112 0.16434354025277598
0 0.4966893443571575 0.3744069419956852 0.21755006299888785 0.17807849163225703
1 0.7915490051204975 0.1089745352799943 0.18548101564384128 0.16237824852966196
1 0.5495607992800109 0.7305407553155252 0.21166408404557516 0.18400094301173803
2 0.4724662202137588 0.8599626616925319 0.21213452090551305 0.1653328301668676
2 0.6181764784592024 0.48245073609364847 0.17346686305535747 0.11657442559888338
0 0.9490506919804353 0.2897254890343245 0.10189861603912931 0.15926653663473136
2 0.9091102615211195 0.7125731688170795 0.18177947695776098 0.1775871687014785
2 0.9039036984163509 0.5816507174375984 0.19219260316729816 0.13827900723608924
1 0.6884266072289884 0.6660577741987178 0.21186150512049745 0.16064533016686777