1 0.4864550785836862 0.8562730128656166 0.2068196159934022 0.24019440564770314
2 0.33810615828799967 0.768291976576528 0.22285379295300628 0.2547115467139299
0 0.26253682310690285 0.49007839687221455 0.22561508010002482 0.24230247492717538
0 0.40543371377741827 0.6310707728947466 0.21793897241989288 0.24676265439406198
1 0.5779538522698556 0.13019389766363737 0.15495558762187223 0.17467705423577734
1 0.6698458355768082 0.14303252995437557 0.13092705423577727 0.1536825926364372
2 0.2455489337565357 0.8320613083924127 0.18573422618081664 0.21304087226160817
2 0.18472640868371107 0.6113563518076373 0.17604097743445785 0.20183058762187223
2 0.6890792203748288 0.07322013512722506 0.13121655925034226 0.10997805674305985
2 0.5117127383215175 0.06884120902555076 0.11719952335696497 0.1111313797834557
2 0.5055724546062181 0.7098299218785321 0.1504044799417404 0.17922816191590946
2 0.3975851437065233 0.9473476761016743 0.1439893438900784 0.10530464779665145
2 0.6235114270261111 0.4724328734487425 0.10993259263643722 0.12965405925034226
2 0.7542074975592246 0.46841662635173636 0.11117684389007838 0.11876202335696498