0 0.5039227758921392 0.45224533695273106 0.0467798247398008 0.060105340343633
1 0.5604660249876281 0.42499676221293026 0.035351001809022266 0.050157130257724704
2 0.5283119442549334 0.4243316988930902 0.03683161465389251 0.048676517412854635
0 0.4683128245126582 0.4603787415207153 0.03576043758467105 0.057969630257724704
0 0.5079242011523384 0.3940643447546472 0.042010437584671045 0.058297178878243816
0 0.743386904113699 0.8509783288121306 0.042010437584671045 0.058297178878243726
2 0.7048599926483098 0.8482970641128096 0.04184666327441171 0.05517217887824373
0 0.6633585673881106 0.9084433480340074 0.04513543758467105 0.0584609531885036
2 0.63785727837853 0.9450326232487782 0.041601001809022264 0.050484678878243726
0 0.5437798139972086 0.3906184401866629 0.034859678878243726 0.04078213025772479
2 0.5567069391665507 0.5027499479885791 0.030008404567984214 0.03741146879233561
2 0.5425315745126582 0.45648910165205214 0.025075243102595124 0.03247830732694616
1 0.36219122003553095 0.25912385798363025 0.026801517412854546 0.0356851944820761
0 0.7591890507682256 0.24066827058067322 0.03165279172311415 0.03905585594746537
2 0.7406780681810801 0.27610780359736 0.02326708163720568 0.027708920171816497
1 0.7751349553362099 0.27586878618450544 0.027790807326946165 0.024829581637205767
0 0.3314934187014785 0.18160968962083598 0.03132524310259503 0.03280585594746528
0 0.3711357728399215 0.16073062358746243 0.029598968792335523 0.029598968792335523
2 0.36631879805469214 0.18840192220798144 0.01981453301668674 0.021295145861556987
2 0.381278734734852 0.21973713138937856 0.020223968792335522 0.029107645861556987
2 0.3251106218899818 0.22424756897404965 0.023267081637205766 0.027708920171816587
2 0.6945676238105458 0.9060243549314124 0.028855340343633174 0.04514208163720568
1 0.14719133480096516 0.9699639399595202 0.030008404567984304 0.03741146879233561
2 0.18251468113749203 0.956361785391536 0.03296963025772479 0.034450243102595125
2 0.18548255087976723 0.9233036239261466 0.026637743102595035 0.0325601944820761
2 0.10592012437637263 0.7355413523294206 0.029762743102595034 0.03272396879233561