0 0.90234375 0.6375 0.1953125 0.225
1 0.7015625 0.496875 0.259375 0.2046875
2 0.10859375 0.1984375 0.21484375 0.19453125
2 0.43515625 0.56484375 0.2140625 0.17890625
0 0.315625 0.4140625 0.27734375 0.1734375
2 0.51640625 0.43671875 0.2109375 0.153125
0 0.253125 0.228125 0.21171875 0.18125
0 0.02578125 0.2671875 0.04765625 0.22578125
2 0.5109375 0.78046875 0.16484375 0.128125
2 0.66015625 0.88828125 0.23046875 0.16875
2 0.91953125 0.90546875 0.1609375 0.1453125
2 0.47734375 0.671875 0.20625 0.13671875
2 0.39921875 0.85859375 0.1484375 0.13125