1 0.5265625 0.5612995277175099 0.340625 0.2638794051703773
2 0.2921875 0.36659322828835117 0.346875 0.22038407315515496
2 0.38828125 0.8989143204179607 0.23125 0.20217135916407863
2 0.16171875 0.5323707841061195 0.3234375 0.2600540682122389
2 0.634375 0.7570988004549231 0.2625 0.16069605536065765
2 0.84765625 0.7900080954354574 0.2171875 0.2275997124710205
2 0.77734375 0.5941743306067098 0.2125 0.1899087114824372
2 0.60625 0.9434939679082278 0.240625 0.11301206418354433
2 0.1453125 0.7043585306460785 0.290625 0.16496706129215682
1 0.57890625 0.41108862209002206 0.265625 0.19832338935304658
2 0.38828125 0.7158212485543063 0.2140625 0.16653487847863174