1 0.6556820207028718 0.6883591047703119 0.23493192775829588 0.21631990349472244
1 0.27145048579654046 0.15221123774781226 0.25381829545304757 0.2245688145888891
1 0.5286026923720877 0.27351796761183983 0.20324555113509035 0.19059255167111128
0 0.699546437907861 0.27812946637756886 0.19831258928453738 0.17642094889756957
2 0.5242855649381035 0.4313668352030204 0.16807961850553071 0.144479964665139
1 0.35541678815274225 0.4868388512549302 0.21232054220663682 0.17362325721819474
0 0.7573615231385038 0.7687713437523952 0.21289328652459397 0.20643575721819474
0 0.5619302463531426 0.8248616088543745 0.26577282467404084 0.19360975531833374
0 0.32583620251835754 0.30244632066972194 0.26656375730360066 0.23892225531833358
2 0.4208016493513769 0.09641256658565936 0.2108125892845374 0.17671188962701406
2 0.26003747321463877 0.0497077528497916 0.2049250535707224 0.0994155056995832
2 0.14069140949764664 0.12714111540697906 0.14669554220663672 0.17209581838861127
2 0.8050230961876915 0.3647007863817008 0.207496674511885 0.16570165444465293
2 0.5021809196472116 0.6239907462971871 0.16347393912238156 0.14905836189159735