0 0.9313176155944103 0.6529073415681937 0.12086062670923639 0.16054006933854162
0 0.8954379330330908 0.8241472151432978 0.12398562670923638 0.16061280452090293
0 0.7782835345723618 0.6603776155038883 0.11530030452090294 0.12293096656499998
2 0.5687597981557296 0.4909412037441315 0.09971167211208343 0.1241297906531944
2 0.5978095588893059 0.39568260192052035 0.08706620174736131 0.11758884992375007
2 0.5062526128415279 0.1226646356398607 0.10952308320625015 0.14309799620027785
2 0.2356927250174657 0.48775000066559004 0.11540940729444457 0.12761846656499998
0 0.14817323480111147 0.42178146818052076 0.13797539152687516 0.15781511284152785
2 0.3978628038553128 0.3354575360004511 0.106325348023889 0.1399002610179168
2 0.5253702080156253 0.33952482731923567 0.0820877610179167 0.10497974715020844
0 0.24306489466100717 0.26714655993614567 0.10083906743868072 0.17256729065319448
0 0.5238122804882991 0.5748447314795482 0.08048889342673622 0.10338087955902786