0 0.3567905139242762 0.5768512635676674 0.23512152936027153 0.21063868611433315
0 0.5797478506126843 0.4282820460185272 0.22402039735836254 0.19600297602842467
1 0.321263188613957 0.4053547218445533 0.2067419906906352 0.18728971732199753
2 0.5203695665579595 0.828540995588986 0.2178976666931806 0.20661292740790566
2 0.2297654846037756 0.4756052668470277 0.18766472668681722 0.15818207146044044
2 0.690420079248913 0.6584376147654342 0.1829772266868172 0.15793640999505118
2 0.5525666379296851 0.5472434079588864 0.1672067760184536 0.1446175384437538
2 0.4463626386060028 0.4705403878324983 0.1908442706874535 0.16303334577069997
2 0.7566332358768694 0.9355949601416791 0.19071700135263542 0.12881007971664182
2 0.6212679005410967 0.9389208163720578 0.20330790802036275 0.12215836725588432
2 0.6986400172263231 0.8253761312737776 0.2097033586887264 0.17339099163225705
2 0.5526286305697317 0.7434599886915809 0.17198518268618096 0.1526756999091429