2 0.32242155627487884 0.5194376066200022 0.17585152866891204 0.13791926535645338
1 0.6057261461987666 0.4849058759150493 0.19016869665368966 0.14433289735836255
1 0.8590076550960152 0.4397911812142327 0.19536553262324502 0.15688744135899882
2 0.7331959357049126 0.6911365998965957 0.18905186562705048 0.155252216024817
2 0.7323735819408603 0.7879752372295048 0.18927735870696819 0.12245789735836254
0 0.14013563829010128 0.5278057319780464 0.1647866946765233 0.1346669960216353
0 0.09382702958313313 0.6486000373170008 0.1622983646384672 0.15025563335454456
0 0.7657444278334282 0.33311501456082304 0.2142428666156336 0.16023061736154426
2 0.37726427068588453 0.6874694439449571 0.15471135771838504 0.11737040802036276
2 0.49161327216875933 0.6791109565961395 0.14122186068413445 0.1312692760184536
2 0.624381940190718 0.27619394724700397 0.1681663626613009 0.14095335868872622
2 0.5171159268448451 0.34069334659454875 0.16147069368794006 0.1299431333545445
2 0.5088949085560565 0.42746664059518513 0.1640226907221905 0.1159169960216353
2 0.5869402900004375 0.19854166191918554 0.1540746877564411 0.10174540802036267
2 0.7054329634224226 0.16514681190327718 0.1558918557412186 0.10801358935390817
0 0.7306677963890471 0.5615400065643229 0.20429486364988403 0.14605902936027154
2 0.7174740711036265 0.44456159190009553 0.1597808596955513 0.12679995202099903
2 0.41642758836665095 0.7611972979392301 0.1704636917107738 0.12067722135581711
1 0.568393289468965 0.5962251839195037 0.16415002471457923 0.1190419960216353
0 0.5469109258190809 0.7401569972549582 0.1342715237259961 0.11400905068427196