1 0.8305135032310413 0.5309723355563313 0.23579594889756947 0.20338792794496657
2 0.7372511996600688 0.6747099226723071 0.24862325721819456 0.2178869375636136
0 0.4573987390789925 0.7392163336574148 0.2377948599917362 0.22219249164729754
0 0.6021144398764231 0.6019668487183572 0.24226415444465293 0.21298118275429
1 0.10698704388423577 0.40875249582364875 0.17056968597979177 0.15115081614940157
1 0.12239579796829833 0.317810037293461 0.15131053970326397 0.1286210517214313
2 0.7991498279848257 0.7699157844678722 0.20872430262104177 0.18058534500534212
2 0.5766741095199646 0.8215700205880561 0.197604964665139 0.17239089908902622
2 0.05279573204822907 0.2941245114327454 0.10559146409645814 0.1288740228654907
2 0.048306294168576215 0.47216766587924913 0.09661258833715243 0.11621033175849824
2 0.6841112819163885 0.5055308475372309 0.17514808320625014 0.14662700725639405
2 0.9276774843293397 0.6227183806543406 0.12042421561506948 0.14315477767481416
2 0.4501746526417011 0.37773319663410615 0.1274002610179167 0.10749009618646851
2 0.45008634650527757 0.24715531922944445 0.11653549620027785 0.11023315027015243