1 0.17406018959695382 0.10591269410221746 0.21999537919390763 0.21182538820443492
1 0.37443743949875796 0.15883427514292545 0.24227035499341082 0.29121531015895175
1 0.13757026121648563 0.5445262715995464 0.22675443930236622 0.30941967313564334
1 0.26775825184671176 0.7603372661572507 0.24713966217500313 0.3226290012659444
0 0.8185197584860111 0.3347717155321278 0.251881704329481 0.332167692372937
2 0.4374424753085238 0.3777727589008567 0.17768970452587246 0.19991569836338668
2 0.38841514373004293 0.5467062973754441 0.19521354781181843 0.2583283990890262
2 0.5763832972226434 0.6206274030957413 0.18722833098930564 0.22836808057737185
2 0.58417202956325 0.34764377088175624 0.18247719847574828 0.21726688947037925
2 0.6740344811622563 0.48203363984889747 0.17452834308955403 0.19355657095872497
2 0.3623491100615764 0.9015946940173993 0.20095448770335986 0.17104665389834964