0 0.584375 0.44609375 0.29765625 0.2640625
1 0.5765625 0.26640625 0.25625 0.2328125
1 0.41328125 0.7390625 0.2796875 0.215625
2 0.35859375 0.484375 0.2640625 0.2328125
1 0.4203125 0.0828125 0.24140625 0.16484375
0 0.465625 0.6 0.296875 0.1953125
0 0.6015625 0.8578125 0.27734375 0.2265625
2 0.7359375 0.36015625 0.21953125 0.2203125
2 0.40390625 0.325 0.2140625 0.184375
2 0.24140625 0.3546875 0.21953125 0.2046875
0 0.240625 0.603125 0.25078125 0.2484375
2 0.87421875 0.82109375 0.221875 0.17890625
2 0.378125 0.21796875 0.21796875 0.165625
2 0.2546875 0.178125 0.21875 0.21171875