0 0.49095871629666626 0.4386299288692788 0.15560795285270287 0.19434081306795062
0 0.38363852192101866 0.41634401406313587 0.1336216368892682 0.15745724317557439
0 0.4975789356937043 0.6145010701017731 0.14884853060296183 0.18311221463952715
2 0.39587519458504444 0.5553144687778656 0.14608740363849115 0.19077916542531542
2 0.9130242690255346 0.28099063337912067 0.11883139081820956 0.1411772717116218
2 0.07188553867024172 0.8933432775025899 0.14377107734048344 0.1941952638537387
2 0.836174978702663 0.22376463834151944 0.11468754631872749 0.11915672249741008
2 0.6070203639393014 0.4238696079434453 0.1064769400324213 0.1437200748547749
2 0.3869859222542502 0.9135443457423363 0.10462334160399793 0.13739730024766886
2 0.7723713821362664 0.43877536228667147 0.10502144789030421 0.11247007485477489
2 0.7275940372224996 0.3122342870176119 0.0974272717116218 0.11679370181924557
2 0.8064446292407823 0.3264915320552132 0.09608309553293921 0.12140842721213971
2 0.8602737965281246 0.39258525889584933 0.1056036447471513 0.12497007485477489
2 0.36385267659296716 0.13818478081235885 0.08292812406898661 0.1067637303552929
2 0.4035658399513681 0.1893448664205007 0.05988873035529281 0.08074488585581086
2 0.17491203122664362 0.5125962375940032 0.11788532092583344 0.1208647717116218
2 0.8286898486378205 0.5016349272166489 0.08419952564056317 0.10058650496239867
2 0.5962754549241267 0.5374055690683159 0.11258139081820957 0.14088617328319836
2 0.5999376482663169 0.6596251714256807 0.11087334160399784 0.1376883986760923
2 0.8974420026905964 0.46491186911109705 0.08783394789030438 0.1116695541766104
2 0.763589233460174 0.5436447988044362 0.08954199710451576 0.11486732878371626