0 0.5152144007227971 0.3532970398001732 0.31703917231952305 0.3023314450978475
0 0.7055881744672297 0.5530210168144091 0.39188868611433314 0.24164982465687537
2 0.8875077233148913 0.3904625461653465 0.22498455337021744 0.2306006090418057
2 0.692973151288624 0.1481334950629161 0.25948562188998175 0.24637107940652797
2 0.6971150124360135 0.7495511779085758 0.21558513568479168 0.1829255220358334
2 0.9404799943457904 0.61438970222552 0.11904001130841912 0.15345492116215292
2 0.3321816519659925 0.6070799224933332 0.20324890999505119 0.18575958130638917
2 0.25653535730220234 0.9248506103729859 0.3323698439616777 0.1481894589655557
2 0.807162799070745 0.8643202330950688 0.20144739258219674 0.15138458130638915
2 0.8763145115315023 0.7211319711272216 0.1961800384437538 0.16998911094166685
2 0.3323343809350933 0.4756662683330205 0.17916295680654795 0.14306293502986128
2 0.5035586849826792 0.6234283550546523 0.21385886137453217 0.1797641544446531