0 0.18549648478224307 0.5560538975107988 0.37099296956448613 0.2945566191097921
2 0.2363157808458463 0.25247560904180577 0.2849319277582959 0.21748366641250022
2 0.8316365945661337 0.6688390654419104 0.2630296542193456 0.21541202013597244
2 0.5618049301972231 0.36634461939413243 0.34844104869945836 0.2767508700597225
2 0.58095080195246 0.6575333170574311 0.31497398376465036 0.23848715064493078
2 0.39842208888079556 0.1444845371378128 0.30250125730360067 0.23975870991548637
2 0.2728418417234647 0.3986972988213197 0.25461713636243805 0.18085518218006963
2 0.42017871753589126 0.5099829037790629 0.259850107141445 0.21221428495361144
2 0.09635107427029899 0.3554343420399654 0.19270214854059797 0.23267094889756956
2 0.3474252357998358 0.6481901121759378 0.2376750982129911 0.19451763867708358
2 0.027472614855377914 0.5108836018236111 0.05494522971075583 0.15614220364722228