2 0.8878160790443982 0.5346854991529539 0.0251545361043533 0.028018584186749608
2 0.5833477894240031 0.21059846786527156 0.02046703610435365 0.027745568401734033
0 0.4351637777165383 0.42704397326811777 0.02200226502711473 0.023149073663405774
0 0.4007013775435876 0.708726612773009 0.023592036104353474 0.02792757892507769
0 0.3992297811343838 0.6930106075113371 0.020457945745273952 0.026183068401734032
0 0.7042899858566483 0.6466941335373477 0.01885908430895533 0.019842063140062295
0 0.6944625514260558 0.18659109144397285 0.025172716822512698 0.031143584186749607
0 0.7018063770526084 0.40193537038316796 0.01885908430895533 0.019842063140062295
0 0.7120308047457055 0.390808154584035 0.015734084308955332 0.01966005261671846
2 0.7367217325369985 0.4453892387707846 0.01571590359079611 0.01653505261671846
2 0.7407052505891751 0.4323355019249642 0.01259090359079611 0.016353042093374803
2 0.7313075246914762 0.43569572035493315 0.01258181323171641 0.014790542093374803
2 0.7757615066392993 0.45157062031258083 0.011010222872636888 0.013137036831702887
1 0.6987166967272325 0.6643443651214962 0.01885908430895533 0.019842063140062115
0 0.7127973774453917 0.6620384124765428 0.01731476502711473 0.022876057878390376
2 0.7043672539088248 0.6334128835373477 0.015734084308955332 0.01966005261671846
0 0.5970905642136752 0.669366523112826 0.020467036104353475 0.027745568401734033
1 0.5973632749860637 0.6224915231128259 0.01886817466803503 0.021404563140062293
1 0.5255059348233759 0.7496007837067568 0.01731476502711473 0.0228760578783902
1 0.4892184559988106 0.8076639126883043 0.017323855386194253 0.0244385578783902
0 0.5363707119507388 0.7627378205384597 0.020448855386194252 0.024620568401734034
0 0.40120537159165937 0.7564283654038448 0.01731476502711473 0.0228760578783902
0 0.3851491004162246 0.6953165601562905 0.018913626463433177 0.029217063140062293
0 0.28577633519271817 0.5816797234092921 0.020448855386194252 0.024620568401734034
2 0.23636668765204621 0.6116255576666288 0.015743174668035032 0.02122255261671846
0 0.23332350088376277 0.5973810471432851 0.020457945745273865 0.026183068401734032
2 0.3312206453993726 0.5616626259977757 0.01573408430895542 0.01966005261671846
1 0.31867519360397456 0.5687470839044009 0.014144313231716587 0.01488154735504672
2 0.026565482536998437 0.4040273473409292 0.025172716822512743 0.031143584186749607
2 0.0468598018188392 0.40833541574266324 0.026744307181592354 0.03279708944842134
2 0.05918760587717359 0.3043304552052021 0.01729658430895542 0.019751057878390377
2 0.12336828054520863 0.28774917093374797 0.017314765027114643 0.022876057878390376
2 0.11166771126336786 0.28394163147120904 0.01416249394987581 0.018006547355046632
2 0.10939668413600478 0.2713051235787013 0.0157159035907962 0.01653505261671846
2 0.13411488300453664 0.3211987077654509 0.01416249394987581 0.018006547355046632
2 0.05236543413600479 0.26798343152767884 0.017314765027114643 0.022876057878390376
2 0.04932679254726117 0.2529576710043351 0.015743174668035032 0.02122255261671846
2 0.047332500490979326 0.32708541574266325 0.014162493949875787 0.018006547355046632
2 0.04272681372269588 0.3127498999576477 0.01886817466803503 0.021404563140062116
2 0.0786734040817755 0.31328052097610026 0.01573408430895542 0.01966005261671846
2 0.13134388612779463 0.39449969987294314 0.01573408430895542 0.01966005261671846
2 0.14308536202549366 0.39127598933548197 0.01572499394987581 0.01809755261671846
2 0.1922813861277946 0.3980489050781452 0.018859084308955422 0.019842063140062115
2 0.2624585725032946 0.15674063659170656 0.01259999394987581 0.017915542093374804
0 0.25632674717132964 0.13606411554501915 0.01887726502711464 0.022967063140062204
2 0.297628458041914 0.1564445049793232 0.020421584308955333 0.019933068401734033
0 0.2985142471713296 0.1385212576101591 0.017314765027114643 0.02287605787839033
0 0.3181000393258073 0.1302838233810572 0.01884999394987581 0.018279563140062204
2 0.3722602984991895 0.22409400753957193 0.029887487899751618 0.03610409997176518
1 0.4012710876286051 0.20780885488050113 0.025172716822512698 0.031143584186749607
2 0.239034708041914 0.15303180766662883 0.01572499394987581 0.01809755261671846
2 0.24458527127363058 0.1392878260824803 0.01573408430895542 0.01966005261671846
1 0.4303142138956465 0.05163444959059442 0.015734084308955332 0.019660052616718503
0 0.4304187530250621 0.033665699590594414 0.01571590359079611 0.016535052616718494
0 0.443486379586691 0.07115799431480514 0.01729658430895533 0.01975105787839033
0 0.5374681837432214 0.03677456001511607 0.018813632513557367 0.012029563140062182
2 0.9942115247896719 0.5158738569466397 0.0063772650271147315 0.02223902104668731
2 0.991181973560008 0.49928559642329595 0.012636355386194254 0.024165542093374803
2 0.9794132265850701 0.5071968069607571 0.01887726502711473 0.022967063140062294
2 0.9570604618525429 0.7223744859281872 0.01887726502711473 0.022967063140062294
2 0.9459684257481896 0.7482999490964842 0.020457945745273775 0.026183068401734032
2 0.8933893681738138 0.5170352675688055 0.01729658430895533 0.019751057878390377
2 0.9745767774219505 0.2638640359140697 0.014153403590795931 0.01644404735504672
2 0.8786001603282914 0.5067957175829229 0.015734084308955332 0.01966005261671846
2 0.7806514561952023 0.95436939662094 0.015734084308955332 0.019660052616718816
2 0.8059150766085112 0.9105129808076896 0.015734084308955332 0.019660052616718816
2 0.8081588326586354 0.9278369887001976 0.01728749394987581 0.018188557878390556
2 0.8182559953246178 0.9385847729010643 0.01572499394987581 0.01809755261671846
2 0.8070609827333902 0.5792174781768538 0.017278403590796288 0.0166260578783902
2 0.8071473411446466 0.5643737281768537 0.015743174668034855 0.02122255261671846
2 0.8017422236582039 0.5531177097610023 0.015734084308955332 0.01966005261671846
2 0.927214401449497 0.6135686333255862 0.01574317466803521 0.02122255261671846
2 0.9249751905789125 0.5954633754330784 0.018859084308955686 0.019842063140062295
2 0.9131200851927183 0.6182183359705394 0.017296584308955688 0.0197510578783902
2 0.9085234887835144 0.6023203201855238 0.01731476502711473 0.0228760578783902
0 0.7445392985973853 0.31064251244830793 0.01887726502711473 0.022967063140062204
2 0.5691580243968886 0.23165442051022495 0.022038626463433176 0.02939907366340595
2 0.5504171147559681 0.22899985737016273 0.015743174668035032 0.02122255261671846
2 0.5839608677810302 0.23955022049610744 0.01731476502711473 0.022876057878390376
2 0.5996267743968886 0.23342902311282598 0.020457945745273775 0.026183068401734032