1 0.44296875 0.659375 0.059375 0.05859375
0 0.49375 0.64453125 0.071875 0.09765625
0 0.25703125 0.4671875 0.07421875 0.10234375
0 0.32421875 0.44453125 0.0921875 0.11875
0 0.52265625 0.46484375 0.05859375 0.0953125
0 0.8046875 0.509375 0.0859375 0.08671875
0 0.8421875 0.69296875 0.0859375 0.12578125
2 0.43359375 0.3703125 0.09375 0.0984375
2 0.38671875 0.30546875 0.071875 0.08984375
2 0.68046875 0.3984375 0.05078125 0.0765625
2 0.91484375 0.33359375 0.05859375 0.065625
2 0.5875 0.38203125 0.06171875 0.08125