0 0.5417783384667383 0.49574468982522085 0.06419147477225665 0.05025606426490725
1 0.5626290410064761 0.5564465091046931 0.052817465153609786 0.03743781551854841
2 0.5662252669598591 0.525332901424561 0.051309528855940555 0.038954851411925874
0 0.5373983733131285 0.45971626161197554 0.060684528855940556 0.03922763605166182
0 0.599246098085385 0.5099041297169487 0.060902783665263985 0.045477636051661816
0 0.11922875978828287 0.6652960425572949 0.060902783665263985 0.045477636051661816
2 0.12729423093234232 0.6280688271970309 0.05777778366526394 0.045386707838416564
0 0.07166922430892037 0.5772815655185485 0.06257441106992567 0.04864810015828454
2 0.04094501396463411 0.5467302474927175 0.0452232199629331 0.04346049498543501
0 0.5981573132389947 0.5457734335570146 0.04344246515360961 0.03716503087881229
2 0.48557546768549836 0.5401562678801817 0.04015377404661713 0.03238660266556703
2 0.5329588991738442 0.5337304231321734 0.03374008293962447 0.027517246239076344
1 0.7480060018989165 0.3893596121659715 0.038482146641955414 0.029216138558944317
0 0.7242833367374576 0.7827997236070271 0.041770837748947895 0.03399456677218957
2 0.6914609130536602 0.7592114594212621 0.028998019237293705 0.02581835391920819
1 0.6879738145049391 0.7934500671013941 0.02754464664195542 0.028897889812585474
0 0.8285466737686153 0.3714112457103509 0.03552083774894825 0.03381271034569897
0 0.844890925582714 0.41481190472326634 0.03234127404661713 0.03215928213245363
2 0.8180010433687288 0.40466401491068077 0.022584328130301045 0.020948997492717503
2 0.7847892392850448 0.41462403661829317 0.030451391832631992 0.022738818025830908
2 0.7867311960011341 0.3584876968848498 0.028998019237293705 0.02581835391920828
2 0.07038946650437206 0.6076821193586144 0.04796627404661713 0.032613923198680436
1 0.0636830432839108 0.058045832211595906 0.04015377404661711 0.03238660266556703
2 0.07355904028868591 0.09501463479802065 0.03713790145127884 0.035420674452321665
2 0.1066443588003402 0.10378188103709696 0.03535714664195542 0.02912521034569897
2 0.3008829429210911 0.05636262641824343 0.03546627404661713 0.03225021034569899