1 0.5395719992085771 0.2855356404818696 0.24433633636823088 0.18959824645662096
0 0.3582106874509524 0.3761581843987526 0.259126262074194 0.21508931977759865
0 0.4182579742022595 0.5387375407520221 0.26125105172849494 0.1808234471822603
2 0.7500378569552162 0.7503619991973919 0.25808058762187225 0.1791518197775986
2 0.7030277792959667 0.5420609150766408 0.22026233887551355 0.16690479092165802
2 0.6505429399582349 0.3878024902117171 0.19985891066226813 0.16307046279135698
2 0.5876949136317691 0.16054307496544024 0.1797449874635877 0.11554069836338669
2 0.7114841031277854 0.25143591507664087 0.15042120031656908 0.12700398801910043
2 0.7215000168260615 0.89964523658352 0.2199440901291549 0.155967290921658
0 0.5332414988793728 0.9054389127143881 0.22311455423577745 0.1576389183263199
2 0.836877593560874 0.47495028222968355 0.16760870031656908 0.12760418874473983
2 0.06548193867134014 0.38270088339511144 0.13096387734268028 0.11116073320977708
2 0.77492785985821 0.6191566392159252 0.20721676959604132 0.14771828130301118