1 0.840625 0.50625 0.2109375 0.1734375
2 0.75859375 0.35859375 0.22265625 0.1875
0 0.4828125 0.290625 0.209375 0.19453125
0 0.6171875 0.43046875 0.2171875 0.1859375
1 0.1046875 0.6203125 0.15234375 0.13203125
1 0.1125 0.71171875 0.13671875 0.1109375
2 0.82890625 0.2625 0.184375 0.15625
2 0.6078125 0.2078125 0.17578125 0.1484375
2 0.04375 0.7328125 0.08671875 0.1125
2 0.04609375 0.55390625 0.0921875 0.1015625
2 0.6921875 0.52890625 0.1578125 0.12578125
2 0.94453125 0.41328125 0.09765625 0.12890625
2 0.44765625 0.65546875 0.1125 0.0921875
2 0.4375 0.7875 0.103125 0.09765625