1 0.4147812847062431 0.4436432955613455 0.25753032132453624 0.3211756286706061
0 0.5920962909744493 0.4920832516444625 0.2656610700708949 0.33238594718226044
0 0.5909954775674718 0.7176735286863045 0.2444392879384413 0.3004266190519592
2 0.27771056439792124 0.862852141747814 0.23549018527287435 0.2610913005403049
0 0.4484529057142102 0.2520361489193901 0.26287103919208266 0.29014388347992953
0 0.20758123548503066 0.6444320131620259 0.21554139812585582 0.27288197241000384
2 0.5784706778175339 0.13629213094804077 0.23001307508545993 0.27258426189608154
2 0.8105952045397112 0.1980256836809624 0.20892768527287445 0.2601637176006804
2 0.9018613990502926 0.3337597978387802 0.17810358260730724 0.22006450725639412
2 0.7380562779758184 0.07734122768266341 0.2332624440483631 0.15468245536532682
2 0.3525049420698059 0.5722519343987525 0.21200722116625165 0.2587103450053421
1 0.4118475351684615 0.7590500407520221 0.22831418276559196 0.2826934820286507