0 0.36953125 0.525 0.121875 0.165625
0 0.2171875 0.88203125 0.12421875 0.171875
0 0.50625 0.80546875 0.11640625 0.1625
0 0.38828125 0.77265625 0.13203125 0.1625
0 0.24375 0.63125 0.11640625 0.15703125
0 0.3296875 0.6671875 0.1203125 0.15
0 0.60390625 0.73984375 0.121875 0.159375
0 0.56328125 0.503125 0.10234375 0.15625
0 0.3296875 0.2515625 0.1125 0.1421875
0 0.440625 0.24375 0.10625 0.121875
0 0.26171875 0.4875 0.1015625 0.13984375
0 0.64921875 0.93203125 0.1265625 0.1359375
0 0.428125 0.9203125 0.125 0.1375
0 0.72734375 0.5 0.125 0.1578125
0 0.7015625 0.29765625 0.11875 0.1265625
0 0.603125 0.3859375 0.1171875 0.14765625
0 0.696875 0.8234375 0.1125 0.15234375
0 0.61328125 0.590625 0.10546875 0.140625
0 0.6953125 0.6796875 0.10546875 0.146875
0 0.5328125 0.246875 0.08671875 0.1546875
0 0.61015625 0.25625 0.09375 0.1421875
0 0.5390625 0.91328125 0.1109375 0.1484375
0 0.31875 0.896875 0.11015625 0.14765625