1 0.4305139460850359 0.6268292571245476 0.1862398834215476 0.2467532485296619
1 0.5684715439175891 0.550996018205824 0.1865582184025195 0.2545657485296619
1 0.3706521037268712 0.2783751469932108 0.17759971247102052 0.22603131275401322
0 0.3088219712939069 0.5139308666900575 0.2173280573378241 0.2826841044771273
0 0.4576825770351255 0.4001063048405554 0.2060722223568522 0.274298394391219
0 0.2293825276059668 0.6459455065587207 0.1938613824329643 0.2424751843053107
0 0.2546358314837498 0.38969882858498806 0.16940521049385407 0.21624687697836445
0 0.234682770228774 0.28628057948949925 0.15805653361182798 0.16731805404758598
2 0.5888344179475965 0.357372170964786 0.14612953657757757 0.18072545680654795
2 0.17010963977297605 0.5126250734966054 0.11293503460041113 0.16963082654882305
2 0.6306637736888152 0.24915687924167199 0.11854836463846716 0.1543333751693421