1 0.16796875 0.4988106843702762 0.1875 0.15154563140062188
2 0.2578125 0.3560778818241449 0.1984375 0.16468266823232486
0 0.52265625 0.2812774899707665 0.184375 0.17011362087727822
0 0.38515625 0.41819220299788923 0.1921875 0.16119364718563745
1 0.85078125 0.5731038850196782 0.134375 0.11720145250377918
1 0.8359375 0.6606871850055608 0.121875 0.0961609104104042
2 0.19921875 0.26964682913683924 0.165625 0.134646557737216
2 0.4125 0.20800586091863185 0.15625 0.13097552616718494
2 0.91875 0.6769576561369528 0.1125 0.10030237884037305
2 0.91953125 0.5105059035061168 0.0984375 0.09010833148532651
2 0.30625 0.5141942187123176 0.140625 0.1097529735504665
2 0.059375 0.41763555005646974 0.11875 0.12097889988706054
2 0.52578125 0.6225017294474228 0.1 0.07926183674699842
2 0.52421875 0.7452489847090946 0.0921875 0.08505681043863902