1 0.3078125 0.24609375 0.290625 0.23828125
0 0.39765625 0.62734375 0.3234375 0.2703125
0 0.609375 0.534375 0.3046875 0.24140625
1 0.8015625 0.56015625 0.19921875 0.19453125
1 0.83515625 0.3859375 0.234375 0.20703125
2 0.56328125 0.8609375 0.21953125 0.18125
0 0.621875 0.340625 0.2734375 0.23125
0 0.528125 0.1828125 0.3078125 0.228125
2 0.4359375 0.38125 0.2109375 0.15625
2 0.30703125 0.115625 0.215625 0.15
2 0.340625 0.8234375 0.18828125 0.14375
2 0.5640625 0.734375 0.1765625 0.14453125
2 0.3984375 0.4765625 0.1875 0.1328125
0 0.19609375 0.6546875 0.24921875 0.2328125