1 0.309972810876742 0.6932723076279121 0.2821875397405318 0.30005809577735915
0 0.680111696085952 0.672406023128618 0.3177629411918105 0.33503311363426674
0 0.6006523414619631 0.4539639403369023 0.2889286130615094 0.31422968993316047
1 0.6342212656939147 0.274971915580136 0.22282740870767306 0.2100137483751469
1 0.4681126268565075 0.2135144439903503 0.24272324645662097 0.24315353084255104
2 0.9023971022193272 0.5554442142795943 0.19520579556134549 0.22706488068039513
0 0.4147768396478645 0.4077769127407622 0.2737748390148923 0.2827342280826075
0 0.25769351514576044 0.47062001176782753 0.27659230416850206 0.3186990016215578
2 0.4454886702252364 0.5941371525944925 0.19028772721932724 0.21725350405718977
2 0.18426348274644083 0.670777924511885 0.1840922909216581 0.21870690990138844
2 0.8667337315653146 0.762329413955283 0.17228177168436432 0.19351599512873605
2 0.7899901491738441 0.532223128241468 0.17195438947037936 0.18414099512873605
2 0.5363244905509892 0.6464729943146619 0.16285220798203354 0.19178985389503395
0 0.6979787862819707 0.8703296854689336 0.26676094718226045 0.2593406290621328