0 0.5378953645641051 0.645469119627742 0.029016337946721472 0.022038626463433176
0 0.39498230578058724 0.5282038306947181 0.019386669961943957 0.015734084308955332
0 0.38029772327107325 0.5242112222834617 0.02251166996194396 0.015752265027114732
2 0.17268283593237407 0.38390788826909394 0.028761669961943914 0.015788626463433174
2 0.4346337603057613 0.7441106318261863 0.025700336958138337 0.017332945745273953
2 0.4924741407243782 0.9163628817279903 0.025764003954332714 0.018895445745273777
1 0.48595086258693876 0.6545441377781146 0.027326503954332716 0.018904536104353477
1 0.48670027908884156 0.6553299329576545 0.025700336958138337 0.017332945745273776
1 0.1678852479856526 0.4057601623713949 0.025764003954332714 0.018895445745273954
1 0.5148398665412715 0.6359577642415477 0.024074169961943958 0.015761355386194255
0 0.5410057771116752 0.665023095525441 0.027326503954332716 0.018904536104353477
0 0.5835089534994097 0.6191656948615112 0.01932300296574958 0.014171584308955331
2 0.479062898138752 0.8811202733167341 0.02251166996194378 0.015752265027114732
2 0.5363156185184378 0.6267054840891225 0.02251166996194396 0.015752265027114732
2 0.49835802068588453 0.6952509510098311 0.02251166996194396 0.015752265027114732
2 0.49417856216919687 0.8937111769075303 0.024201503954332716 0.018886355386194254
2 0.5131049757053502 0.9086685563960254 0.024201503954332716 0.018886355386194254
2 0.44448360418398175 0.6941560836215844 0.01932300296574958 0.014171584308955331
2 0.5159102766173836 0.6672213997801671 0.019450336958138338 0.01729658430895533
2 0.49186794015353696 0.6819287943939729 0.01938666996194378 0.015734084308955332
2 0.5080486970736191 0.6492026528052293 0.02407416996194378 0.015761355386194255
2 0.4836880256288005 0.671722547419035 0.02251166996194378 0.015752265027114732
1 0.5294501476816414 0.4883515112164856 0.016134335969555026 0.012590903590796287
1 0.5672870231945236 0.2885242280389984 0.01626166996194378 0.01571590359079611
0 0.4148464782139891 0.5009691650036736 0.019259335969555202 0.012609084308955331
2 0.4061519105332227 0.4266822373105764 0.02094916996194396 0.015743174668035032
2 0.38649332654083396 0.42969360782208116 0.016134335969555203 0.012590903590796287
0 0.37574682752941707 0.4249424753085238 0.014635502965749581 0.01414431323171641
1 0.3924714125103891 0.4172254240788599 0.01932300296574958 0.014171584308955331
0 0.28200739228161503 0.11729308089110986 0.025764003954332714 0.018895445745273864
0 0.5747134985171252 0.010376502141299324 0.02244800296574958 0.014189765027114647
0 0.0044527366541271445 0.13441590661585828 0.008905473308254289 0.015706813231716587
2 0.5130877296596829 0.8899140112164856 0.01938666996194378 0.015734084308955332
2 0.3580872118651857 0.9734072463857627 0.022702670950527092 0.020439765027114733
2 0.3884777074165614 0.9941891307064387 0.019259335969555202 0.011621738587122721
2 0.369201125401339 0.9883191740788597 0.02088550296574958 0.01418067466803521
2 0.38673879388040816 0.9798254180287357 0.019386669961943957 0.015734084308955332
2 0.47641805920344726 0.9076736829576545 0.01932300296574958 0.014171584308955331
2 0.4518000611806137 0.8981532372123805 0.01938666996194378 0.015734084308955332
2 0.4538493339180267 0.7903271016737611 0.02251166996194396 0.015752265027114732
2 0.427950020191593 0.6971856348512484 0.02251166996194396 0.015752265027114732
2 0.7119403596211893 0.6699247398446591 0.019259335969555025 0.012609084308955331
2 0.22989056908927905 0.8593533158639952 0.024201503954332716 0.018886355386194254
2 0.23140398954551458 0.8413891110435351 0.02251166996194396 0.015752265027114732
1 0.5840434416735928 0.28002592680933436 0.01626166996194378 0.0157159035907962
2 0.622440096806789 0.33494977614540444 0.019259335969555202 0.01260908430895542
2 0.5110370231945236 0.28819697511213216 0.017824169961943782 0.01572499394987581
0 0.3873886175670357 0.23512145120622288 0.016261669961943958 0.01571590359079611
1 0.43671479692051973 0.17523791197861144 0.016134335969555026 0.012590903590796199
2 0.43806904988626927 0.16117995715815123 0.01932300296574958 0.014171584308955421
2 0.3737160953239142 0.3405356590517452 0.01619800296574958 0.01415340359079611
2 0.3632733438410395 0.3475078217177277 0.016134335969555203 0.01259090359079611
2 0.17910924946852738 0.3987925448849522 0.019386669961943916 0.01573408430895542
2 0.2904247287454617 0.10249478268650795 0.024201503954332716 0.018886355386194254
2 0.5963656640304449 0.01597251716841397 0.019450336958138338 0.01729658430895541
1 0.5710154955513758 0.024420821423140088 0.02094916996194396 0.015743174668035032
2 0.5306624095818206 0.036689017266609836 0.01932300296574958 0.014171584308955409
2 0.5435762450570841 0.02660549013924678 0.016134335969555026 0.012590903590796176
2 0.1829227271882249 0.8997146954506864 0.022511669961943915 0.015752265027114732
2 0.3478646362757539 0.9366203186926656 0.01782416996194396 0.01572499394987581
2 0.4717544169218323 0.7919941408031768 0.016261669961943958 0.01571590359079611
2 0.6048905690892791 0.8615350020431034 0.02251166996194396 0.015752265027114732
2 0.5138888146778358 0.4866981076256895 0.016134335969555026 0.012590903590796287
2 0.5336601452101835 0.5000975322937246 0.016070668973360826 0.011028403590796288
2 0.5462238122063778 0.4986077551663614 0.013073002965749581 0.014135222872636887
2 0.5680205577577537 0.5198333153730159 0.012882001977166269 0.009447722872636889