1 0.4547109406031393 0.47867900560267407 0.2600862613780889 0.3356517849536115
0 0.61434847525464 0.5941436174942714 0.2696067120464523 0.3483699905006947
0 0.5484400225573232 0.8184519800514588 0.24578740404199806 0.3150119766329862
2 0.19562355788514166 0.8508760882402433 0.23926468403881634 0.2914290062682639
0 0.5411858846276381 0.3001741055264241 0.26751695337363446 0.30302112290951416
0 0.1915376839195037 0.5975874340799308 0.21733514003818005 0.28623235999173635
2 0.7053489293045923 0.22819326880479224 0.23001695337363443 0.3021483007211807
2 0.9027859086171386 0.3859551366803133 0.18902832670272574 0.2699527433504863
2 0.9344615279280942 0.5515807898906953 0.12129538669636233 0.22151393692972227
2 0.8839193719764555 0.19405792419937576 0.22478401336727102 0.25516419794763906
2 0.35582745058882176 0.5818747811538891 0.21246582670272557 0.27049825721819476
1 0.3596502425605049 0.7906140015186114 0.2283453653723618 0.2927369331300003