0 0.5392015216411054 0.458900042594674 0.4256725675636126 0.36467054549015804
2 0.49925979790106423 0.6949980543814982 0.38520068025830945 0.31441368031251143
0 0.7640293400626477 0.651156124893047 0.3498996777510269 0.3346148643490768
1 0.30061038308216104 0.4103383023145836 0.3055131802583094 0.31070217535011296
2 0.7127924151481075 0.9091567919755015 0.25760922618081655 0.18168641604899705
2 0.847041731524586 0.8227636052483398 0.29462114436493214 0.3117552531003721
2 0.679285649379497 0.2859805810555187 0.2969445108205527 0.2307235769216895
2 0.4579873108996949 0.26865172415003985 0.2962625492212124 0.2072860769216895
2 0.9366769490629279 0.4059464404421969 0.12664610187414418 0.20000861621110372
2 0.882328081353666 0.26579016728283306 0.23394440564770314 0.21062509263745516
2 0.5332580278428045 0.8713443846129565 0.2769047954602888 0.23915250702931345