0 0.4859375 0.46328125 0.13671875 0.18046875
0 0.59296875 0.43046875 0.11796875 0.1453125
0 0.4796875 0.640625 0.13125 0.1703125
2 0.58125 0.57109375 0.128125 0.17890625
2 0.06328125 0.346875 0.10625 0.13203125
2 0.9109375 0.87734375 0.13359375 0.18046875
2 0.13984375 0.28203125 0.103125 0.10859375
2 0.36953125 0.46015625 0.09296875 0.134375
2 0.5921875 0.9296875 0.0921875 0.12890625
2 0.2046875 0.49140625 0.0953125 0.10234375
2 0.2484375 0.36015625 0.0859375 0.1078125
2 0.1703125 0.38203125 0.084375 0.11328125
2 0.11640625 0.45390625 0.09296875 0.115625
2 0.6109375 0.14921875 0.0734375 0.10078125
2 0.57109375 0.2046875 0.05390625 0.075
2 0.8015625 0.50625 0.10625 0.1109375
2 0.1484375 0.56015625 0.07421875 0.09296875
2 0.38125 0.57265625 0.1 0.13203125
2 0.378125 0.69609375 0.0984375 0.128125
2 0.0796875 0.5296875 0.07890625 0.103125
2 0.2140625 0.5953125 0.0796875 0.10546875