1 0.856350777293193 0.4431445921075955 0.04044521753501122 0.02991475897699054
1 0.8852934145967459 0.44409401375056845 0.03241439371369381 0.02518180718159222
0 0.7262524782838691 0.8360310079950318 0.029289393713693813 0.025163626463433175
0 0.7276865456950459 0.8165133935336513 0.035539393713693815 0.02519998789975162
0 0.43974547415003984 0.45321746623333753 0.03724744292790536 0.028334078258831143
0 0.43060806864952184 0.47503337889932 0.03902826674922295 0.03303066861791084
2 0.8646384662921569 0.48693095354391397 0.022748295285270358 0.01887726502711473
2 0.8447433432566278 0.47900482405541867 0.02601884449948173 0.022020445745273776
2 0.7233736889944549 0.9902084061248789 0.03077911910658777 0.019583187750242103
2 0.7098912317985258 0.9710554477883774 0.0356121683207995 0.02676248789975162
2 0.8286005363894209 0.9037957457965874 0.027508569892376045 0.020467036104353298
2 0.8278000157112565 0.8866082457965876 0.026018844499482087 0.022020445745273776
2 0.8116677475142915 0.9091645018467117 0.027508569892376045 0.02046703610435365
2 0.8469524301031146 0.9288957397464633 0.029289393713693813 0.025163626463433175
2 0.8877764832462678 0.9166366342620732 0.030706344499482084 0.0220477168225127
2 0.7723633449092576 0.8198974687674203 0.029289393713693813 0.025163626463433175
2 0.7516141972666224 0.8104042940993853 0.029289393713693636 0.025163626463433175
2 0.8046964636015608 0.9919981651018694 0.036883569892376046 0.01600366979626102
2 0.7532431255122194 0.9942010145361353 0.03041524607105863 0.011597970927729406
2 0.7385984286553725 0.9837190742518104 0.03412244292790554 0.028315897540672097
2 0.8636112371752092 0.9008752788758789 0.029216619106588126 0.023601126463433174
1 0.45321931513486524 0.3400453005422929 0.03085189371369381 0.025172716822512698
1 0.728159464844415 0.5415906615858279 0.03077911910658777 0.023610216822512697
2 0.7144051798982268 0.5313571435336513 0.022821069892376044 0.020439765027114733
0 0.2596086337843871 0.8114470809893056 0.024383569892376222 0.020448855386194252
0 0.24167627108794001 0.81212379185989 0.01940497146395277 0.014171584308955331
2 0.4877098234070328 0.15826403541698247 0.025946069892376043 0.020457945745273865
0 0.47252147104966796 0.16754813182618628 0.029071069892376223 0.020476126463433088
2 0.45553302419282105 0.1549526830558503 0.025946069892376043 0.020457945745273865
2 0.465216239246633 0.1448555203898678 0.019477746071058632 0.01573408430895542
2 0.8573696217926751 0.4650195921075955 0.03241439371369381 0.02518180718159222