0 0.7385576978092866 0.16939494009550224 0.2546493622324785 0.2758085649682752
1 0.5375216982049981 0.3145635632389947 0.23635400329870535 0.29077880054030486
2 0.09994777117888694 0.7527281851165428 0.1644335391920826 0.28670637023308565
2 0.5165034707040332 0.5846478847458739 0.20364915188677948 0.23968752649368774
0 0.3398787862225817 0.6299901226801563 0.20703021615168674 0.30224209019601866
2 0.42458509217421875 0.45656503556418054 0.1785127595669115 0.23412700725639404
0 0.1495803951563549 0.6077356328469573 0.20838211599340214 0.2414137176006804
0 0.12395122400273853 0.8534647950980094 0.20207462852981445 0.13192959019601885
2 0.7403728797169487 0.6072942441791863 0.14741587226160852 0.18465279691210804
2 0.8876223012662765 0.5180011096029483 0.19785379295300629 0.2550942716843643
2 0.9545116552519918 0.25359635842182204 0.09097668949601641 0.2532738221398514
2 0.6298983809705899 0.5925100031648609 0.1610979390337981 0.2257143065307549
2 0.7778538108331879 0.7420611137792996 0.14852373119538137 0.1690823606144388