1 0.40390625 0.7046875 0.18046875 0.2390625
1 0.51015625 0.8140625 0.16328125 0.190625
2 0.41875 0.4046875 0.1359375 0.2125
1 0.49453125 0.56875 0.16328125 0.21875
0 0.50234375 0.3265625 0.16484375 0.20625
0 0.60546875 0.65390625 0.1421875 0.23515625
0 0.60390625 0.4578125 0.1453125 0.19140625
2 0.4171875 0.17109375 0.140625 0.1875
2 0.2375 0.059375 0.13203125 0.11796875
2 0.14765625 0.07109375 0.0875 0.14140625
2 0.3 0.15703125 0.1078125 0.159375
2 0.13203125 0.359375 0.084375 0.1546875
2 0.28828125 0.4625 0.11328125 0.15703125
2 0.20625 0.509375 0.11328125 0.15234375
0 0.3546875 0.58125 0.14140625 0.18046875
2 0.18359375 0.20625 0.1171875 0.15