1 0.696875 0.70625 0.2484375 0.275
0 0.3296875 0.646875 0.28203125 0.30625
0 0.4203125 0.43671875 0.25390625 0.2890625
1 0.39609375 0.25390625 0.2 0.1890625
1 0.56484375 0.21015625 0.215625 0.22265625
2 0.10390625 0.50546875 0.190625 0.2078125
0 0.6078125 0.41015625 0.2421875 0.2578125
0 0.76015625 0.4890625 0.24140625 0.29296875
2 0.5671875 0.59296875 0.16484375 0.19921875
2 0.8234375 0.696875 0.16015625 0.20390625
2 0.1390625 0.7171875 0.15 0.17890625
2 0.22734375 0.4953125 0.1515625 0.16875
2 0.47421875 0.6359375 0.14140625 0.178125
0 0.3015625 0.84375 0.23828125 0.2359375