0 0.7856375181503725 0.04292519709461774 0.08809996369925485 0.08585039418923548
2 0.46017390983731216 0.12052156060173572 0.13193177693097127 0.12024237765916679
1 0.684960286398941 0.15200337747173553 0.13819995764913068 0.123512848023889
0 0.811567717313492 0.2756019187905202 0.13661018657189175 0.11878898043270851
0 0.7989455183467644 0.16262979331555488 0.1382817708808471 0.137575348023889
0 0.3691615278147341 0.45775076329902753 0.15386131908544903 0.13012652393569457
0 0.23604450078556694 0.5131857585493748 0.12253859621281205 0.11689917211208342
0 0.7939236158361227 0.8915542271111452 0.15840337334017515 0.10523562670923639
0 0.41593042604277713 0.8776989341768399 0.14604881908544892 0.12994468597979178
2 0.7302070703619952 0.6993134821451383 0.13351245764913067 0.12340374525034736
2 0.5889922387835144 0.5354354329425689 0.1162522347764936 0.11050370174736131
2 0.5694206030485033 0.40856446162791615 0.1131181444174139 0.10886846656499997
2 0.689669991415793 0.2823448409026036 0.13660109621281222 0.11722648043270852
2 0.26751110676093637 0.8780288553389928 0.1288340480082102 0.12485714247680554
2 0.25698021126336784 0.2713249136596178 0.11309087334017516 0.10418096656500016
0 0.23666823214421498 0.13744087614055536 0.13190450585373253 0.11555487765916679
2 0.23034342574818956 0.6875136113229164 0.12561814441741398 0.10915940729444458
2 0.2353212963578902 0.7717613247537845 0.0989647408266178 0.09291615824437507
2 0.24881669067710832 0.60037663402434 0.11932269262201593 0.10120143692972228
2 0.13691106743512904 0.7693649829981595 0.10994769262201594 0.10098323138263901
2 0.6981308894474443 0.5735147015599299 0.11305451190385671 0.09793096656499997
2 0.7798813800776705 0.3513292706141313 0.1162431444174139 0.10894120174736122
2 0.4359359373574586 0.3929238906738538 0.13028746369925487 0.10614351006798621
2 0.5518972806434045 0.3324201889264926 0.10994769262201594 0.10098323138263901
2 0.7780718777399793 0.796623586818541 0.11151019262201593 0.10101959897381949
2 0.5914889622453264 0.9118888301690273 0.10998405405833438 0.107233231382639
2 0.9896729739527915 0.6776514620091658 0.012872704722264317 0.0643534407294446
2 0.9695104648776052 0.6523429906945131 0.05363406010845857 0.08873649810013902
2 0.8389508112868089 0.6710046845580896 0.11307269262201594 0.10105596656499997
2 0.938641739078102 0.7218021587225338 0.11466246369925485 0.10577983415618064
2 0.5791854467272325 0.6098723884896523 0.11306360226293641 0.09949346656500016
2 0.49680578054520863 0.26886748841340236 0.0989738311856975 0.09447865824437507
2 0.6564444009585175 0.21984549411298557 0.13190450585373253 0.11555487765916679
2 0.7369176961380572 0.2171913131671869 0.09586701190385653 0.09753092306201391
2 0.8490546026557197 0.14271603039777708 0.04574883723582168 0.07605466014423615
2 0.4987596868664793 0.06728680461781208 0.13036018657189175 0.11864351006798621
2 0.6990505783570271 0.021505445194756678 0.12689884328594586 0.043010890389513355
2 0.5864460392276115 0.03994762709048589 0.11771474082661779 0.07989525418097178
2 0.23605411202549367 0.3772664423449651 0.11936814441741399 0.10901393692972228
2 0.16429222063314175 0.4937649177436804 0.12243860226293628 0.09971167211208343
2 0.11561785041622456 0.6698741292746874 0.1241010962128121 0.11693553970326391
2 0.06006780806535513 0.5508708625571874 0.11780564441741401 0.10897756933854179
2 0.5904622725501768 0.9540945139646176 0.10974770472226432 0.06660823138263901
2 0.9641457331261737 0.7688583434680547 0.06305451190385654 0.09676720364722229
2 0.788056973560008 0.4230042488626382 0.10049087939029952 0.08670252583555574
2 0.39240410597536945 0.3564421832269094 0.09422269867214013 0.08343205547083343
2 0.32887793716106695 0.26574575446531223 0.09581246974937904 0.08815592306201392
2 0.3012160245932803 0.32106968731097196 0.09736587939029935 0.0866297906531945
2 0.46367057279788215 0.32509995782819406 0.10521474082661797 0.09306162860909736
2 0.5152865731906656 0.5832384597280551 0.11462610226293624 0.09952983415618064
2 0.503109280937992 0.5280606504574996 0.09580337939029934 0.08659342306201392
2 0.37052351903413544 0.6264462119122566 0.10525110226293624 0.09931162860909737
2 0.31786160646634876 0.6823520262168052 0.12561814441741398 0.10915940729444458
2 0.6587593172387374 0.6275488913394438 0.11618860226293641 0.0995662017473613
2 0.7722587358566482 0.5874122409788536 0.09110678903121965 0.08492182028847228
0 0.9159360129840112 0.5965664225902423 0.1036613311856975 0.0945877610179167
2 0.8888695189359396 0.5495466054359021 0.10050906010845857 0.08982752583555573
2 0.968098476683266 0.49224129208128387 0.05353406615858276 0.07154899810013901
2 0.9748024737563998 0.5483276379209714 0.04417724687674181 0.07445579255305575
2 0.97065078406125 0.5906060568989228 0.05200792759490121 0.07776263050895835
2 0.6252286788714475 0.7517501107542356 0.08638292759490121 0.07856271751493064
2 0.6491565373808997 0.801186413090937 0.10832156010845857 0.09000936379145834
2 0.48189579362741564 0.9519345615516663 0.10355224687674217 0.0758377610179167
2 0.42233444126628356 0.9853477800165275 0.08130454215447766 0.011266114741388833
0 0.03198073214421498 0.3351737805852083 0.06396146428842996 0.10152743882958344
2 0.01259492788948886 0.2817221254749652 0.02518985577897772 0.09280574905006951
2 0.07086999444085512 0.3053401570101041 0.1068136022629363 0.09934799620027786
2 0.1322574672152962 0.2265780709540624 0.10834883118569745 0.09469686379145843
2 0.23617332845522293 0.08824030993614564 0.09409543364502548 0.06155705547083341
2 0.1031381146577723 0.12961280518649296 0.09256020472226431 0.06620818787965285
2 0.3864278585094522 0.04099902118281218 0.07828862646343308 0.029943379559027837
2 0.4716522862025494 0.027298237463471826 0.0830033975406721 0.03473998233256951
2 0.37176539481019744 0.1444513295034372 0.11936814441741399 0.10901393692972232
2 0.34791025917338214 0.08251502716673582 0.10836701190385663 0.09782186379145844
0 0.8040239037871879 0.09533319054201321 0.09426815046753809 0.09124455547083343
0 0.7424505995324617 0.0717697103936452 0.10212610226293642 0.0992388934267362
0 0.90356886495236 0.3054874809108673 0.06925906010845892 0.0891001740119445
2 0.49584570590061466 0.7024248708222218 0.09737496974937905 0.08819229065319441
0 0.4452735341594459 0.6676693175355899 0.11152837334017515 0.10414459897381949
0 0.5077002904059619 0.8130714300927775 0.10837610226293623 0.0993843637914587
0 0.31540773039569914 0.9698702100123956 0.1174511204133089 0.04804006933854197
0 0.03940286758463854 0.20532262642489582 0.07880573516927708 0.11122974715020835
0 0.1308080758229443 0.3414400047496527 0.13188632513557325 0.11242987765916679
2 0.17395654948114814 0.8466171608098263 0.13039654800821018 0.12489351006798621
2 0.40182299512822617 0.7514819262930552 0.1036613311856975 0.0945877610179167
2 0.6458820673369331 0.6926835820688882 0.10524201190385654 0.09774912860909737
2 0.9163713084581385 0.7902800549990617 0.10367951190385653 0.0977127610179167
2 0.5010366790678392 0.8843106504574996 0.09893746974937905 0.08822865824437506
2 0.5302409701421624 0.1610725189986107 0.11462610226293642 0.09952983415618064
2 0.39866371721529614 0.22037739665777742 0.10049996974937896 0.08826502583555565
1 0.05209778942400319 0.4057947518998611 0.10419557884800638 0.11028549620027786
0 0.3339406035394825 0.7382201665094095 0.10210792154477702 0.09611389342673622
0 0.7360939768796577 0.6273111955760063 0.09422269867214013 0.08343205547083343