0 0.7298851126613008 0.17701719640264 0.27230471741393636 0.2543820420617983
1 0.554538897261712 0.3315398428300239 0.26997289627312887 0.3119488805964091
2 0.15107558802108356 0.8186824802122963 0.24625155338349142 0.26548996042459266
2 0.5719942885919249 0.6068673914505428 0.23199805239490826 0.26006547602842467
0 0.4018993058921304 0.6798091672311404 0.24385606524648953 0.32149429895920323
2 0.4613194323564146 0.49270531490171976 0.20667971741393637 0.25094278154634875
0 0.2073826433445603 0.6891045228399214 0.23512305239490824 0.26022925033868416
0 0.20346044178513586 0.9180959820213186 0.23369852076024672 0.11047491180407362
2 0.7982875331547173 0.5930007225219217 0.17026737353571592 0.19914126413349428
2 0.9084239481365642 0.4777585820874317 0.18315210372687146 0.274298394391219
2 0.9517826758934429 0.23181864031888916 0.09643464821311412 0.19430327792830412
2 0.6853564516337866 0.5956576537750149 0.18911021543676992 0.24066702283992142
2 0.854225809846463 0.7222245550636387 0.16800453657757758 0.18187187697836435