0 0.8053747202418149 0.9169882626631563 0.2080351235152495 0.16602347467368758
0 0.9299367995504169 0.8615570499752561 0.09306334138279589 0.14216756784239593
0 0.7888140428864994 0.756653786746273 0.16378501834239997 0.1599149898232346
2 0.5704037090255507 0.5423921336486268 0.16181334138279588 0.14577060266810485
2 0.47096365017091985 0.5832041621427578 0.14876777210332381 0.12636550542706698
2 0.15521897822588065 0.5089323439616777 0.18405205423577736 0.15941702283992143
2 0.5153247862890888 0.17755834972742884 0.1685179824490227 0.16172315128862397
0 0.4296396873844454 0.10130238692798714 0.20615437476889084 0.16837594301173797
2 0.3734652098834806 0.36903876356766735 0.18083612602253202 0.15612824852966192
2 0.39626151537289916 0.5090839094292243 0.13608591567683312 0.11946040818602892
0 0.2735608351145898 0.2062311471047525 0.2152565901291547 0.15949226594251656
0 0.6561306088672663 0.4860403143358929 0.1328699874635877 0.11617163387576941