1 0.5171603175001639 0.7403589179305398 0.29534230416850205 0.31571694535249045
1 0.6569519929980598 0.8067838695295461 0.25738594718226027 0.2576953670936589
2 0.4262971822061359 0.4422345144379395 0.2375645205032381 0.27163969242562425
1 0.5558532513507624 0.5734304931643088 0.2678522212288776 0.28899990924813695
0 0.47959081859647235 0.3355350625443455 0.26585321161023073 0.27649081888905724
0 0.69089293946253 0.6156139688656161 0.2540625397405318 0.2967305960164204
0 0.6225174177781657 0.42462989968197123 0.23690975607526782 0.2528896924256241
2 0.34338544536816185 0.21523567720211778 0.22882443756361354 0.24503174063022612
2 0.13499010280989043 0.17496870462406847 0.1870883161494016 0.16824198165323562
2 0.06698663647515438 0.21831418364502547 0.12480657095872501 0.17412836729005096
2 0.2280159057124481 0.24424594545068629 0.1852728450053421 0.20572380093507645
2 0.138690544001701 0.5046107528286704 0.1566567716843644 0.19149767447164337
2 0.3221677321134687 0.5470760296614459 0.19001490870767296 0.2073135720123153
2 0.2623413535276806 0.6232749152982612 0.18667165389834955 0.20104539129415605
0 0.42843014499749293 0.6375197433607006 0.22704368275429018 0.2387726502711466
2 0.1343601641499686 0.33586984318774993 0.18974209019601868 0.1995010720123153