0 0.34124519399694087 0.48321977725093557 0.35068538717321696 0.3259095612836752
1 0.3123274870176518 0.6642584153105766 0.3032103693163094 0.28907794662978253
1 0.5822458896121443 0.2255013732487782 0.3232228603878557 0.27295497964646936
2 0.586175864451636 0.49223849389556457 0.30946036931630944 0.28940549525030157
1 0.43346828125617864 0.8788011929001964 0.28934669236879246 0.21029784938874485
0 0.4972651432655922 0.354060142470655 0.3432080779204517 0.2552695126631561
0 0.41290732873452585 0.10405897896910084 0.3085603425309483 0.20811795793820168
2 0.16544062459790582 0.5384848886254677 0.2591330868489054 0.26803510628614957
2 0.5047059017903042 0.643248795229617 0.2506932954530475 0.23168817051050078
2 0.6810365767092262 0.6472767966999551 0.258860351459402 0.25241010628614957
0 0.7337969326328551 0.39708204489093274 0.29720583116686256 0.3028128980092637
2 0.1240084699682279 0.09497058401205498 0.22696369480442447 0.12429175033868427
2 0.5089922069858797 0.7554212466090979 0.25181941882984216 0.20677005766563053
2 0.6288450109636392 0.8201687420865422 0.25902399269310405 0.2617851062861497