2 0.6540177959651068 0.5485704722880131 0.1742556323171655 0.1487029813887503
1 0.3713280158126816 0.5143045184018529 0.18836358411256365 0.15717045285270287
1 0.11840300371243315 0.468140032050704 0.19312380698520065 0.16988877667402047
2 0.24196672697785354 0.7208370006191726 0.1868556262670414 0.16647267824559703
2 0.24062187471491728 0.8176756133156197 0.1866647287263694 0.13366017824559684
0 0.8360490459651068 0.5570487140158453 0.16329995159900648 0.14506855913900907
0 0.8814519286750558 0.6779455649254682 0.16025676483072288 0.15898550992479735
0 0.21357966920708601 0.36160539578060835 0.21189198770335987 0.17388707195929065
2 0.5975581968254284 0.7162994737357551 0.15225336729005096 0.1258091368892682
2 0.48272808236404785 0.7086067901134745 0.13983518052176755 0.1392894400324213
2 0.35457282874981055 0.3048738604201355 0.16646131303532483 0.15146410835322088
2 0.461258645104785 0.36923392100688673 0.16014768052176756 0.14023550992479744
2 0.4685666301758663 0.456316544042416 0.16162836729005098 0.12624578453190338
2 0.3933131418833312 0.22775058829422895 0.15373405405833437 0.11181941149637406
2 0.2755080183467643 0.19413110545773676 0.1537704154946528 0.11806941149637402
0 0.24585077196100164 0.5905137998333843 0.20242608411256366 0.15782542431665547
2 0.259813798891973 0.47394488399378404 0.15700449980360826 0.13696496071058578
2 0.5572735644100669 0.7902249712545557 0.16790563836728972 0.13122438296032665
1 0.4074104406771083 0.6253897216688404 0.16320904800821018 0.12944355913900907
0 0.4268911728213233 0.7693045415612166 0.13348518657189173 0.12181084160399784