1 0.35913358841329507 0.4870585782151192 0.25898986975432586 0.2104018197775986
1 0.4471911810497322 0.6165675181409853 0.26680236975432586 0.21067463828925295
1 0.6963942445232167 0.3833284653232457 0.2367966210079672 0.19870042794496667
0 0.4581895508705651 0.35081603256895566 0.2958821159934022 0.24446928493120837
0 0.5846420537735589 0.4855680332019278 0.2877059031404208 0.231696466419554
0 0.31978862892552595 0.2882292086150057 0.25448422618081656 0.2164881286706061
0 0.5747800058059878 0.28074412394610065 0.22558633636823106 0.1889434820286507
0 0.6745155813536661 0.24832598274644088 0.1783021594086268 0.173244070958725
2 0.6406229323033734 0.6123959172300115 0.18892141066226814 0.16268851687504107
2 0.44633074538114653 0.21148071405730134 0.17546666442319178 0.12943950725639414
2 0.750702625956025 0.6404341263931714 0.16149509263643722 0.13207343393541643