0 0.42421875 0.48515625 0.1140625 0.1671875
1 0.1875 0.046875 0.1109375 0.09375
0 0.709375 0.240625 0.10546875 0.16484375
2 0.309375 0.46171875 0.1078125 0.1375
0 0.24921875 0.60625 0.12578125 0.1703125
0 0.41640625 0.7171875 0.121875 0.17109375
0 0.371875 0.85703125 0.121875 0.14375
2 0.46015625 0.9125 0.1078125 0.13203125
2 0.51484375 0.81875 0.09296875 0.1296875
2 0.3578125 0.57578125 0.10546875 0.128125
2 0.61953125 0.328125 0.1125 0.15234375
2 0.765625 0.13984375 0.07421875 0.09375
2 0.77421875 0.053125 0.084375 0.0953125
2 0.05 0.65078125 0.07890625 0.1046875
2 0.18984375 0.68046875 0.07734375 0.121875
1 0.23359375 0.50078125 0.06953125 0.09296875
0 0.15546875 0.61875 0.08203125 0.15
1 0.06328125 0.56171875 0.08984375 0.09453125
2 0.571875 0.40703125 0.09296875 0.11796875
2 0.6671875 0.3703125 0.0875 0.1234375
2 0.4734375 0.61796875 0.06875 0.09296875
2 0.50859375 0.696875 0.0671875 0.096875
0 0.3078125 0.2671875 0.09296875 0.1015625