1 0.5833365640202082 0.11456387324877818 0.1993129350298613 0.18211089439121894
2 0.6075682721327427 0.380935823723748 0.18815722948277802 0.1721626843053107
0 0.34250174411298556 0.6390603414752869 0.22282317021222225 0.18646420171816516
1 0.394279836818541 0.7611942910457454 0.159450348023889 0.14568871551297527
0 0.8717547926499648 0.5293921766189955 0.14564242116215276 0.15588923111680728
2 0.4934135467340274 0.45792544889309017 0.1816162887533334 0.15933513568479168
2 0.6608913342530898 0.47021632971664185 0.19299019984750015 0.17865834577069997
2 0.5411042046940621 0.554523809928938 0.20185605357097244 0.1572746687014785
0 0.2806037689986106 0.5158961584131715 0.2102504350298613 0.1826841044771273
0 0.3227658998888187 0.8835473258714547 0.17344011284152785 0.14330069990914324
0 0.25659995849378414 0.6755544414298583 0.17700152393569457 0.1622144742194024
0 0.19437075579649238 0.7677695969023537 0.17827308320625015 0.14979636137453234
2 0.48362293227697883 0.3421742961341282 0.17532992116215293 0.15744508706427274
1 0.06327635092213521 0.556965972976207 0.12655270184427042 0.12061347241038015
2 0.6720632639646176 0.5601452888980389 0.12769120174736132 0.12217597241038014