0 0.6119870912635486 0.5248491846548594 0.11431813335454458 0.15821369480442443
0 0.7446241318825964 0.8780168693130144 0.1174794960216353 0.16139324188232534
0 0.4706331958943685 0.7864979764577544 0.10955790802036276 0.15188187418757337
0 0.584223528564641 0.7619128080316541 0.12362040802036275 0.1521273360381265
0 0.7286922385821402 0.6355020868456102 0.11108404535327168 0.14878414772652385
0 0.6455342932447768 0.6637440892812421 0.11099313868554468 0.14097164772652385
0 0.37767408390359536 0.716892814120734 0.11420904535327177 0.1488386948044244
0 0.42796662726768486 0.49116215705871935 0.09544086401972648 0.1469489123370204
0 0.6618983739656379 0.2647298908233696 0.10779541335136286 0.13466710064862308
0 0.5550125746340016 0.2503616534052714 0.09974655601527208 0.11421823295387146
0 0.7178194679344576 0.49544014853400736 0.09525905068427196 0.1313239123370204
0 0.32710027721200563 0.8996410844132734 0.12022268801718106 0.12863528896022594
0 0.540399708545551 0.9018014224799948 0.11867836935072659 0.13017051542127547
0 0.2694819652689575 0.4790188928552598 0.11733404535327185 0.14889324188232517
0 0.3022052006285927 0.28580072686479147 0.11230110001590835 0.11912392126547414
0 0.39334727394972957 0.37725361566286153 0.11097495735199914 0.13940914772652374
0 0.28614910789309583 0.7926546988616143 0.10476132001909004 0.1424250535707225
0 0.3746592665897762 0.573060993503883 0.09996473201781733 0.13296823295387145
0 0.2932269059118677 0.6544689062479405 0.09847495735199914 0.13919095941492116
0 0.46674950596754694 0.2472581984545772 0.07979768268618095 0.14511367694751698
0 0.3909137119669106 0.25062293181548567 0.08748291335136286 0.1343125446422687
0 0.4342951592139146 0.8874468218313716 0.1031806386855445 0.1408352800317722
0 0.6468587938813236 0.8856872731286181 0.10472495735199913 0.13930005357072234