0 0.4272409356641071 0.6644372590962279 0.2251239099950512 0.19129289578060843
0 0.7335064665330873 0.9175632782242065 0.2299751843053107 0.16487344355158698
0 0.739604816826343 0.6218153813031877 0.21525758706427284 0.18148124813797323
0 0.6745386595448253 0.7276436962331652 0.22076395861557022 0.19732457195929065
0 0.4956966073062617 0.822690714844415 0.21213258706427265 0.1813356989237615
0 0.5535334407524898 0.750201438789567 0.20275758706427283 0.18089905128112632
0 0.7035179098835095 0.5034442169113296 0.21558513568479168 0.18773124813797323
0 0.4603377979431505 0.4662737408992628 0.20498182835784534 0.16385710049533805
0 0.14721592096478603 0.6130201925136207 0.19609815128862396 0.17279545285270287
0 0.17186179613412816 0.5013934877988909 0.1686348925821967 0.1543707845319034
0 0.3596229884684976 0.7591825248119937 0.187630554047586 0.15993157981717357
0 0.8874834741078608 0.5198441205498208 0.1589256999091429 0.17729886228216216
0 0.8314470788121306 0.7373012942473037 0.1950269742194024 0.1820976782455972
0 0.5040921992317744 0.30384866955914464 0.2173114099950512 0.1909290227450791
0 0.2987805794894992 0.26139353411761856 0.18203565128862387 0.1721404813887501
0 0.3579364942342488 0.3878875676160646 0.19938692559888346 0.1760660020669146
0 0.8117675011316537 0.440351365587422 0.20234815128862388 0.17308655128112632
0 0.5608667424252265 0.44589492845048484 0.18943871551297525 0.16469185442427942
0 0.6708868735874625 0.39384873903723605 0.19560682835784532 0.16342045285270287
0 0.20008969470921864 0.41107885690547885 0.19635045680654795 0.14786822745980874
0 0.23214527815544672 0.33738879983338427 0.18565861827193722 0.1520463052100678
0 0.8530088975590377 0.6247477903183624 0.19757876413349393 0.17130572745980874
0 0.776864720151132 0.8373526441234691 0.1975787641334943 0.17130572745980857