1 0.4671932308661771 0.45345471458301756 0.38699050079142283 0.3068873668972675
2 0.659933345672445 0.6749519438003663 0.3858084340192331 0.26626236689726746
2 0.6724479983506473 0.13747012451852553 0.2676661877801568 0.2327680899662962
2 0.8126217396416656 0.5279946096878027 0.3524791084715545 0.30199987899751585
2 0.4005609749936824 0.24684616628021977 0.29001254922121245 0.19540444535249044
2 0.19686532515196692 0.18710404849918952 0.25892768527287435 0.2545885478118185
2 0.22613397334432972 0.38924326541989807 0.24689904671393004 0.21702491529826115
2 0.4682666152019793 0.06932165086032167 0.2634667695960413 0.13864330172064335
2 0.8526199169969813 0.36138382660851126 0.2793023697543259 0.20315331283893306
1 0.38575771127013586 0.5945296873574586 0.30047868778015674 0.23295898750696828
2 0.6351429119824163 0.3189064768796577 0.24309208511458974 0.19356923458010195