0 0.6061684933849714 0.39559511802414626 0.22199493217453856 0.1790348784786316
0 0.40421207940739806 0.5964267420541536 0.2119649607105858 0.1645903765014653
1 0.6619175715495151 0.5547353546782734 0.19463191149637388 0.16076503954332716
2 0.413758477254921 0.1905587440313199 0.20324493217453837 0.17827087452429896
2 0.7441543368509962 0.4632707548685538 0.1776969685684687 0.132003369581383
2 0.26601652833115946 0.3993182731945236 0.17308224317557439 0.13337486859279987
2 0.41695613606520787 0.47348399057127877 0.15851032092583353 0.12186436562705047
2 0.5308880494236087 0.5218657993547966 0.1810402923897861 0.13681820357377178
2 0.16536167266402577 0.13284038041861695 0.1804580955329393 0.12431820357377185
2 0.29797727357364856 0.08143043623638524 0.1924144400324213 0.1466388725471326
2 0.23846522477372162 0.23746953060889736 0.19851889081820956 0.1437685405319101
2 0.39235005004278123 0.2818840809894582 0.1619264193542569 0.12824169961943924