0 0.4183552699315941 0.5187202951828274 0.27621924403245296 0.2486111479078998
0 0.6269212005888217 0.595563081295162 0.3171351453691802 0.2750298041685021
2 0.6089279153007743 0.26120543946253005 0.20363517202418074 0.1851637176006804
1 0.7356460513208187 0.11791428564899853 0.2062692760184536 0.14308534500534212
2 0.32014722597072864 0.22689240453132173 0.1657897266868172 0.15416668874473985
2 0.29924328528804756 0.344179108252186 0.17354768268618095 0.14975200725639412
2 0.4723273439688196 0.2462748655085802 0.18156017735518085 0.1672123257680484
2 0.7199023253103193 0.1947396804768554 0.21304653469127163 0.18861609981466554
2 0.5899046479551384 0.3512029568857252 0.17819882001909004 0.1467906983633867
2 0.16903016864259202 0.18331847540522872 0.14992836935072645 0.13330855172143133
2 0.9130966999522748 0.38359139326821234 0.16744313335454422 0.1620337524470707
2 0.9102887786044119 0.49056807956588155 0.17065904002227156 0.1699553798517325
2 0.8919076645449147 0.9283855380960692 0.05118178668045381 0.1033085384745874
2 0.5018842905792769 0.661537766959859 0.18306813335454458 0.16257938947037937