1 0.4767607959890142 0.55703125 0.2558768931112908 0.309375
0 0.4221655388628783 0.3390625 0.2761439290046681 0.3078125
0 0.6223377204413358 0.52109375 0.22360996239076308 0.328125
2 0.7740640418323791 0.6765625 0.21431386724704354 0.2234375
2 0.08834578299038345 0.13203125 0.1193818004748537 0.1828125
2 0.8148471323572452 0.37578125 0.16768290815498546 0.178125
2 0.8495678101747792 0.525 0.17117162100796718 0.190625
2 0.7308178101747791 0.525 0.165512654394062 0.2109375
2 0.6722190823446099 0.87421875 0.18797868778015675 0.23125
2 0.8359716937856655 0.91171875 0.1832624440483631 0.1765625
2 0.8737936057015748 0.76640625 0.16279683135366624 0.225
2 0.5847514892459543 0.68515625 0.1513759465556454 0.1546875