0 0.5189906244942548 0.35306065045749957 0.31672623084752427 0.30712804787138914
0 0.3424083102437698 0.5581150924212149 0.39116074645662097 0.24797255983923633
2 0.13522574890369166 0.4018690116835068 0.25015380054030495 0.23376197663298637
2 0.32671381134007815 0.15346396001239557 0.2585119375636135 0.24956881458888908
2 0.3648810548862922 0.7538451665094094 0.21570438947037926 0.18612325721819473
2 0.09537210833700403 0.6264157232145138 0.15222224282842386 0.15654355357097244
2 0.7192361942718535 0.6017306205378814 0.20175101687504107 0.18892094889756947
2 0.8160864347380248 0.9122304030229508 0.33141866950744614 0.14666332655673636
2 0.26266876885877555 0.8719431627096874 0.20055061542376224 0.15454594889756948
2 0.18423869009550226 0.7306836894951735 0.19490081614940155 0.17158797853284752
2 0.7099380614248961 0.46980847331142306 0.1783482332097769 0.14466180262104178
2 0.549523894997493 0.622882187976562 0.21247026206571745 0.1829255220358334