1 0.7092678564663488 0.6524622636832683 0.28431240924813694 0.27263407507848497
0 0.6387342053114395 0.29142626639680175 0.3173248971478884 0.3087287053362099
0 0.4311348078689634 0.39993256445149383 0.2999646803253757 0.27814044662978266
1 0.24842684699837903 0.39154461160167486 0.19651242739850955 0.21648589439121899
1 0.20915474785870067 0.5638633469023537 0.23098742134838535 0.23547491180407362
2 0.4908017411212054 0.09149037991904052 0.2152169756031114 0.18298075983808104
0 0.41050816959986947 0.5892374038906157 0.2670885478118185 0.26548331637205785
0 0.494015040307766 0.7340342475136092 0.3030169574527388 0.2658042209400421
2 0.592030880372258 0.5328634938955645 0.20724993949875808 0.1826841044771271
2 0.7030627873808998 0.7793113687262224 0.2087760780624393 0.17651599163225704
2 0.7039193646577723 0.0951001430364819 0.1837215359079618 0.16583079715018095
2 0.4846148527539157 0.20187684475464715 0.17435562626704132 0.1669019742194024
2 0.6324245970965748 0.4362441214397559 0.18366699375348397 0.15645579715018093
0 0.8350324883907309 0.24599317842801788 0.2451771863754999 0.2580868962002413