1 0.79921875 0.5655872186692245 0.3328125 0.25662374648395847
0 0.32109375 0.4534305687908614 0.3203125 0.25811352361132156
0 0.303125 0.6673885296614458 0.309375 0.16429989109776422
2 0.60703125 0.7254066045024314 0.290625 0.19387830678880888
2 0.54453125 0.5344179901392467 0.1953125 0.20582379488495217
0 0.19609375 0.32770334006449203 0.296875 0.20641466822512733
2 0.11484375 0.5241056413923519 0.2015625 0.16523515632127062
2 0.8484375 0.34087356498023247 0.2390625 0.18732832493918156
2 0.47421875 0.33791517398066395 0.2609375 0.2093305899662962
2 0.09609375 0.7357153070833965 0.1875 0.16046584308955403
2 0.26796875 0.8710902465821544 0.1828125 0.15731357201231547