1 0.47102347133108796 0.1331649404807166 0.1809846976422728 0.1478931202169172
2 0.38392408346091617 0.3922041180756179 0.1712276956651065 0.13846357806243947
0 0.5847730231573425 0.6769053292407898 0.20585736364988402 0.1449135659621911
1 0.5051571659332492 0.7906229164766115 0.14533635771838505 0.11644313231716552
0 0.08712072623682277 0.5071852652235064 0.12878552768032886 0.1319681383672897
2 0.4787325646778358 0.4806939254536019 0.16609452669174568 0.12749880698520072
2 0.30955148315690495 0.4730864794137405 0.17460736364988402 0.14473175878059868
2 0.40866546239665824 0.5709240157144857 0.1892136917107738 0.11982266237139498
0 0.6753263803814359 0.5631241094914109 0.19335736364988404 0.1448408430895542
0 0.5459983887472118 0.9192610008837627 0.16077035672980172 0.11184653590796181
0 0.661019846769608 0.7225445612868089 0.16153436068413446 0.1305965359079618
0 0.7007588260093612 0.8207275312325797 0.16571252471457926 0.11812380698520072
2 0.5153160049057348 0.3687888230924698 0.1613433596955513 0.12590903590796182
1 0.8819955330431742 0.6283122513747421 0.11488485376405215 0.09752041549465282
2 0.27789296486811627 0.5599688558771736 0.11494852076024671 0.09908291549465283