0 0.5386023893704676 0.1975697220719058 0.32720477874093506 0.38641240404199806
2 0.24176808477957232 0.26204765603118035 0.24180662613590123 0.296404474697635
2 0.7113723409803162 0.8390770640913139 0.23922528163641915 0.2745112933640897
2 0.38552035462916723 0.5822976160486796 0.30736315963434724 0.36275672803945264
2 0.677072153843379 0.588813434754905 0.2650643436709125 0.32634651336727105
2 0.14877371773989906 0.4280624600174992 0.2661174214211715 0.3154271947008166
2 0.39073427770747776 0.2918907920512249 0.20285113399378396 0.26471812269254424
2 0.5152891296505578 0.43466973273390597 0.2343922324222074 0.27133174936345306
2 0.33094824710451587 0.11472830804422522 0.24881429735218497 0.21215674403245305
2 0.6459526246881591 0.35654582741881424 0.21611311331561964 0.24769425469445325
2 0.47894479135632884 0.03992939739813338 0.16101458271265762 0.07058631468808992