0 0.18203125 0.27578125 0.04375 0.05546875
0 0.62265625 0.29609375 0.03984375 0.053125
0 0.49140625 0.471875 0.03125 0.046875
2 0.34296875 0.65703125 0.028125 0.03203125
2 0.3625 0.6390625 0.034375 0.04296875
2 0.35 0.55234375 0.0203125 0.0265625
2 0.46328125 0.47890625 0.02421875 0.034375
2 0.90546875 0.31875 0.03984375 0.05
2 0.98203125 0.31328125 0.0359375 0.05078125
2 0.875 0.2609375 0.03125 0.0421875
0 0.52109375 0.72734375 0.0203125 0.03515625
0 0.37890625 0.61328125 0.03125 0.0390625
0 0.11328125 0.3734375 0.040625 0.04375
2 0.584375 0.2765625 0.0328125 0.03828125
1 0.459375 0.45390625 0.02265625 0.03046875
2 0.59296875 0.34296875 0.02265625 0.04375
2 0.615625 0.340625 0.0296875 0.03828125
2 0.65 0.30546875 0.01875 0.03515625
2 0.553125 0.71015625 0.0203125 0.02734375
2 0.959375 0.28046875 0.03828125 0.0453125
1 0.96640625 0.35703125 0.04609375 0.05
2 0.92265625 0.35 0.03203125 0.0375
2 0.50703125 0.4375 0.0234375 0.02734375
2 0.671875 0.2625 0.0234375 0.0328125
2 0.69609375 0.2453125 0.0203125 0.0296875
2 0.66875 0.2328125 0.02421875 0.0265625
0 0.36015625 0.11796875 0.01640625 0.0171875
2 0.05625 0.465625 0.0234375 0.0328125
2 0.55078125 0.3953125 0.01953125 0.028125