1 0.4295507985905299 0.680763162597043 0.20048811331561964 0.2552208457707
1 0.5371343203021517 0.7878995539360443 0.17791960049533806 0.20571881275401332
2 0.44057807402620536 0.379452968114967 0.1538656703877141 0.22472111827193722
1 0.5186774569865321 0.5429555461341282 0.18079204342324343 0.2339256999091429
0 0.5238036428851242 0.29990823100526576 0.1833348465663967 0.2215894742194024
0 0.630638109591566 0.6263678324301752 0.16113451488719618 0.24692366689245623
0 0.6269736463997809 0.42998747738722115 0.160659325888232 0.20325555404758583
2 0.4367659075674326 0.1462719759168831 0.15582627667402046 0.1998848925821967
2 0.2549636358558109 0.05141865784734464 0.1411772717116218 0.10283731569468928
2 0.164775283498446 0.06259517526019917 0.09830056699689202 0.12519035052039834
2 0.3187051122821623 0.13366351255161452 0.12163105913900915 0.1684777623244719
2 0.15365596277750035 0.3396689303485818 0.09641273531769157 0.16248006784239594
2 0.31105754797135743 0.440278682723431 0.12461050992479752 0.16551653663473137
2 0.22950148697032144 0.4884096455228727 0.1244649607105857 0.16239153663473155
0 0.3783799427185085 0.5573566400958059 0.155535178245597 0.19363489258219674
2 0.2028468258882322 0.18515849276391078 0.12907968610347992 0.16107469810012062