0 0.5235917812221345 0.405059455998299 0.18758139081820957 0.14226688947037935
1 0.9113998804791275 0.09572408449926903 0.11356169396136266 0.12720239546082907
0 0.8171941937519657 0.6436482077275795 0.18409251778268043 0.13434526206571745
2 0.5259825729927481 0.28838038748664474 0.15745724317557439 0.131855179126093
0 0.3725643205115487 0.2538293166127378 0.19277831306795062 0.15336808057737183
0 0.29428742493582816 0.4381076020921002 0.19426803846084476 0.1518601442797028
0 0.1485917812221344 0.4181547445577044 0.16592471463952715 0.14619049763774736
2 0.11006228225559174 0.514967746371803 0.15113446856846857 0.13007442431676958
2 0.21277205934389695 0.5528546375714628 0.14735449710451584 0.11590279691210803
2 0.4226799445805353 0.35537196924514297 0.14793669396136266 0.12840279691210785
2 0.7144094880037788 0.5705505028255888 0.17337334160399784 0.13865081614940156
2 0.926971608143824 0.6820708122667505 0.10720037799792834 0.09110120435383635
2 0.9786730794028887 0.6757364775130273 0.04265384119422251 0.09943949400955035
2 0.29177443114108115 0.0649329969199571 0.11835620181924558 0.09617065027015245
2 0.2882770576912671 0.20825641098510767 0.13561647642635144 0.09833335099579185
1 0.4734889656729845 0.21978664411006665 0.10690927956950454 0.08485120435383653
0 0.342525755995856 0.16332336770119685 0.16410534946188066 0.10712799763774727
1 0.3816545684446341 0.06257683403593288 0.10949062406898662 0.10678076805616735
2 0.6283606720403441 0.5375594427514552 0.13634422249741007 0.11395835099579195
2 0.6817275746453779 0.6249031861280331 0.1391781240689866 0.10781747840045348
2 0.40250233932768625 0.476584770333602 0.10690927956950454 0.08485120435383653
2 0.33121169023730906 0.5252430143431523 0.10839900496239867 0.08334326805616747
0 0.7168237427612898 0.25276280209994945 0.11901117328319835 0.11023315027015243