1 0.49195867838046825 0.4681047845985665 0.23926352966144576 0.31557184757972223
0 0.4227309136479411 0.6809489433504222 0.26112034894328673 0.31359326775153884
0 0.6354677838648584 0.5170446528705036 0.2065692043294808 0.33416471732199754
2 0.7980546631569618 0.37630122342643296 0.20282605991206673 0.227750943011738
2 0.07471961876298891 0.8580824949116174 0.10886698165323568 0.186900213703953
2 0.8173939738545956 0.6789692000206846 0.15882152985783762 0.18170810266810483
2 0.8627888079671593 0.5328654839418825 0.16201925273047452 0.19437187697836453
2 0.7440615338648583 0.5227358101520213 0.15432492739850953 0.21427494120271576
2 0.7093835694782326 0.17003021200647223 0.17631810206654458 0.2357338613745322
2 0.876017078455223 0.1396886940277908 0.17296584308955404 0.19650758706427268
2 0.9040279280858806 0.29510985639769116 0.15129083098930565 0.22973616689245616
2 0.609864316747758 0.3508088212332979 0.14462267447164337 0.1575336182719372