1 0.5331518258229443 0.35387243709049143 0.0817045179539809 0.07954322402541773
0 0.4798541090004315 0.38263263676617987 0.10539654800821019 0.1237023271096728
0 0.7611581302740621 0.5125555105467162 0.10855790944452863 0.13000687418757337
0 0.6929530309379921 0.5519941116023764 0.13055108411256366 0.15070120373287815
0 0.48028485929501913 0.5771911603051303 0.08974427693097127 0.11874209172016936
0 0.17310816354974526 0.5968319099013885 0.11472609621281213 0.11605346834337489
0 0.10463594038252073 0.4135869874180983 0.12748062626704137 0.16002165665497756
2 0.5892189768796576 0.654881558031654 0.13044199980360816 0.13195120373287814
2 0.6490479739527915 0.7121815892812421 0.10221700585373235 0.11427278003177203
2 0.3226172841594459 0.683825169640621 0.07555451190385672 0.0966216298696164
2 0.08515766989445707 0.8070369784896446 0.08174996974937898 0.08735572402541755
2 0.42421614559576437 0.6793479496723932 0.08965337334017516 0.10311709172016936