0 0.884375 0.87421875 0.103125 0.0671875
2 0.86875 0.53828125 0.0953125 0.1140625
1 0.7859375 0.75078125 0.09765625 0.1203125
0 0.6359375 0.84921875 0.09375 0.11796875
0 0.74921875 0.859375 0.1125 0.1171875
0 0.559375 0.38125 0.1 0.1359375
0 0.5359375 0.240625 0.09375 0.1046875
0 0.03671875 0.7078125 0.0734375 0.1453125
0 0.1375 0.3421875 0.10234375 0.1265625
2 0.23984375 0.684375 0.0984375 0.115625
2 0.4328125 0.5796875 0.0890625 0.1
2 0.56171875 0.58671875 0.0875 0.096875
2 0.65703125 0.72890625 0.08984375 0.1203125
2 0.17109375 0.19765625 0.1015625 0.11015625
2 0.76796875 0.31015625 0.0828125 0.096875
0 0.90390625 0.3171875 0.090625 0.115625
2 0.36640625 0.2 0.0859375 0.10859375
2 0.2828125 0.1875 0.07421875 0.084375
2 0.44765625 0.2359375 0.07734375 0.1046875
2 0.3078125 0.0921875 0.0796875 0.0953125
2 0.3703125 0.678125 0.0765625 0.0984375
2 0.56875 0.803125 0.08671875 0.10078125
2 0.6078125 0.46015625 0.08125 0.115625
2 0.63984375 0.58515625 0.08125 0.09375
2 0.13359375 0.7109375 0.0796875 0.09765625
2 0.06328125 0.50625 0.0875 0.09375
2 0.1390625 0.9703125 0.078125 0.04296875
2 0.1953125 0.9640625 0.05625 0.04765625
2 0.225 0.946875 0.071875 0.08125
2 0.07109375 0.9671875 0.071875 0.05546875
2 0.2421875 0.79609375 0.0796875 0.0984375
2 0.16875 0.8859375 0.08203125 0.1046875
2 0.36171875 0.55546875 0.07734375 0.0984375
2 0.71484375 0.54375 0.0765625 0.08515625
2 0.7265625 0.709375 0.08984375 0.115625
2 0.71015625 0.78828125 0.0796875 0.08203125
2 0.75703125 0.9125 0.0703125 0.03203125
2 0.91171875 0.58671875 0.09453125 0.11328125
2 0.928125 0.7953125 0.053125 0.11796875
2 0.925 0.67890625 0.0703125 0.1046875
2 0.66875 0.26796875 0.0875 0.10234375
2 0.571875 0.175 0.0765625 0.1078125
2 0.41015625 0.0921875 0.09375 0.10546875
2 0.53984375 0.06171875 0.08671875 0.1015625
2 0.021875 0.496875 0.04296875 0.10234375
2 0.1125 0.92265625 0.0765625 0.0984375
2 0.496875 0.79609375 0.0671875 0.08671875
2 0.653125 0.425 0.06640625 0.08203125
2 0.75703125 0.38125 0.0703125 0.0828125
2 0.709375 0.34296875 0.06875 0.08515625
2 0.6671875 0.50078125 0.0734375 0.08984375
2 0.403125 0.4984375 0.078125 0.10078125
2 0.46015625 0.49765625 0.06875 0.0828125
2 0.39375 0.3484375 0.0796875 0.08984375
2 0.3515625 0.28671875 0.0859375 0.10859375
2 0.3265625 0.62890625 0.07734375 0.1015625
2 0.33984375 0.74765625 0.06875 0.07890625
0 0.29765625 0.8859375 0.07421875 0.0890625
2 0.35 0.86875 0.0703125 0.08671875
2 0.3875 0.9578125 0.0625 0.040625
2 0.3296875 0.96015625 0.065625 0.04296875
2 0.2875 0.95234375 0.065625 0.0625
2 0.2125 0.57109375 0.0625 0.07421875
2 0.15859375 0.58515625 0.06953125 0.0953125
2 0.03828125 0.38984375 0.0765625 0.0890625
2 0.00078125 0.2203125 0.00078125 0.0703125
2 0.01328125 0.32421875 0.0265625 0.078125
0 0.7625 0.05546875 0.08203125 0.09765625
2 0.82109375 0.03828125 0.078125 0.0765625
2 0.77734375 0.121875 0.0796875 0.0921875
2 0.840625 0.19765625 0.07421875 0.09453125
2 0.95234375 0.32734375 0.0421875 0.08671875
2 0.9421875 0.1890625 0.04609375 0.08515625
2 0.9640625 0.4828125 0.0125 0.0765625
2 0.9578125 0.56875 0.01640625 0.08203125
2 0.865625 0.44765625 0.0875 0.10234375
2 0.93203125 0.43671875 0.07890625 0.09375
0 0.8140625 0.878125 0.0734375 0.0796875
0 0.8515625 0.8234375 0.08203125 0.0859375
0 0.58515625 0.9328125 0.07890625 0.053125
2 0.290625 0.45546875 0.0703125 0.08515625
0 0.33671875 0.41328125 0.0828125 0.0953125
0 0.1796875 0.44453125 0.0796875 0.09296875
0 0.0421875 0.21953125 0.084375 0.1015625
0 0.88671875 0.0953125 0.0921875 0.0953125
0 0.728125 0.1734375 0.08671875 0.115625
2 0.2234375 0.11328125 0.10078125 0.1109375
2 0.2640625 0.35390625 0.075 0.0890625
2 0.265625 0.60390625 0.078125 0.090625
2 0.1078125 0.846875 0.078125 0.0890625
2 0.1109375 0.4234375 0.0703125 0.0859375
2 0.81328125 0.5984375 0.07734375 0.10078125
2 0.78515625 0.45859375 0.06875 0.08671875
1 0.684375 0.0796875 0.08984375 0.09453125
0 0.29296875 0.290625 0.0765625 0.08671875
0 0.30859375 0.7046875 0.06640625 0.08203125