0 0.4671875 0.4828125 0.121875 0.16015625
2 0.34296875 0.4359375 0.0828125 0.109375
2 0.10234375 0.4796875 0.0796875 0.10546875
0 0.60859375 0.71796875 0.103125 0.115625
2 0.32421875 0.79765625 0.071875 0.09765625
0 0.38125 0.346875 0.09453125 0.146875
2 0.0984375 0.33828125 0.0859375 0.10625
2 0.0734375 0.24921875 0.08671875 0.10234375
2 0.45390625 0.359375 0.0859375 0.1
2 0.24296875 0.3609375 0.0765625 0.09453125
2 0.1703125 0.35625 0.0671875 0.1046875
0 0.71796875 0.9546875 0.10859375 0.08984375
2 0.8125 0.09453125 0.0703125 0.08984375
2 0.80703125 0.184375 0.06328125 0.0859375
2 0.746875 0.0890625 0.05859375 0.08984375
2 0.39140625 0.85234375 0.08203125 0.10859375
2 0.3390625 0.521875 0.0875 0.0875