0 0.47890625 0.40703125 0.1984375 0.240625
1 0.3109375 0.36796875 0.1765625 0.2046875
1 0.70625 0.64140625 0.1515625 0.23359375
2 0.4578125 0.62578125 0.175 0.2125
1 0.0796875 0.4640625 0.15625 0.203125
0 0.590625 0.55625 0.125 0.25859375
0 0.8625 0.4984375 0.1640625 0.228125
2 0.43671875 0.2453125 0.1734375 0.16796875
2 0.32109375 0.54296875 0.13671875 0.1734375
2 0.309375 0.7 0.15703125 0.1734375
0 0.53828125 0.76484375 0.19453125 0.19453125
2 0.896875 0.23515625 0.128125 0.18359375
2 0.215625 0.5390625 0.115625 0.18359375
2 0.15 0.64296875 0.16484375 0.17109375