0 0.5271655240831169 0.4377156030809598 0.4269807383528967 0.3430831672049891
2 0.47777079093014463 0.6717945482924214 0.38694223654387444 0.2939911022701809
0 0.2533429217536962 0.5000620499172744 0.3506705438708207 0.31677403733537285
1 0.7613601396415206 0.512832200076135 0.30585601085413394 0.2956978782447631
2 0.19851041609948666 0.7793171274339843 0.257765991632257 0.2121217191541538
2 0.14385945838842762 0.6152313080349494 0.23875039800926362 0.29608761606989875
2 0.46381127374443254 0.21181557629559858 0.2984728787873866 0.21439333116686257
2 0.6701232287419583 0.30595886282019247 0.29880707146044044 0.19098310470581287
2 0.15123603064183758 0.17513814204448094 0.2037402329258297 0.19400691882984217
2 0.28764384215265537 0.09712401055001153 0.2346626843053107 0.18830238960884896
2 0.38222035277964655 0.8145257447216989 0.277171088873295 0.2249490016215578