0 0.1779055061087179 0.8903987827847037 0.17727367349399667 0.20096357806243964
0 0.2777697272401099 0.9726476805217675 0.14077618942018652 0.05470463895646489
0 0.33480722446809963 0.8264458879745064 0.15919153142885678 0.15868517447164338
2 0.4730253742139858 0.5599719811622563 0.14347552616718495 0.15703177088084708
2 0.4011496451900861 0.4790578035673551 0.12408848933548207 0.14598518657189175
2 0.3719219606786355 0.1623742976154267 0.1572495998305908 0.17897949375348404
2 0.8113051661661863 0.4009480017485158 0.15946454721387227 0.16337267447164336
0 0.8698372739598721 0.29500252877768307 0.19280766823232476 0.19949198165323567
2 0.5789091660955992 0.32535206234795383 0.15550508930724724 0.17584540339440444
2 0.45022345299788913 0.3879060836215844 0.11858194198043534 0.13189541549465283
0 0.7043326422769015 0.18462758927892514 0.15750720506402766 0.21022040339440445
0 0.5552771611162759 0.6237532009116353 0.11527493145709151 0.1287522347764936