1 0.64140625 0.8109375 0.02265625 0.034375
1 0.64765625 0.8390625 0.01953125 0.02734375
0 0.2234375 0.7625 0.01875 0.02421875
0 0.24296875 0.759375 0.01875 0.03046875
0 0.528125 0.409375 0.02265625 0.03203125
0 0.5046875 0.4046875 0.02421875 0.0328125
2 0.6 0.82734375 0.0140625 0.01953125
2 0.603125 0.80703125 0.0171875 0.02265625
2 0.02578125 0.90703125 0.028125 0.034375
2 0.0671875 0.79140625 0.02265625 0.02421875
2 0.04765625 0.81953125 0.021875 0.0265625
2 0.08671875 0.77265625 0.0203125 0.0296875
2 0.18203125 0.875 0.01640625 0.0234375
2 0.1984375 0.8703125 0.01640625 0.02265625
2 0.17265625 0.859375 0.01640625 0.0234375
2 0.16171875 0.89765625 0.01875 0.025
2 0.184375 0.934375 0.01640625 0.0265625
2 0.25078125 0.80390625 0.01953125 0.02421875
2 0.2546875 0.78203125 0.01875 0.025
2 0.084375 0.8703125 0.0203125 0.03203125
2 0.06171875 0.96171875 0.0234375 0.02734375
2 0.03359375 0.8703125 0.02265625 0.02421875
2 0.0671875 0.821875 0.021875 0.02421875
2 0.08125 0.803125 0.021875 0.028125
2 0.19375 0.9078125 0.01640625 0.02421875
1 0.6421875 0.4 0.0203125 0.02421875
1 0.5125 0.70625 0.0171875 0.0265625
2 0.51953125 0.690625 0.015625 0.01953125
0 0.13203125 0.30546875 0.015625 0.0203125
0 0.1265625 0.28828125 0.0109375 0.0171875
2 0.8296875 0.39765625 0.01640625 0.02265625
0 0.81640625 0.38515625 0.0140625 0.02421875
2 0.825 0.365625 0.01484375 0.02265625
2 0.8375 0.3734375 0.0125 0.015625
2 0.6203125 0.81640625 0.01875 0.02734375