0 0.70859375 0.7116854827741566 0.3953125 0.35048275003718105
2 0.8 0.42244125205152844 0.3015625 0.26072523026551764
2 0.10546875 0.4917975222431214 0.2109375 0.23984504448624283
2 0.4546875 0.3560270958925679 0.365625 0.3289605771094877
2 0.30390625 0.5998832307598091 0.33125 0.285372403193211
2 0.7046875 0.24668256528367055 0.31875 0.2848630672236559
2 0.7 0.5308665642950874 0.2671875 0.22026205634924095
2 0.51640625 0.5522919422422463 0.2765625 0.2518940583264072
2 0.8859375 0.59000543684222 0.228125 0.2702328814443812
2 0.51796875 0.7086056092384407 0.2515625 0.230562886387297
2 0.90390625 0.7696438572984554 0.14375 0.18241986364988422