0 0.5592155948145152 0.4855314704898162 0.2560467261808167 0.22091444482076028
0 0.34020117036219355 0.5328922286304166 0.2957002595669115 0.243274123699004
2 0.42392191864633394 0.20244008876175337 0.1888759465556454 0.1643501843053107
1 0.3279371318950267 0.051341753731615924 0.19849498746358768 0.10268350746323185
2 0.7123479211536164 0.20916596506274926 0.15377352084968265 0.13754866689245615
2 0.7096511669969813 0.3286562714851844 0.1629666644231918 0.1317899898232347
2 0.5602996878466638 0.20699371268790007 0.16815426959604132 0.14922315128862396
2 0.3287661945105814 0.12162053595736286 0.19829641066226814 0.16640400723608922
2 0.4243645363555958 0.29446381445149383 0.16908027210332363 0.12743003844375372
2 0.8682258481132206 0.18695569312733895 0.1391654515702104 0.11806168249628839
2 0.09165733643473802 0.2814779720716959 0.17578491316955058 0.14338258706427265
2 0.08203594701786385 0.3868615128902988 0.1640718940357277 0.1481519742194024
2 0.017183696424296728 0.8268181275441913 0.034367392848593456 0.10180151741285463
2 0.45010971628470076 0.6160588534610744 0.16953491316955063 0.1430550384437538