0 0.6556068920444809 0.1345877025780041 0.06501707386326191 0.05543293467536321
0 0.7350775726421507 0.5689076112349136 0.06183752678536116 0.05227157200827239
0 0.5342633206135557 0.4798194812619577 0.053834112012708955 0.041243165340545215
2 0.32067633319545746 0.37525180195736557 0.03653751785690744 0.034793170671545234
2 0.34204281858496083 0.3906313539545021 0.05073638555165916 0.042769302673454135
2 0.42432348457542923 0.35919899327659355 0.03012387662320535 0.025345445337363513
2 0.5212996704513999 0.45340243193032137 0.039607970779006865 0.03170453333863606
2 0.7767055596532118 0.8497303498965957 0.05868525324641087 0.05067270934118149
2 0.799094802753353 0.9237036518937322 0.05704093262955982 0.04596702800763595
2 0.8259828108710279 0.8077422972231414 0.04911933847375849 0.03962612133990895
0 0.29194518140844855 0.5646870192950473 0.03796365016215582 0.02699885200509069
0 0.3711399833576132 0.40123249928391136 0.045994338473758486 0.03958975867281787
0 0.5454136858759707 0.08898539592618522 0.052407979707460584 0.04903748400699968
2 0.7452923238599667 0.5273740919000955 0.044459112012708954 0.041134077339272324
1 0.544587165987173 0.44453596192713973 0.034865923701106104 0.028524989337999785
2 0.6824065401747464 0.550766685908686 0.047420470779006865 0.031795440006363404
2 0.6898059829505762 0.5717786199077315 0.04284206493480802 0.03799089600572714
2 0.731675883112732 0.5978593145687772 0.03793637662320535 0.02543635200509069
2 0.3158599683400795 0.5917580492918655 0.031686376623205434 0.025363626670908877
2 0.8259339922827718 0.8944792285566869 0.052380706168510115 0.047474984006999676
1 0.7528919585975516 0.9179900012333227 0.06035684740221221 0.05694089067472703
2 0.749770912737467 0.8734860232336409 0.04443183847375849 0.03957157733927232
2 0.5711184383083074 0.48720471992363984 0.0333034237011061 0.028506808004454244
2 0.7787690714243347 0.6098138745624139 0.038018197240056395 0.03012385200509069
2 0.800998627430689 0.6298718358927777 0.033276150162155814 0.026944308004454243
2 0.8067304301906326 0.600111610558596 0.031768197240056396 0.030051126670909055
0 0.8494813973194866 0.2737667392186871 0.020639782467404187 0.018986357336090796
2 0.44242900771063776 0.05345752327341184 0.038018197240056395 0.03012385200509069
2 0.6224997061652149 0.520988826583413 0.031659103084255055 0.02380112667090888