0 0.49652297577996496 0.36840532585286645 0.3206099728332642 0.3593502404661712
1 0.6767559896476734 0.35124265162091484 0.2835814450978475 0.3112202753125614
1 0.24112238848965228 0.5917063834799295 0.2684292237831947 0.33098713828925297
2 0.5080007639646176 0.6143180265785059 0.2837269154625698 0.3174702753125615
1 0.8916880457840968 0.48932303809606925 0.20200413677722223 0.294320462791357
0 0.36877656943545095 0.5156300115175634 0.25011563487736144 0.34908237386128266
0 0.11031729131878461 0.41176836841898706 0.22063458263756922 0.3141617368379741
2 0.5490336459921874 0.19509680062512297 0.26381315254479176 0.2668155108845912
2 0.6574390259324648 0.5429117964487717 0.22769381458888915 0.2577480457309814
2 0.6634857381290619 0.7198289605139223 0.24818815254479176 0.2662698738612825
0 0.41479301178041605 0.7557118636944816 0.2974984747331252 0.30546134863353913
2 0.10582981307027768 0.12254217731199449 0.12089830072118075 0.2306002139724833
2 0.7705202541809718 0.5554614148677588 0.20429268218006963 0.2584920901960187
2 0.8364335820688883 0.6797372177703164 0.2575631525447918 0.2665972560752678