0 0.5568030287060931 0.5219088129095086 0.28824805239490825 0.2532921899331605
0 0.3597290519377977 0.6355833494341023 0.33301672433401847 0.27905584902377
2 0.3261910627750316 0.2921742686709817 0.21220020555093821 0.18794783360249454
1 0.1738407011023139 0.1603629813323136 0.21880303262324477 0.15839670129724626
2 0.6096627959691177 0.20748207427359427 0.1749256986308559 0.15450804220663672
2 0.6487491536875025 0.3225070564166868 0.17948586463846716 0.15146486282348776
2 0.46063238836446335 0.2530827207823021 0.18806236859279987 0.1703512305182394
2 0.20380938539871388 0.24349308117015783 0.22170253954332697 0.19123647483619655
2 0.3594439145619175 0.3791560714309252 0.1871710306460784 0.1484762305182395
2 0.7537364481365645 0.1361683616122623 0.15691052768032882 0.13389553327818296
2 0.07275168087353988 0.4615590629062133 0.11379719764227281 0.14875687418757338
2 0.0833310366147585 0.567699968750412 0.12629719764227282 0.14897506249917605
2 0.49523281182362944 0.6801264618538483 0.190869033611828 0.16259327759614006