1 0.1758833274732643 0.5506688811745485 0.1898897226762452 0.14658797853284736
2 0.29141339958377543 0.6659646132227776 0.2024715359079618 0.16094141926229177
0 0.5625526013791735 0.6674673361529508 0.18688289734428026 0.1668277433504862
0 0.401814568398078 0.571195014248958 0.1946408551898024 0.157634581306389
1 0.8229118218159236 0.2933888308346174 0.13657382513557295 0.11253898043270852
1 0.7911845779642437 0.2120849326582285 0.12396474082661779 0.09349803970326401
2 0.25136563738533113 0.766128920593472 0.16794199980360824 0.13357883225631967
2 0.46937983918072923 0.7688681416237844 0.1585306383672897 0.1271106267092364
2 0.8683147045258724 0.1735659868947909 0.11461701190385654 0.09796733415618064
2 0.9020771470496927 0.33608351747999926 0.10049996974937905 0.08826502583555565
2 0.3060657311622563 0.498413437310972 0.14279655405833439 0.10799695079743081
2 0.08041681224975791 0.6607179880321528 0.1334851865718917 0.11871624525034737
2 0.4980981741770557 0.3329845398001732 0.10199883723582168 0.07736389342673622
2 0.472402761707465 0.2140351712590621 0.09421360831306043 0.08186955547083344