0 0.3944291725267357 0.5315266609045144 0.02989657825883114 0.03766659997176518
0 0.4572933077707676 0.3310569530684764 0.0220477168225127 0.03096157366340586
0 0.46833534690018314 0.3124511662367734 0.018922716822512696 0.030779563140062118
0 0.22780579567051912 0.3100597265342382 0.020467036104353475 0.027745568401734033
0 0.27543022941374046 0.3127528160532468 0.020439765027114642 0.023058068401734032
0 0.3679030339630541 0.5268237503529358 0.02675339754067192 0.034359589448421345
2 0.3802575882177803 0.551095708259561 0.02676248789975162 0.035922089448421346
2 0.6926303231906656 0.5547696559251912 0.023619307181592396 0.03261507892507769
0 0.7666461027539156 0.18261466388828618 0.026726126463433177 0.029672089448421434
0 0.7679904341360049 0.22002365862661435 0.022020445745273776 0.02627407366340595
0 0.7981910185431561 0.2643428060240133 0.02046703610435365 0.027745568401734033
0 0.8012740701656036 0.5398510402389978 0.01729658430895533 0.019751057878390377
0 0.7979990792407898 0.5658143007623414 0.01728749394987581 0.0181885578783902
0 0.5603894740509874 0.7327265979056266 0.018886355386194254 0.024529563140062292
0 0.5743928867169699 0.7420638005505799 0.01730567466803503 0.021313557878390198
1 0.7370428776417836 0.7068180033367076 0.01730567466803503 0.021313557878390378
0 0.6217037030719443 0.7986631400695885 0.01730567466803503 0.021313557878390378
0 0.8120297629840113 0.5704640034072949 0.01886817466803521 0.021404563140062293
0 0.7926121424725064 0.5520703191781929 0.01572499394987581 0.01809755261671846
0 0.7128837358566481 0.5637428375234572 0.01730567466803503 0.021313557878390378
2 0.6990212237563996 0.5301868848785039 0.020439765027114733 0.023058068401734032
2 0.7162905369881163 0.5151233270001135 0.01728749394987581 0.0181885578783902
2 0.7171672357584523 0.4986715743692775 0.01886817466803503 0.021404563140062293
2 0.6921536002198329 0.5024714085560271 0.01729658430895533 0.0197510578783902
2 0.6787859918085765 0.5180887032802379 0.017323855386194253 0.024438557878390377
2 0.6809570249860637 0.5476396953877302 0.01886817466803503 0.021404563140062293
0 0.8972961390546608 0.27809522190785085 0.01416249394987581 0.018006547355046632
2 0.7920546480316514 0.2451755770707007 0.022011355386194253 0.02471157366340595
0 0.9763099107210749 0.6577379483009147 0.01572499394987581 0.01809755261671846
2 0.976400814311871 0.6421129483009147 0.01572499394987581 0.01809755261671846
2 0.9880513866187739 0.6531491588383759 0.012609084308955331 0.019478042093374802
2 0.865412796456086 0.79149756924878 0.015734084308955332 0.01966005261671846
2 0.7814377722555893 0.72766185337906 0.015734084308955332 0.01966005261671846
2 0.7634690222555892 0.7287084138882862 0.01416249394987581 0.01800654735504672
0 0.39459734416970865 0.5026204109045145 0.02519089754067192 0.03426858418674961
0 0.47600240115490927 0.33699613992841415 0.01886817466803503 0.021404563140062116
2 0.5370944372592628 0.3068844347232121 0.015743174668035032 0.02122255261671846
0 0.47776995511504783 0.16741938729757827 0.017305674668034853 0.021313557878390333
0 0.254395566747758 0.30382513708581677 0.018886355386194254 0.024529563140062206
0 0.25506318725926275 0.32331088445498085 0.01887726502711464 0.022967063140062204
2 0.24267681674775798 0.30450767654835564 0.017323855386194253 0.024438557878390377
2 0.11293022941374047 0.3222173632671191 0.018886355386194254 0.024529563140062115
2 0.1247126119272978 0.3105973238045802 0.01886817466803503 0.021404563140062206