0 0.5875 0.6203125 0.15546875 0.203125
0 0.38125 0.440625 0.14375 0.1953125
1 0.43046875 0.69453125 0.13984375 0.17890625
2 0.7859375 0.403125 0.1578125 0.18359375
2 0.52421875 0.76640625 0.1140625 0.1640625
2 0.57421875 0.2796875 0.115625 0.159375
2 0.5046875 0.4390625 0.10546875 0.1453125
2 0.459375 0.559375 0.11796875 0.1671875
2 0.83671875 0.14765625 0.10625 0.16796875
2 0.89140625 0.27421875 0.1265625 0.178125
2 0.734375 0.2328125 0.1234375 0.18359375
2 0.69453125 0.3921875 0.11328125 0.1484375