1 0.13515625 0.4953125 0.1375 0.16796875
2 0.3890625 0.40546875 0.1296875 0.159375
0 0.6859375 0.603125 0.13359375 0.19375
1 0.7953125 0.521875 0.10859375 0.134375
0 0.4875 0.1078125 0.12421875 0.1171875
2 0.48359375 0.49921875 0.11796875 0.1546875
2 0.46640625 0.33046875 0.1359375 0.16328125
2 0.56953125 0.428125 0.109375 0.178125
0 0.57734375 0.69453125 0.134375 0.18125
0 0.9265625 0.56171875 0.103125 0.1515625
0 0.7359375 0.67890625 0.121875 0.14921875
0 0.83671875 0.7171875 0.109375 0.1546875
2 0.3734375 0.5375 0.1171875 0.14921875
1 0.6546875 0.9 0.0921875 0.10546875
2 0.5515625 0.29765625 0.09375 0.10546875