0 0.5416373480664969 0.5085590998994836 0.15523403469127164 0.18659724282842377
2 0.6726600813971789 0.49361120089527544 0.10456132535009015 0.12703870435383635
2 0.8995140300763602 0.5936831558820841 0.10139996268299925 0.12380457694917482
0 0.3564736494270866 0.7027927056197809 0.12656359468490824 0.13874009618646851
2 0.6197832661123129 0.8486508757601993 0.09189769334818117 0.1125396947351895
0 0.6520197700509067 0.3976166546161397 0.12376585868872639 0.16675596878180682
2 0.9315078227243611 0.4573562754821975 0.10766814401654443 0.12558533175849823
2 0.9594670013526354 0.37719754952881457 0.08106599729472919 0.12169643992586625
2 0.5785459073838158 0.39192716060658955 0.10603291868236298 0.1192807680561673
2 0.7853231660566338 0.4444420693142625 0.0950045120146358 0.1110863221398514
2 0.8573254353914518 0.45788949962148184 0.08884541868236298 0.11868056733052797
0 0.20265085745540348 0.9059300853866953 0.1278533746817266 0.11535715988879928
2 0.27864316800604516 0.05424358901489233 0.08853633601209036 0.09211806733052794
2 0.2671067786839537 0.1366195793962455 0.08081474267981754 0.09965774881887364
2 0.34353237133990877 0.06041423266162286 0.07768974267981754 0.09954862141421195
2 0.5429031401177219 0.8857937224948218 0.10299882535009015 0.1269841406515056
2 0.6595793734086329 0.5774951275742978 0.10432496801399935 0.10672620435383653