1 0.8074927589335699 0.4278867571212855 0.03889208163720568 0.027435322188333444
1 0.8364808960886997 0.4269970575581257 0.03247830732694616 0.024164851823611146
0 0.6729617921773994 0.830718856760695 0.029271420171816588 0.022529616641249816
0 0.6739853816165212 0.811187606760695 0.035603307326946165 0.02423758700597247
0 0.3908508135469827 0.4674680954584378 0.03576708163720586 0.027362587005972116
0 0.3810696997976013 0.4899243237069448 0.03749335594746528 0.03052395459715278
2 0.8153561685899369 0.47187314646395906 0.021213258706427495 0.017660278685347208
2 0.7961524672104558 0.465168551574202 0.02606453301668683 0.020894381458888844
2 0.6692968023541646 0.9886878256068059 0.0294351944820761 0.022624348786388283
2 0.6548591661035459 0.9671830336224311 0.034122694482076096 0.02576371941479181
2 0.7745785238600336 0.8917492353697923 0.025982645861557074 0.019331881458888846
2 0.7739167825664609 0.8745253677786117 0.026064533016686653 0.0208943814588892
2 0.7578037816619497 0.8983986256623965 0.025982645861557074 0.019331881458888846
2 0.7928814665330872 0.9156413302595492 0.029271420171816588 0.022529616641249816
2 0.8335850316619495 0.9001624538346537 0.029189533016686652 0.020967116641249818
2 0.719338825194086 0.811461016904931 0.029271420171816588 0.022529616641249816
2 0.69861356739217 0.8039388044239937 0.029271420171816588 0.022529616641250173
2 0.7500112138195538 0.9872441734885247 0.0356851944820761 0.025511653022950755
2 0.6987386408887752 0.9913770677230211 0.0294351944820761 0.017245864553957803
2 0.6832331495952026 0.9780120840592714 0.032642081637205854 0.027289851823611145
2 0.8092810724805526 0.8862993223757645 0.029189533016686652 0.020967116641249818
1 0.40542232587145455 0.35360561720993094 0.029353307326946167 0.024092116641249994
1 0.6782412709193576 0.5359512174180214 0.030833920171816586 0.022565984232430482
2 0.664670093850136 0.5262489090973964 0.021295145861557074 0.01922277868534721
0 0.20635414631584226 0.8386313145888892 0.022857645861556985 0.01925914627652787
0 0.18900287200558274 0.8413562710859029 0.01948698439616776 0.014498911094166544
2 0.4424697037543302 0.16908580005559065 0.024420145861557073 0.019295513867708357
0 0.4270527436684219 0.17967780793937535 0.02746325870642714 0.017805749050069507
2 0.4096981473318951 0.16754083064079897 0.024420145861557073 0.019295513867708357
2 0.4204276074178033 0.15683971998347257 0.017924484396167627 0.014462543502986147
2 0.8086900887617535 0.4498163085080563 0.03247830732694652 0.024164851823611146