1 0.34839072123275866 0.2184697615110732 0.336399467405328 0.28628397540671974
0 0.35965821252377705 0.6100078217177277 0.3749906059642723 0.32400214402463057
0 0.5854682062555708 0.5566247882456528 0.3506438238318186 0.2926157886384363
1 0.7689195522572203 0.6162957457965875 0.23779683135366608 0.2263453731437835
1 0.8370199975592246 0.451038905339312 0.2742799006331381 0.24530445140261464
2 0.4747901528777233 0.8693151649054777 0.25319451082055267 0.21862377673457978
0 0.6370631131569153 0.36783045383850155 0.3173766827655918 0.2767998910977644
0 0.5772204148854103 0.1955782039366974 0.3502801109788372 0.2801157886384363
2 0.44699204262380193 0.37453847521032796 0.23992162100796718 0.19198855386194272
2 0.37314433181588447 0.09281123135864806 0.24433633636823107 0.1826408249391815
2 0.26371391204892336 0.79229308089111 0.21442151583511757 0.17465560811666875
2 0.5010607993542264 0.7452282251121322 0.20343855172849495 0.17302947560311138
2 0.39053980265293176 0.46172485782208117 0.21258623119538153 0.16527151775758925
0 0.1567832651102018 0.6002323250373773 0.2938937186589692 0.27510103571156996