0 0.5678217416121848 0.4413991707809032 0.350319204329481 0.33154747283326425
1 0.5203887262904825 0.267615525454306 0.30321694535249044 0.2913939450978475
1 0.4651542421031641 0.7632722111497573 0.3219033128389331 0.28089285619201404
2 0.35558938632418635 0.5247526121759378 0.31103853571157003 0.2931382830537503
1 0.32747503932580735 0.11935594414791695 0.2731294695529872 0.22195296086541688
0 0.48553998585664815 0.6168518060395143 0.334312409248137 0.2655587969214587
0 0.674883245226422 0.8416011521635423 0.32352035499341075 0.2903042237831947
2 0.6966285185431561 0.3271938132577089 0.26403627068445523 0.27017225531833355
2 0.3651467143866258 0.35932763392743083 0.2513271924256242 0.23394381458888916
2 0.2132024193052819 0.42142497758291686 0.2608203670936592 0.25447452013597244
0 0.26648091364794113 0.6648853432742363 0.30173625858420694 0.30542007750666683
2 0.8996655974893584 0.7499449014979522 0.19348742134838517 0.2279107137152085
2 0.3165006570086417 0.25974455480524333 0.2512271984757485 0.21675631458888905
2 0.18687678952219905 0.24578854473725711 0.2624283188890573 0.262323387727153