1 0.65703125 0.2875 0.16875 0.19609375
1 0.2234375 0.8015625 0.17109375 0.2140625
1 0.284375 0.51875 0.15 0.16796875
0 0.25078125 0.35078125 0.1359375 0.1671875
2 0.4375 0.4828125 0.109375 0.14375
1 0.528125 0.6328125 0.128125 0.18359375
0 0.7125 0.16796875 0.1640625 0.17578125
0 0.809375 0.34375 0.13359375 0.23828125
0 0.35625 0.709375 0.184375 0.22578125
2 0.13671875 0.6703125 0.13125 0.18046875
2 0.1078125 0.84453125 0.09453125 0.1859375
2 0.228125 0.9359375 0.14765625 0.1109375
2 0.31171875 0.22578125 0.1203125 0.18125
2 0.62890625 0.45390625 0.115625 0.1375