0 0.204241 0.340030 0.107887 0.094866
0 0.061012 0.432106 0.111607 0.107887
0 0.140067 0.516741 0.106027 0.098586
0 0.159598 0.427455 0.096726 0.087426
0 0.238653 0.433036 0.094866 0.087426
0 0.361421 0.175409 0.091146 0.037202
0 0.305618 0.194940 0.057664 0.024182
0 0.300967 0.234003 0.074405 0.061384
0 0.405134 0.260975 0.078125 0.074405
0 0.364211 0.387463 0.093006 0.063244
0 0.323289 0.457217 0.081845 0.072545
0 0.298177 0.384673 0.035342 0.053943
0 0.107515 0.333519 0.070685 0.048363
0 0.050781 0.502790 0.061384 0.066964
0 0.098214 0.578125 0.100446 0.076265
0 0.024740 0.594866 0.039062 0.087426
0 0.085193 0.715774 0.104167 0.109747
0 0.021019 0.738095 0.031622 0.098586
0 0.083333 0.805060 0.111607 0.065104
2 0.142857 0.776228 0.052083 0.070685
1 0.016369 0.812500 0.029762 0.042783
