0 0.295350 0.186533 0.074405 0.076265
0 0.417225 0.278646 0.083705 0.083705
0 0.562314 0.363281 0.098586 0.089286
0 0.261905 0.331659 0.081845 0.081845
0 0.385603 0.425595 0.091146 0.083705
0 0.197731 0.403274 0.065104 0.065104
0 0.300967 0.448847 0.078125 0.089286
0 0.597656 0.454427 0.087426 0.085565
0 0.732515 0.172619 0.078125 0.091146
0 0.644159 0.209821 0.087426 0.076265
0 0.710193 0.259115 0.074405 0.063244
0 0.603237 0.273996 0.083705 0.066964
0 0.324219 0.266555 0.102307 0.066964
0 0.386533 0.206101 0.093006 0.083705
0 0.172619 0.338170 0.104167 0.072545
0 0.699963 0.452567 0.091146 0.107887
0 0.366071 0.512091 0.070685 0.078125
0 0.445126 0.524182 0.106027 0.087426
0 0.521391 0.498140 0.079985 0.057664
0 0.561384 0.563244 0.074405 0.068824
0 0.484189 0.605097 0.076265 0.081845
0 0.564174 0.646949 0.079985 0.079985
0 0.459077 0.805990 0.078125 0.089286
0 0.573475 0.816220 0.109747 0.098586
0 0.627418 0.727865 0.079985 0.066964
0 0.757626 0.663690 0.079985 0.083705
0 0.689732 0.681362 0.074405 0.074405
0 0.699033 0.771577 0.063244 0.065104
0 0.726004 0.847842 0.083705 0.072545
0 0.853423 0.700893 0.085565 0.079985
0 0.224702 0.505580 0.052083 0.053943
0 0.507440 0.440476 0.081845 0.076265
0 0.245164 0.213542 0.052083 0.076265
0 0.708333 0.550223 0.081845 0.087426
0 0.825521 0.641369 0.078125 0.076265
0 0.792039 0.752046 0.093006 0.066964
0 0.776228 0.793899 0.098586 0.050223
0 0.655320 0.819010 0.050223 0.066964
0 0.159598 0.444196 0.052083 0.039062
0 0.133557 0.515811 0.029762 0.048363
0 0.122396 0.598586 0.059524 0.087426
0 0.166109 0.652530 0.050223 0.046503
0 0.177269 0.739955 0.042783 0.035342
0 0.157738 0.792969 0.063244 0.048363
0 0.252604 0.706473 0.059524 0.057664
0 0.260975 0.845052 0.035342 0.044643
0 0.289807 0.802269 0.059524 0.052083
0 0.263765 0.403274 0.063244 0.053943
0 0.378162 0.351190 0.050223 0.046503
0 0.288876 0.519531 0.057664 0.059524
0 0.177269 0.492560 0.039063 0.042783
0 0.129836 0.283296 0.044643 0.040923
0 0.302827 0.128906 0.089286 0.040923
0 0.654390 0.132626 0.096726 0.052083
0 0.592076 0.165179 0.035342 0.079985
0 0.795759 0.186570 0.048363 0.070685
0 0.683222 0.311198 0.094866 0.074405
0 0.627418 0.389323 0.057664 0.059524
0 0.420015 0.352121 0.055804 0.059524
0 0.475818 0.361421 0.048363 0.066964
0 0.444196 0.417225 0.037202 0.037202
0 0.514881 0.880394 0.059524 0.026042
0 0.593006 0.885975 0.066964 0.026042
0 0.367932 0.880394 0.085565 0.044643
2 0.138207 0.215402 0.050223 0.050223
2 0.177269 0.546503 0.046503 0.050223
2 0.240513 0.763207 0.035342 0.044643
2 0.126116 0.727865 0.037202 0.029762
