0 0.482011 0.390008 0.049342 0.045230
0 0.461451 0.432669 0.051398 0.044202
0 0.516961 0.433697 0.051398 0.050370
0 0.482525 0.483039 0.060650 0.048314
0 0.399260 0.449116 0.033923 0.054482
0 0.434211 0.466591 0.033923 0.054482
0 0.321135 0.494860 0.035979 0.043174
0 0.392064 0.517475 0.048314 0.047286
0 0.458368 0.517475 0.055510 0.045230
0 0.495374 0.557566 0.055510 0.047286
0 0.477385 0.607422 0.050370 0.052426
0 0.531867 0.600740 0.048314 0.047286
0 0.517989 0.638775 0.053454 0.032895
0 0.539062 0.478927 0.048314 0.048314
0 0.566303 0.524671 0.053454 0.047286
0 0.563220 0.572471 0.047286 0.042146
0 0.592516 0.484067 0.050370 0.050370
0 0.606908 0.538549 0.031867 0.050370
0 0.399260 0.564248 0.056538 0.042146
