0 0.825989 0.647819 0.110162 0.111286
0 0.921538 0.516862 0.105665 0.101169
0 0.850719 0.478080 0.078687 0.088804
0 0.921538 0.425247 0.087680 0.093300
0 0.888377 0.714141 0.093300 0.102293
0 0.966389 0.701058 0.067221 0.114345
0 0.565760 0.746740 0.091052 0.109038
0 0.621965 0.818683 0.093300 0.100045
0 0.671987 0.745616 0.105665 0.111286
0 0.816434 0.521358 0.086556 0.094424
0 0.968076 0.560771 0.063849 0.108052
0 0.844537 0.742806 0.066322 0.085432
0 0.932217 0.775967 0.104541 0.104541
0 0.871515 0.816434 0.091052 0.086556
0 0.918165 0.862522 0.105665 0.102293
0 0.902990 0.934465 0.086556 0.093300
0 0.745468 0.964703 0.093004 0.070594
0 0.527540 0.824303 0.091052 0.102293
0 0.584308 0.881632 0.078687 0.064074
0 0.748426 0.910859 0.087680 0.070818
0 0.544402 0.465153 0.079811 0.071942
0 0.478642 0.467963 0.074191 0.073067
0 0.523044 0.514051 0.059577 0.064074
0 0.602855 0.469087 0.077563 0.082059
0 0.579811 0.409510 0.074191 0.059577
0 0.532037 0.394335 0.066322 0.047212
2 0.508993 0.422999 0.060701 0.059577
2 0.973134 0.461072 0.053732 0.075022
0 0.449415 0.408948 0.067446 0.053957
