0 0.280469 0.109375 0.115625 0.113281
0 0.446875 0.152344 0.100000 0.103906
0 0.083509 0.033008 0.093919 0.066016
0 0.190234 0.142578 0.085156 0.100000
0 0.065625 0.101172 0.106250 0.106250
0 0.025781 0.167729 0.051562 0.101261
0 0.053906 0.197656 0.092188 0.092969
0 0.025000 0.024802 0.050000 0.044928
0 0.078125 0.249609 0.070312 0.068750
0 0.166163 0.022070 0.072362 0.044141
0 0.250391 0.027344 0.075781 0.050781
0 0.338281 0.041797 0.098437 0.076563
0 0.412271 0.038867 0.064520 0.077734
0 0.597266 0.036719 0.057031 0.063281
0 0.361328 0.114062 0.086719 0.088281
0 0.280469 0.163281 0.095312 0.060156
0 0.301172 0.232422 0.078906 0.079687
0 0.399609 0.243359 0.100781 0.095312
0 0.485547 0.237500 0.097656 0.108594
0 0.524609 0.199219 0.072656 0.075781
0 0.475391 0.296094 0.074219 0.064844
0 0.398047 0.292187 0.091406 0.063281
0 0.212109 0.333984 0.094531 0.096875
1 0.298438 0.329297 0.079687 0.073438
0 0.266016 0.421875 0.074219 0.069531
0 0.245703 0.423828 0.094531 0.104688
0 0.387891 0.384766 0.099219 0.098437
0 0.456641 0.386328 0.086719 0.087500
0 0.338281 0.467187 0.090625 0.099219
0 0.408984 0.473828 0.089844 0.093750
0 0.496094 0.503125 0.079687 0.088281
0 0.452734 0.521484 0.096094 0.098437
0 0.375391 0.578125 0.096094 0.094531
0 0.273828 0.572266 0.102344 0.101562
0 0.223047 0.612500 0.077344 0.022656
0 0.310547 0.504687 0.083594 0.082031
