0 0.247906 0.306701 0.082152 0.078930
0 0.317171 0.264014 0.091817 0.083763
0 0.352610 0.209246 0.091817 0.074098
0 0.405767 0.293009 0.088595 0.086985
2 0.256765 0.391269 0.045103 0.048325
2 0.252738 0.436372 0.062822 0.051546
0 0.309117 0.395296 0.078930 0.085374
0 0.399323 0.381604 0.095039 0.090206
0 0.479865 0.353415 0.072487 0.091817
0 0.516914 0.408183 0.066044 0.082152
0 0.456508 0.447648 0.093428 0.090206
0 0.371939 0.452481 0.078930 0.083763
0 0.466173 0.563628 0.074098 0.074098
0 0.590206 0.495973 0.077320 0.061211
0 0.674774 0.502416 0.075709 0.067655
0 0.747262 0.546714 0.078930 0.091817
0 0.612758 0.543492 0.099871 0.091817
0 0.685245 0.595844 0.080541 0.080541
0 0.744040 0.625644 0.066044 0.066044
0 0.501611 0.622423 0.080541 0.075709
0 0.603898 0.625644 0.078930 0.069265
0 0.680412 0.670747 0.057990 0.059601
0 0.433956 0.666720 0.083763 0.083763
0 0.477448 0.747262 0.090206 0.083763
1 0.549130 0.680412 0.056379 0.053157
0 0.740013 0.699742 0.077320 0.072487
1 0.190722 0.344555 0.067655 0.074098
0 0.619201 0.696521 0.090206 0.078930
0 0.577320 0.753705 0.090206 0.070876
0 0.484697 0.806862 0.101482 0.057990
0 0.417043 0.742429 0.046714 0.067655
0 0.674774 0.744845 0.088595 0.085374
0 0.721488 0.781089 0.085374 0.080541
0 0.437178 0.179446 0.070876 0.069265
0 0.507249 0.281733 0.069265 0.067655
0 0.559601 0.326031 0.074098 0.066044
0 0.581347 0.293009 0.062822 0.077320
