0 0.616808 0.313410 0.121359 0.119842
0 0.558404 0.264108 0.092536 0.075850
0 0.512894 0.334648 0.095570 0.089502
0 0.710862 0.383950 0.094053 0.115291
0 0.589502 0.415807 0.124393 0.118325
0 0.488623 0.405947 0.086468 0.050061
0 0.432494 0.463592 0.110740 0.125910
0 0.536408 0.506068 0.163835 0.153216
0 0.456766 0.604672 0.171420 0.144114
0 0.600880 0.579642 0.083434 0.094053
0 0.649424 0.503034 0.092536 0.122876
0 0.653216 0.575091 0.036408 0.048544
0 0.814775 0.407464 0.037925 0.040959
2 0.782919 0.430977 0.028823 0.030340
2 0.757888 0.413532 0.027306 0.028823
0 0.748028 0.460558 0.040959 0.050061
0 0.786711 0.499242 0.033374 0.033374
0 0.739684 0.508343 0.033374 0.030340
