0 0.095170 0.133413 0.181381 0.095061
0 0.134506 0.316434 0.218531 0.244755
0 0.116477 0.539882 0.221809 0.245848
0 0.078781 0.736560 0.144231 0.171547
0 0.093531 0.911385 0.175918 0.169362
0 0.309331 0.959462 0.211976 0.075393
0 0.654065 0.523492 0.298295 0.267701
0 0.718531 0.230660 0.167177 0.197771
0 0.937118 0.546520 0.125765 0.239456
2 0.870957 0.347574 0.148601 0.138767
2 0.850197 0.145433 0.225087 0.103802
0 0.825612 0.694493 0.213068 0.196678
0 0.604349 0.760599 0.190122 0.184659
0 0.365603 0.631665 0.241477 0.239292
0 0.241587 0.500546 0.089598 0.086320
0 0.273820 0.821241 0.267701 0.225087
0 0.496722 0.854021 0.186844 0.231643
0 0.797749 0.882976 0.266608 0.202142
0 0.963888 0.818740 0.072225 0.206972
0 0.870957 0.231753 0.131119 0.064467
