2 0.383326 0.189042 0.090461 0.097656
2 0.317537 0.136616 0.096628 0.054482
2 0.307771 0.195210 0.056538 0.058594
2 0.343750 0.268709 0.060650 0.059622
2 0.378187 0.333470 0.076069 0.051398
2 0.384868 0.381785 0.097656 0.071957
2 0.472759 0.397718 0.074013 0.072985
0 0.677323 0.180818 0.080181 0.089433
0 0.539576 0.361739 0.117187 0.126439
0 0.601254 0.447574 0.094572 0.092516
0 0.607936 0.315481 0.075041 0.072985
0 0.313939 0.288240 0.120271 0.067845
0 0.293380 0.367393 0.079153 0.069901
0 0.290810 0.527755 0.123355 0.141859
0 0.234272 0.631579 0.100740 0.115132
0 0.318565 0.697368 0.125411 0.115132
0 0.318565 0.436266 0.086349 0.067845
0 0.378701 0.469675 0.099712 0.103824
0 0.486637 0.490748 0.128495 0.133635
0 0.398746 0.598684 0.139803 0.145970
0 0.524157 0.620785 0.119243 0.132607
0 0.452714 0.720498 0.136719 0.107936
0 0.524157 0.799650 0.125411 0.099712
0 0.577097 0.698910 0.101768 0.128495
0 0.591488 0.530325 0.105880 0.126439
0 0.710732 0.528269 0.091488 0.099712
0 0.691715 0.634149 0.106908 0.099712
0 0.667044 0.724095 0.100740 0.100740
0 0.765214 0.709190 0.112048 0.112048
0 0.790913 0.603310 0.112048 0.112048
0 0.815070 0.498972 0.117187 0.102796
0 0.828947 0.430099 0.083265 0.061678
0 0.698396 0.399774 0.050370 0.068873
0 0.870580 0.560650 0.041118 0.117188
0 0.848479 0.668072 0.068873 0.099712
0 0.799650 0.772410 0.094572 0.086349
2 0.721012 0.793483 0.072985 0.050370
