0 0.689106 0.784025 0.039428 0.036507
0 0.670123 0.505841 0.027745 0.029206
0 0.741676 0.454731 0.027745 0.032126
0 0.523364 0.757009 0.032126 0.035047
0 0.559871 0.451811 0.029206 0.035047
0 0.432827 0.652599 0.029206 0.027745
0 0.543808 0.621933 0.037967 0.036507
0 0.695678 0.747518 0.032126 0.033586
1 0.267085 0.441589 0.030666 0.035047
2 0.236419 0.447430 0.027745 0.029206
2 0.421145 0.526285 0.035047 0.032126
2 0.661361 0.711011 0.027745 0.027745
0 0.243776 0.324550 0.039725 0.033104
0 0.230535 0.353681 0.039725 0.017214
0 0.216631 0.329184 0.027807 0.021186
0 0.190810 0.455641 0.026483 0.041049
0 0.247087 0.476165 0.027807 0.018538
2 0.217956 0.455641 0.022511 0.027807
2 0.219942 0.149762 0.023835 0.022511
0 0.286811 0.135196 0.019862 0.019862
0 0.227887 0.170286 0.029131 0.029131
0 0.249073 0.159693 0.021186 0.031780
0 0.217956 0.213983 0.025159 0.029131
0 0.235832 0.233845 0.023835 0.026483
0 0.239142 0.200742 0.019862 0.029131
0 0.232521 0.257680 0.017214 0.021186
0 0.455641 0.096796 0.021186 0.022511
0 0.436441 0.236494 0.027807 0.029131
0 0.409958 0.222590 0.030456 0.019862
0 0.456303 0.204052 0.027807 0.025159
0 0.460275 0.224576 0.030456 0.023835
0 0.627119 0.186838 0.025159 0.033104
0 0.694650 0.204052 0.030456 0.033104
0 0.556276 0.386123 0.037076 0.031780
0 0.582097 0.296743 0.033104 0.033104
0 0.615201 0.290784 0.027807 0.029131
0 0.617188 0.268273 0.023835 0.023835
0 0.591367 0.268935 0.033104 0.027807
0 0.549656 0.417903 0.039725 0.031780
0 0.541049 0.104740 0.017214 0.019862
0 0.547007 0.129899 0.026483 0.025159
1 0.614539 0.108051 0.026483 0.031780
2 0.676112 0.112023 0.033104 0.029131
2 0.691340 0.092161 0.026483 0.021186
0 0.659560 0.130561 0.029131 0.021186
0 0.824417 0.212659 0.027807 0.021186
2 0.854211 0.210673 0.018538 0.025159
2 0.854873 0.233845 0.014566 0.018538
0 0.785355 0.374868 0.029131 0.033104
1 0.756224 0.380826 0.026483 0.029131
2 0.589380 0.409958 0.029131 0.031780
2 0.576139 0.361626 0.021186 0.035752
0 0.577463 0.630429 0.026483 0.038400
0 0.443061 0.680747 0.033104 0.027807
0 0.454317 0.390095 0.029131 0.037076
0 0.258342 0.266287 0.021186 0.019862
0 0.726430 0.202728 0.022511 0.027807
0 0.668167 0.451006 0.030456 0.029131
0 0.641022 0.488745 0.023835 0.030456
0 0.624470 0.576801 0.035752 0.031780
0 0.621160 0.610567 0.037076 0.022511
0 0.707892 0.643671 0.035752 0.025159
0 0.714513 0.665519 0.027807 0.029131
0 0.834349 0.658236 0.031780 0.027807
0 0.856859 0.678761 0.034428 0.026483
0 0.904605 0.347039 0.036184 0.029605
0 0.613487 0.837171 0.026316 0.032895
0 0.559211 0.831414 0.023026 0.018092
0 0.589638 0.837993 0.024671 0.037829
0 0.783717 0.853618 0.037829 0.032895
0 0.658717 0.835526 0.034539 0.029605
2 0.710526 0.478618 0.023026 0.026316
2 0.890625 0.299342 0.024671 0.036184
2 0.606086 0.641447 0.018092 0.032895
2 0.585526 0.597039 0.019737 0.023026
2 0.709704 0.615954 0.024671 0.024671
2 0.751645 0.726974 0.023026 0.029605
2 0.613487 0.806743 0.032895 0.024671
2 0.518092 0.428454 0.029605 0.027961
2 0.550164 0.800987 0.027961 0.019737
2 0.528783 0.804276 0.027961 0.023026
0 0.436678 0.798520 0.027961 0.027961
0 0.913651 0.375822 0.024671 0.027961
0 0.744243 0.759868 0.024671 0.023026
0 0.437500 0.905428 0.029605 0.027961
2 0.525493 0.466283 0.031250 0.024671
2 0.886513 0.205592 0.029605 0.029605
0 0.912007 0.241776 0.034539 0.023026
0 0.915296 0.270559 0.037829 0.027961
2 0.887336 0.232730 0.024671 0.027961
2 0.881579 0.271382 0.029605 0.026316
2 0.708059 0.311678 0.027961 0.031250
0 0.671875 0.306743 0.027961 0.027961
0 0.680099 0.333882 0.027961 0.023026
0 0.828947 0.685033 0.036184 0.027961
0 0.669408 0.736020 0.032895 0.024671
0 0.657072 0.761513 0.018092 0.029605
0 0.611842 0.868421 0.029605 0.032895
2 0.414474 0.356086 0.019737 0.034539
2 0.702303 0.160362 0.019737 0.031250
2 0.404597 0.503756 0.028546 0.021034
2 0.643480 0.285156 0.016526 0.025541
2 0.858323 0.095853 0.019531 0.034555
2 0.837702 0.106015 0.030242 0.036962
2 0.135417 0.174059 0.026882 0.018481
