0 0.245280 0.048340 0.050456 0.045573
0 0.565104 0.207845 0.081380 0.074870
2 0.888997 0.115885 0.055339 0.047201
0 0.247721 0.469076 0.052083 0.047201
2 0.525228 0.093913 0.037435 0.039062
0 0.293294 0.030436 0.048828 0.035807
0 0.333984 0.058919 0.061849 0.043945
0 0.363600 0.018473 0.048191 0.036947
0 0.327474 0.111003 0.068359 0.060221
0 0.237956 0.103678 0.048828 0.055339
2 0.281901 0.165527 0.045573 0.039062
0 0.327474 0.204590 0.071615 0.074870
0 0.261556 0.218424 0.053711 0.060221
2 0.234701 0.253418 0.035807 0.042318
0 0.264811 0.288411 0.073242 0.069987
0 0.312826 0.269694 0.055339 0.055339
2 0.248535 0.338053 0.047201 0.035807
0 0.243652 0.515462 0.040690 0.045573
0 0.383626 0.368164 0.027669 0.021159
0 0.394206 0.350260 0.026042 0.021159
0 0.364095 0.392578 0.021159 0.024414
0 0.647298 0.033691 0.086263 0.065104
0 0.569987 0.058919 0.087891 0.066732
0 0.726196 0.021729 0.065186 0.043457
0 0.777772 0.036377 0.079221 0.072754
0 0.709147 0.067871 0.076497 0.065104
0 0.644857 0.098796 0.071615 0.061849
0 0.583008 0.113444 0.074870 0.055339
2 0.587891 0.156576 0.048828 0.040690
0 0.497559 0.224121 0.066732 0.068359
0 0.525228 0.152507 0.069987 0.065104
0 0.649740 0.170410 0.081380 0.078125
0 0.640788 0.237142 0.069987 0.071615
0 0.715658 0.263184 0.076497 0.084635
0 0.683105 0.317708 0.069987 0.063477
0 0.610677 0.292480 0.068359 0.048828
0 0.542318 0.304688 0.074870 0.050456
0 0.549642 0.352702 0.066732 0.065104
0 0.511393 0.366536 0.052083 0.063477
0 0.749837 0.337240 0.056966 0.063477
0 0.616374 0.360026 0.066732 0.066732
0 0.677409 0.382812 0.068359 0.060221
0 0.749837 0.411296 0.069987 0.081380
0 0.692057 0.446289 0.081380 0.079753
0 0.631022 0.441406 0.076497 0.086263
0 0.572428 0.414551 0.069987 0.058594
0 0.532552 0.457682 0.071615 0.073242
0 0.581380 0.489421 0.074870 0.078125
0 0.718099 0.482096 0.081380 0.069987
0 0.649740 0.512207 0.074870 0.061849
0 0.609049 0.560221 0.071615 0.060221
0 0.543132 0.522786 0.066732 0.053711
0 0.810059 0.243652 0.076497 0.071615
0 0.858073 0.036947 0.065104 0.065104
0 0.849935 0.095540 0.061849 0.052083
0 0.959798 0.097982 0.073242 0.073242
0 0.940267 0.175293 0.079753 0.068359
2 0.876790 0.189128 0.063477 0.047201
0 0.910970 0.255046 0.083008 0.081380
0 0.976237 0.234975 0.047526 0.073790
0 0.791341 0.316081 0.061849 0.069987
0 0.855632 0.303060 0.069987 0.060221
0 0.839355 0.355143 0.083008 0.069987
0 0.918294 0.336426 0.074870 0.068359
0 0.916667 0.400716 0.071615 0.076497
0 0.974609 0.394177 0.050781 0.073185
0 0.974447 0.457682 0.047201 0.050456
2 0.849121 0.425130 0.066732 0.053711
0 0.790527 0.413737 0.047201 0.069987
0 0.895508 0.474772 0.071615 0.071615
0 0.819824 0.481283 0.066732 0.065104
2 0.955729 0.497559 0.032552 0.029297
2 0.970378 0.530924 0.039062 0.047201
2 0.925618 0.539876 0.040690 0.035807
0 0.889811 0.574056 0.050456 0.052083
2 0.858887 0.610677 0.040690 0.034180
2 0.885742 0.615560 0.039062 0.030924
2 0.918294 0.617188 0.026042 0.034180
0 0.963053 0.618815 0.043945 0.047201
0 0.928874 0.661947 0.037435 0.042318
0 0.882487 0.646484 0.052083 0.037435
0 0.823079 0.695312 0.043945 0.047201
0 0.841797 0.672526 0.048828 0.037435
0 0.802734 0.714030 0.042318 0.045573
0 0.840983 0.742513 0.043945 0.043945
2 0.894694 0.686361 0.040690 0.045573
2 0.929688 0.707520 0.045573 0.048828
2 0.878418 0.750651 0.040690 0.043945
2 0.963053 0.730306 0.027669 0.035807
