0 0.471770 0.523634 0.072216 0.072216
0 0.416623 0.570247 0.080095 0.073529
0 0.435662 0.714023 0.047269 0.048582
0 0.478992 0.727810 0.039391 0.039391
0 0.436318 0.742910 0.043330 0.027574
0 0.876838 0.774422 0.052521 0.056460
0 0.929359 0.792148 0.055147 0.055147
0 0.973214 0.868679 0.053571 0.063776
0 0.758666 0.953650 0.068277 0.073529
0 0.830882 0.950368 0.081408 0.082721
0 0.944459 0.966780 0.074842 0.060399
1 0.875525 0.863708 0.065651 0.066964
1 0.946429 0.817096 0.052521 0.052521
1 0.940520 0.910977 0.066964 0.056460
2 0.781988 0.837648 0.056330 0.058342
2 0.820212 0.869166 0.057672 0.052977
2 0.843683 0.901019 0.048283 0.040236
2 0.900013 0.938908 0.053648 0.059683
2 0.915773 0.839659 0.047613 0.040907
2 0.960703 0.654909 0.050295 0.046942
2 0.989572 0.671741 0.020856 0.041711
2 0.975791 0.695480 0.042918 0.039565
2 0.959362 0.713922 0.038224 0.037554
2 0.980854 0.742326 0.038291 0.046079
