2 0.354167 0.039931 0.054398 0.047454
2 0.281829 0.026042 0.055556 0.052083
2 0.223380 0.028935 0.042824 0.039352
2 0.031250 0.093750 0.038194 0.053241
2 0.076968 0.074074 0.071759 0.064815
2 0.085069 0.135995 0.071759 0.063657
2 0.046875 0.162037 0.055556 0.069444
2 0.093171 0.228009 0.083333 0.046296
2 0.045718 0.264468 0.069444 0.056713
2 0.023148 0.213542 0.035880 0.040509
2 0.148727 0.296296 0.062500 0.055556
2 0.076389 0.319444 0.049769 0.039352
2 0.123843 0.335648 0.052083 0.050926
2 0.082176 0.391204 0.031250 0.037037
2 0.027778 0.422454 0.040509 0.046296
2 0.440394 0.484954 0.046296 0.041667
2 0.425347 0.504630 0.030093 0.027778
2 0.424769 0.532986 0.040509 0.035880
2 0.439815 0.568866 0.049769 0.028935
2 0.471644 0.595486 0.039352 0.052083
2 0.524884 0.574653 0.032407 0.047454
