2 0.183419 0.707556 0.122435 0.107276
2 0.343750 0.789762 0.118937 0.106110
2 0.420709 0.746618 0.107276 0.106110
2 0.288946 0.618354 0.123601 0.099114
2 0.256297 0.522155 0.097948 0.093284
2 0.339086 0.520989 0.097948 0.097948
2 0.419543 0.593867 0.095616 0.094450
2 0.303521 0.884795 0.134095 0.095616
2 0.286031 0.699977 0.113106 0.108442
2 0.566465 0.809002 0.072295 0.060634
2 0.501166 0.726796 0.076959 0.078125
2 0.239389 0.793260 0.089785 0.089785
2 0.154268 0.938433 0.059468 0.065299
2 0.927938 0.234725 0.095616 0.106110
2 0.652752 0.062733 0.107276 0.083955
