1 0.299960 0.361166 0.043790 0.046775
1 0.346736 0.385052 0.043790 0.022890
1 0.350717 0.451732 0.063694 0.042795
1 0.415406 0.456210 0.071656 0.057723
1 0.321357 0.319865 0.060709 0.031847
1 0.375100 0.288018 0.052747 0.029857
1 0.433320 0.269108 0.039809 0.039809
1 0.431330 0.228304 0.041799 0.023885
1 0.449741 0.170581 0.040804 0.035828
1 0.497512 0.216361 0.040804 0.033838
1 0.497014 0.168591 0.035828 0.039809
1 0.545283 0.177548 0.034833 0.039809
1 0.545780 0.216859 0.039809 0.034833
1 0.581608 0.273587 0.043790 0.040804
1 0.619924 0.069566 0.040804 0.030852
1 0.497014 0.082504 0.031847 0.034833
1 0.582604 0.123308 0.039809 0.040804
1 0.591063 0.164610 0.046775 0.037818
1 0.627886 0.125299 0.042795 0.038814
1 0.649283 0.156648 0.039809 0.029857
1 0.689092 0.165107 0.035828 0.038814
1 0.708997 0.119825 0.035828 0.045780
1 0.737361 0.079518 0.048766 0.038814
1 0.723925 0.045183 0.033838 0.029857
1 0.912520 0.170581 0.048766 0.047771
1 0.902568 0.216361 0.036823 0.029857
1 0.918491 0.250199 0.036823 0.035828
1 0.911027 0.302448 0.051752 0.054737
1 0.454717 0.736863 0.060709 0.057723
1 0.443272 0.782146 0.055732 0.038814
1 0.279558 0.812002 0.064689 0.056728
1 0.342755 0.826433 0.027866 0.033838
1 0.357186 0.786624 0.048766 0.033838
1 0.287022 0.755275 0.029857 0.040804
1 0.104896 0.853304 0.033838 0.043790
1 0.377588 0.891620 0.053742 0.036823
1 0.373607 0.853304 0.051752 0.039809
1 0.355195 0.918491 0.032842 0.032842
1 0.460191 0.954817 0.057723 0.043790
1 0.352707 0.652269 0.041799 0.035828
1 0.239749 0.656250 0.038814 0.035828
1 0.729399 0.228304 0.026871 0.031847
1 0.738854 0.264132 0.037818 0.029857
1 0.727906 0.294984 0.031847 0.039809
1 0.855295 0.154658 0.031847 0.031847
1 0.860271 0.192476 0.031847 0.017914
1 0.734873 0.450736 0.033838 0.036823
1 0.886146 0.524881 0.051752 0.047771
1 0.964769 0.568670 0.031847 0.035828
1 0.956807 0.612460 0.041799 0.039809
1 0.954817 0.654260 0.041799 0.033838
1 0.932424 0.713475 0.034833 0.050756
1 0.966262 0.690585 0.030852 0.026871
1 0.974224 0.726911 0.030852 0.037818
1 0.723428 0.774682 0.018909 0.035828
1 0.720442 0.825438 0.060709 0.039809
1 0.870223 0.925458 0.033838 0.044785
1 0.505971 0.687600 0.045780 0.038814
