2 0.030688 0.615782 0.041592 0.053957
2 0.051484 0.652878 0.031475 0.029227
2 0.199865 0.606790 0.035971 0.038219
2 0.364546 0.481452 0.041592 0.030351
2 0.417941 0.453912 0.047212 0.022482
2 0.076776 0.018323 0.079811 0.030351
2 0.027316 0.016075 0.034847 0.016862
2 0.510679 0.040243 0.041592 0.033723
2 0.551147 0.024505 0.059577 0.042716
2 0.832734 0.379721 0.026978 0.042716
2 0.884442 0.367918 0.038219 0.046088
2 0.670863 0.552271 0.035971 0.034847
2 0.697842 0.515737 0.035971 0.047212
2 0.742244 0.534285 0.030351 0.048336
2 0.734375 0.498314 0.028103 0.043840
2 0.890625 0.473584 0.039344 0.043840
2 0.935589 0.481452 0.037095 0.037095
2 0.993930 0.610451 0.012140 0.020812
2 0.959195 0.653440 0.032599 0.057329
2 0.877136 0.724258 0.039344 0.021358
2 0.840603 0.734937 0.035971 0.040468
2 0.664119 0.709083 0.020234 0.031475
2 0.598359 0.698404 0.032599 0.037095
2 0.615220 0.675922 0.041592 0.041592
2 0.548898 0.696156 0.046088 0.041592
2 0.480890 0.646695 0.033723 0.030351
2 0.449978 0.580373 0.032599 0.025854
2 0.306655 0.754047 0.056205 0.031475
2 0.304406 0.800135 0.040468 0.044964
2 0.272370 0.796763 0.039344 0.031475
2 0.258318 0.851844 0.044964 0.035971
2 0.313961 0.931655 0.030351 0.029227
2 0.188624 0.924348 0.049460 0.043840
2 0.145346 0.871515 0.030351 0.043840
2 0.138040 0.836106 0.035971 0.033723
2 0.148156 0.803507 0.033723 0.047212
2 0.176259 0.770346 0.038219 0.034847
2 0.176259 0.734375 0.035971 0.039344
2 0.962005 0.811938 0.033723 0.041592
2 0.944020 0.757981 0.035971 0.032599
2 0.840603 0.870953 0.024730 0.047212
2 0.865895 0.880508 0.030351 0.032599
2 0.843975 0.911983 0.042716 0.037095
2 0.849595 0.957509 0.035971 0.040468
2 0.861960 0.985612 0.044964 0.017986
2 0.557891 0.865895 0.032599 0.037095
2 0.612410 0.835544 0.056205 0.037095
2 0.557329 0.815310 0.031475 0.032599
2 0.519672 0.842289 0.055081 0.037095
2 0.523044 0.805193 0.030351 0.034847
2 0.544964 0.748988 0.024730 0.032599
2 0.560701 0.771470 0.044964 0.041592
2 0.397145 0.469087 0.055081 0.043840
