1 0.218853 0.090358 0.139803 0.136719
2 0.634663 0.264597 0.120271 0.115132
0 0.331414 0.249178 0.138775 0.148026
0 0.375617 0.335526 0.105880 0.113076
0 0.489206 0.307257 0.121299 0.124383
0 0.943514 0.226842 0.112973 0.111578
2 0.826891 0.181332 0.087377 0.086349
2 0.052323 0.530839 0.100740 0.108964
2 0.050781 0.639803 0.095600 0.094572
0 0.138672 0.698396 0.166530 0.176809
2 0.947625 0.923872 0.104749 0.113779
0 0.774979 0.874692 0.113076 0.112048
2 0.186472 0.909128 0.124383 0.139803
2 0.304687 0.850021 0.151110 0.142887
2 0.282072 0.707134 0.159334 0.130551
2 0.417249 0.669100 0.137747 0.151110
2 0.539576 0.705078 0.123355 0.138775
2 0.635691 0.791427 0.134663 0.136719
