2 0.839988 0.039207 0.052083 0.053530
2 0.851562 0.089120 0.043403 0.052083
2 0.803096 0.086227 0.047743 0.046296
2 0.772714 0.196904 0.039062 0.050637
2 0.976418 0.392481 0.047164 0.071420
2 0.887008 0.405961 0.062211 0.069444
2 0.837818 0.425492 0.041956 0.056424
2 0.841435 0.482639 0.046296 0.043403
2 0.864583 0.531105 0.072338 0.053530
2 0.919560 0.558594 0.066551 0.056424
2 0.615741 0.766204 0.069444 0.060764
2 0.655527 0.678675 0.047743 0.059317
2 0.618634 0.575955 0.054977 0.053530
2 0.556424 0.581019 0.054977 0.057870
2 0.500723 0.638889 0.053530 0.060764
2 0.450087 0.649740 0.053530 0.047743
2 0.381366 0.638889 0.063657 0.049190
2 0.380642 0.679398 0.062211 0.060764
2 0.405961 0.740162 0.063657 0.060764
2 0.327836 0.674334 0.037616 0.047743
2 0.811777 0.199797 0.027488 0.030382
2 0.178819 0.073206 0.046296 0.034722
2 0.180990 0.163628 0.065104 0.059317
2 0.094907 0.225839 0.075231 0.065104
2 0.029803 0.234520 0.054977 0.065104
2 0.024016 0.335069 0.043403 0.075231
2 0.128183 0.286603 0.075231 0.062211
2 0.358218 0.094907 0.054977 0.072338
