2 0.089844 0.283614 0.112048 0.109992
2 0.075452 0.405428 0.132607 0.090461
2 0.198808 0.275391 0.097656 0.101768
2 0.240440 0.182360 0.113076 0.115132
2 0.181332 0.128392 0.118215 0.103824
2 0.049239 0.038446 0.094572 0.071957
2 0.202405 0.038960 0.102796 0.072985
2 0.381271 0.104749 0.088405 0.066817
2 0.669613 0.061575 0.060650 0.066817
2 0.289268 0.601254 0.066817 0.060650
2 0.954873 0.053865 0.088405 0.090461
2 0.872636 0.043072 0.106908 0.085321
2 0.276933 0.309313 0.066817 0.075041
2 0.337068 0.314453 0.096628 0.105880
2 0.025082 0.721012 0.048314 0.057566
2 0.831517 0.694285 0.071957 0.067845
2 0.964073 0.790361 0.071854 0.097580
2 0.824836 0.087274 0.042146 0.046258
2 0.974404 0.143812 0.047286 0.070929
2 0.091386 0.098581 0.086349 0.079153
