2 0.214902 0.172341 0.069963 0.053638
1 0.544893 0.426539 0.081623 0.088619
1 0.596782 0.529151 0.061800 0.076959
1 0.690065 0.438200 0.085121 0.083955
1 0.811917 0.529151 0.062966 0.062966
1 0.762943 0.499417 0.039646 0.057136
1 0.735541 0.591535 0.080457 0.082789
1 0.620686 0.692980 0.055970 0.075793
1 0.678988 0.673741 0.062966 0.086287
1 0.746035 0.725047 0.073461 0.065299
1 0.822994 0.753615 0.045476 0.080457
1 0.676656 0.777519 0.083955 0.062966
1 0.779851 0.819496 0.082789 0.069963
2 0.030084 0.596199 0.057136 0.068797
