0 0.505654 0.381271 0.154194 0.134663
0 0.300576 0.890625 0.243627 0.207648
0 0.158717 0.365851 0.116160 0.109992
0 0.911698 0.822780 0.160362 0.154194
0 0.528269 0.120683 0.098684 0.096628
1 0.158717 0.114001 0.128495 0.120271
1 0.255859 0.398746 0.084293 0.095600
2 0.130448 0.659848 0.222039 0.218956
2 0.801706 0.157175 0.117188 0.105880
2 0.885485 0.943051 0.126439 0.094572
2 0.291838 0.200863 0.076069 0.065789
0 0.377673 0.182874 0.093544 0.083265
1 0.321649 0.336554 0.108964 0.102796
0 0.628495 0.077508 0.083265 0.080181
0 0.669613 0.314453 0.122327 0.173725
2 0.563734 0.625411 0.126439 0.088405
2 0.269223 0.480983 0.063734 0.070929
2 0.761102 0.830489 0.056538 0.064762
2 0.651624 0.832545 0.065789 0.052426
2 0.789885 0.327303 0.095600 0.119243
2 0.290810 0.125822 0.065789 0.053454
2 0.404914 0.091386 0.069901 0.064762
0 0.084704 0.208573 0.097656 0.126439
0 0.241982 0.046669 0.114104 0.082237
0 0.438322 0.438322 0.132607 0.127467
2 0.299034 0.633635 0.111020 0.158306
