2 0.427662 0.336806 0.067130 0.067130
2 0.504630 0.364583 0.059028 0.062500
2 0.498843 0.411458 0.068287 0.059028
2 0.190394 0.173611 0.078704 0.057870
2 0.286458 0.068287 0.083333 0.083333
2 0.220486 0.042824 0.067130 0.067130
2 0.307870 0.408565 0.068287 0.062500
2 0.380208 0.362269 0.069444 0.064815
2 0.252894 0.526042 0.097222 0.054398
2 0.251157 0.465856 0.070602 0.047454
2 0.223958 0.653356 0.048611 0.059028
2 0.282986 0.648727 0.076389 0.059028
2 0.245949 0.591435 0.085648 0.057870
2 0.164352 0.620949 0.061343 0.068287
2 0.265046 0.892940 0.056713 0.052083
2 0.324074 0.945602 0.049769 0.053241
2 0.280671 0.939236 0.041667 0.056713
2 0.483218 0.277199 0.060185 0.049769
