2 0.403125 0.013281 0.039062 0.023438
2 0.359375 0.020313 0.051562 0.040625
2 0.354687 0.066406 0.039062 0.045312
2 0.407031 0.078906 0.050000 0.054688
2 0.432031 0.046094 0.059375 0.048438
2 0.457031 0.076563 0.050000 0.050000
2 0.670312 0.272656 0.060937 0.057813
2 0.759375 0.300781 0.057813 0.054688
2 0.792188 0.282031 0.051562 0.057813
2 0.866406 0.298438 0.056250 0.053125
2 0.911719 0.278125 0.046875 0.056250
2 0.894531 0.218750 0.050000 0.056250
2 0.947656 0.185156 0.053125 0.060937
2 0.910156 0.164062 0.043750 0.040625
2 0.876563 0.177344 0.051562 0.042188
2 0.857031 0.218750 0.062500 0.059375
2 0.981641 0.162695 0.033594 0.050391
2 0.895312 0.336719 0.035937 0.054688
2 0.840625 0.369531 0.051562 0.067187
2 0.876563 0.393750 0.067187 0.071875
2 0.820312 0.408594 0.054688 0.067187
2 0.863281 0.425781 0.046875 0.054688
2 0.731250 0.328125 0.054688 0.056250
2 0.797656 0.342187 0.050000 0.059375
2 0.725000 0.241406 0.045312 0.051562
2 0.818750 0.496094 0.057813 0.064062
2 0.751563 0.528906 0.060937 0.067187
2 0.755469 0.588281 0.062500 0.054688
2 0.810937 0.600000 0.057813 0.065625
2 0.721094 0.623437 0.050000 0.046875
2 0.760156 0.645312 0.034375 0.050000
2 0.806250 0.665625 0.064062 0.068750
2 0.839063 0.646875 0.048438 0.059375
2 0.869531 0.689063 0.062500 0.053125
2 0.952344 0.718750 0.059375 0.046875
2 0.932813 0.742188 0.051562 0.031250
2 0.980078 0.697087 0.036719 0.053548
2 0.953125 0.622656 0.045312 0.057813
2 0.983984 0.781845 0.028906 0.060565
2 0.986328 0.857386 0.024219 0.061648
2 0.832031 0.839063 0.053125 0.056250
2 0.883594 0.844531 0.059375 0.067187
2 0.819531 0.889844 0.046875 0.057813
2 0.871094 0.911719 0.056250 0.060937
2 0.838281 0.938281 0.065625 0.054688
2 0.800000 0.959375 0.042188 0.043750
2 0.862500 0.969531 0.045312 0.042188
2 0.957031 0.900000 0.056250 0.062500
2 0.955469 0.828906 0.059375 0.048438
2 0.753125 0.841406 0.042188 0.054688
2 0.789062 0.865625 0.064062 0.043750
2 0.667188 0.741406 0.042188 0.048438
2 0.402344 0.970313 0.059375 0.050000
2 0.460938 0.964063 0.067187 0.062500
2 0.396875 0.785156 0.060937 0.048438
2 0.433594 0.730469 0.040625 0.045312
2 0.402344 0.355469 0.056250 0.048438
2 0.465625 0.305469 0.054688 0.035937
2 0.489063 0.299219 0.048438 0.054688
2 0.519531 0.296094 0.037500 0.042188
2 0.563281 0.306250 0.056250 0.056250
2 0.525781 0.391406 0.046875 0.051562
2 0.584375 0.403125 0.048438 0.053125
2 0.556250 0.437500 0.057813 0.046875
2 0.597656 0.459375 0.062500 0.059375
2 0.621094 0.430469 0.046875 0.039062
2 0.482031 0.434375 0.050000 0.046875
2 0.482031 0.403906 0.050000 0.042188
2 0.454688 0.444531 0.057813 0.048438
2 0.467187 0.493750 0.048438 0.040625
2 0.504687 0.514062 0.057813 0.046875
2 0.517969 0.479687 0.056250 0.053125
2 0.179688 0.257031 0.048438 0.048438
2 0.139063 0.279687 0.051562 0.040625
2 0.132031 0.243750 0.059375 0.046875
2 0.107031 0.186719 0.040625 0.045312
2 0.114062 0.150000 0.048438 0.046875
2 0.156250 0.160156 0.051562 0.060937
2 0.185156 0.183594 0.062500 0.054688
2 0.068750 0.553906 0.042188 0.032813
2 0.077344 0.599219 0.071875 0.057813
2 0.157031 0.687500 0.056250 0.059375
2 0.216406 0.694531 0.053125 0.070312
2 0.277344 0.701562 0.056250 0.068750
2 0.291406 0.664844 0.040625 0.051562
2 0.340625 0.686719 0.051562 0.051562
2 0.361719 0.710156 0.043750 0.051562
2 0.317188 0.786719 0.051562 0.057813
2 0.262500 0.771094 0.042188 0.042188
2 0.203125 0.809375 0.057813 0.053125
2 0.157031 0.814844 0.071875 0.045312
2 0.153906 0.866406 0.062500 0.054688
2 0.096875 0.789844 0.073438 0.051562
2 0.360156 0.815625 0.053125 0.062500
2 0.128125 0.980469 0.070312 0.029687
