2 0.892681 0.072368 0.081209 0.074013
2 0.814556 0.078022 0.075041 0.079153
2 0.756990 0.072882 0.046258 0.056538
2 0.605366 0.243010 0.082237 0.067845
2 0.688631 0.380757 0.069901 0.086349
2 0.607422 0.398232 0.084293 0.071957
2 0.554482 0.431127 0.087377 0.082237
2 0.450658 0.286184 0.083265 0.082237
2 0.424959 0.341180 0.079153 0.083265
2 0.469675 0.143298 0.051398 0.057566
2 0.915296 0.707648 0.085321 0.082237
2 0.914268 0.791941 0.095600 0.092516
2 0.977950 0.741389 0.044100 0.059259
2 0.423931 0.685033 0.062706 0.082237
2 0.348890 0.687089 0.072985 0.092516
2 0.331414 0.607936 0.103824 0.078125
2 0.226562 0.678865 0.081209 0.069901
2 0.064659 0.452714 0.084293 0.082237
2 0.219881 0.479955 0.071957 0.079153
2 0.173109 0.496402 0.060650 0.070929
2 0.120683 0.514391 0.066817 0.078125
2 0.222451 0.583265 0.087377 0.082237
2 0.143812 0.659848 0.090461 0.062706
2 0.040502 0.677837 0.079153 0.080181
2 0.068257 0.734889 0.097656 0.081209
2 0.189042 0.935341 0.096628 0.079153
2 0.112459 0.957442 0.077097 0.078125
