2 0.141544 0.027574 0.058824 0.049632
2 0.137868 0.080882 0.062500 0.053309
2 0.217831 0.019301 0.045956 0.029412
2 0.212316 0.058824 0.038603 0.045956
2 0.269301 0.340993 0.053309 0.044118
2 0.282169 0.379596 0.045956 0.051471
2 0.141544 0.535846 0.051471 0.047794
2 0.188419 0.547794 0.064338 0.053309
2 0.232537 0.518382 0.053309 0.053309
2 0.084559 0.977022 0.040441 0.044118
2 0.104779 0.942096 0.058824 0.051471
2 0.136029 0.978860 0.062500 0.040441
2 0.136949 0.886949 0.045956 0.055147
2 0.179228 0.911765 0.053309 0.038603
2 0.170037 0.860294 0.045956 0.049632
2 0.209559 0.885110 0.073529 0.044118
2 0.257353 0.894301 0.051471 0.040441
2 0.254596 0.845588 0.045956 0.045956
2 0.200368 0.833640 0.044118 0.051471
2 0.230699 0.808824 0.060662 0.049632
2 0.252757 0.776654 0.064338 0.058824
2 0.293199 0.819853 0.049632 0.060662
2 0.329963 0.807904 0.060662 0.058824
2 0.303309 0.762868 0.047794 0.049632
2 0.383272 0.842831 0.049632 0.055147
2 0.417279 0.882353 0.047794 0.045956
2 0.488971 0.889706 0.058824 0.060662
2 0.604779 0.825368 0.055147 0.056985
2 0.619485 0.769301 0.047794 0.051471
2 0.571691 0.738051 0.055147 0.069853
2 0.579963 0.700368 0.064338 0.053309
2 0.637868 0.725184 0.062500 0.073529
2 0.689338 0.758272 0.055147 0.051471
2 0.684743 0.733456 0.068015 0.064338
2 0.717831 0.942096 0.056985 0.044118
2 0.754596 0.912684 0.049632 0.033088
2 0.792279 0.938419 0.044118 0.033088
2 0.774816 0.978860 0.056985 0.033088
2 0.859375 0.866728 0.056985 0.051471
2 0.931985 0.793199 0.062500 0.055147
2 0.700368 0.294118 0.055147 0.049632
2 0.718750 0.402574 0.062500 0.038603
2 0.654412 0.288603 0.058824 0.056985
2 0.681985 0.327206 0.058824 0.049632
2 0.640625 0.340074 0.042279 0.060662
2 0.961397 0.257353 0.058824 0.068015
2 0.964154 0.294118 0.056985 0.049632
2 0.763787 0.075368 0.053309 0.049632
2 0.751838 0.115809 0.058824 0.053309
