0 0.178309 0.414216 0.061275 0.065870
0 0.201287 0.466299 0.058211 0.041360
0 0.225031 0.507659 0.081189 0.050551
0 0.444853 0.124694 0.070466 0.062806
0 0.651654 0.022059 0.073529 0.041360
0 0.714461 0.059589 0.076593 0.067402
0 0.740502 0.024357 0.073529 0.024510
0 0.793352 0.038143 0.090380 0.073529
0 0.910539 0.306985 0.073529 0.093444
0 0.968750 0.634038 0.061275 0.113358
0 0.959865 0.777513 0.080270 0.090871
0 0.903646 0.690717 0.081189 0.070466
0 0.436428 0.660846 0.041360 0.081189
0 0.414216 0.564338 0.058211 0.068934
0 0.504596 0.240349 0.070466 0.058211
0 0.785692 0.460172 0.102635 0.056679
2 0.761949 0.228860 0.070466 0.075061
2 0.771140 0.290135 0.073529 0.071998
2 0.825521 0.267923 0.056679 0.067402
2 0.824755 0.349112 0.104167 0.098039
2 0.740502 0.379749 0.094975 0.085784
2 0.891391 0.388174 0.075061 0.084252
2 0.943474 0.404259 0.056679 0.082721
2 0.710631 0.634804 0.078125 0.087316
2 0.804841 0.625613 0.064338 0.068934
2 0.511489 0.667739 0.087316 0.082721
2 0.539062 0.610294 0.099571 0.065870
2 0.477022 0.764246 0.091912 0.094975
2 0.552849 0.753523 0.075061 0.067402
0 0.425705 0.812500 0.071998 0.065870
0 0.444087 0.870711 0.068934 0.047488
0 0.521446 0.837010 0.110294 0.090380
2 0.299326 0.024357 0.061275 0.045956
2 0.401961 0.509191 0.042892 0.029105
2 0.098652 0.939645 0.076593 0.044424
2 0.025123 0.950368 0.045956 0.062806
0 0.443321 0.500766 0.055147 0.055147
2 0.478554 0.174479 0.070466 0.036765
