1 0.216361 0.568670 0.075637 0.087580
1 0.333300 0.590565 0.096537 0.067675
1 0.349224 0.487062 0.080613 0.073646
1 0.397492 0.529857 0.059713 0.055732
1 0.330812 0.760748 0.099522 0.063694
1 0.452727 0.751791 0.096537 0.065685
1 0.447253 0.896596 0.079618 0.056728
1 0.423368 0.828921 0.029857 0.038814
1 0.479598 0.827428 0.046775 0.049761
1 0.459196 0.954319 0.065685 0.036823
1 0.441779 0.127787 0.042795 0.041799
1 0.505474 0.093451 0.042795 0.046775
1 0.491541 0.051154 0.032842 0.035828
1 0.476115 0.155155 0.039809 0.040804
1 0.609475 0.123308 0.035828 0.046775
1 0.651274 0.153165 0.049761 0.048766
1 0.628881 0.189988 0.036823 0.048766
1 0.573646 0.172572 0.051752 0.045780
1 0.540804 0.172572 0.033838 0.045780
1 0.664709 0.021298 0.050756 0.039809
1 0.708997 0.044686 0.047771 0.042795
1 0.756768 0.045681 0.035828 0.046775
1 0.778165 0.015326 0.032842 0.029857
1 0.802050 0.057126 0.042795 0.043790
1 0.819964 0.023786 0.032842 0.040804
1 0.933420 0.041700 0.032842 0.032842
1 0.918491 0.075537 0.028861 0.034833
1 0.977707 0.072552 0.025876 0.042795
1 0.965267 0.025776 0.030852 0.048766
1 0.747811 0.129777 0.049761 0.045780
1 0.803045 0.129777 0.060709 0.045780
1 0.808021 0.158639 0.032842 0.031847
1 0.860768 0.144208 0.050756 0.038814
1 0.785629 0.197452 0.035828 0.039809
1 0.852309 0.187998 0.041799 0.034833
1 0.848826 0.228304 0.050756 0.033838
1 0.787122 0.249204 0.020900 0.025876
1 0.804041 0.287022 0.038814 0.043790
1 0.872213 0.295979 0.053742 0.039809
1 0.593053 0.315386 0.048766 0.040804
1 0.666700 0.324343 0.046775 0.042795
1 0.706011 0.362659 0.045780 0.055732
1 0.549761 0.360669 0.055732 0.035828
1 0.602508 0.350717 0.027866 0.031847
1 0.647791 0.351712 0.032842 0.027866
1 0.637838 0.395999 0.042795 0.038814
2 0.613953 0.534335 0.064689 0.060709
2 0.612958 0.485569 0.060709 0.030852
2 0.724423 0.939889 0.084594 0.059713
