1 0.033498 0.399393 0.058453 0.066322
1 0.062163 0.342626 0.059577 0.069694
2 0.073966 0.390400 0.053957 0.064074
2 0.111061 0.251574 0.058453 0.060701
1 0.136915 0.316210 0.065198 0.068570
1 0.239771 0.244267 0.066322 0.064074
1 0.197055 0.191996 0.052833 0.053957
2 0.157149 0.124550 0.071942 0.062950
1 0.247077 0.091951 0.058453 0.056205
1 0.378035 0.088017 0.073067 0.073067
1 0.329137 0.135791 0.083183 0.080935
1 0.469087 0.111623 0.086556 0.086556
1 0.375225 0.236960 0.071942 0.071942
1 0.410634 0.215603 0.061826 0.065198
1 0.462905 0.206610 0.056205 0.074191
1 0.631520 0.632644 0.083183 0.067446
1 0.655688 0.737185 0.077563 0.065198
1 0.664119 0.793390 0.074191 0.080935
1 0.734375 0.781587 0.073067 0.075315
2 0.808566 0.474708 0.061826 0.070818
1 0.858026 0.440423 0.082059 0.080935
1 0.828237 0.358363 0.074191 0.080935
2 0.772032 0.331385 0.076439 0.074191
1 0.827113 0.062163 0.058453 0.057329
1 0.869267 0.024505 0.073067 0.042716
1 0.932358 0.026304 0.066040 0.052608
1 0.895683 0.125112 0.056205 0.068570
1 0.932779 0.083521 0.062950 0.055081
1 0.518548 0.936151 0.064074 0.067446
1 0.507869 0.220661 0.058453 0.066322
1 0.621403 0.272370 0.065198 0.064074
1 0.550022 0.121740 0.064074 0.055081
1 0.560139 0.168952 0.066322 0.064074
2 0.196493 0.063849 0.053957 0.069694
1 0.228530 0.050922 0.052833 0.066322
1 0.283049 0.023943 0.047212 0.039344
1 0.332509 0.017761 0.049460 0.033723
