2 0.069499 0.239583 0.066732 0.063477
2 0.067871 0.186686 0.053711 0.055339
2 0.032878 0.209473 0.055339 0.052083
2 0.021484 0.293294 0.042318 0.056966
2 0.416178 0.269694 0.063477 0.087891
2 0.484538 0.230632 0.069987 0.058594
2 0.502441 0.298991 0.066732 0.087891
2 0.485352 0.368164 0.061849 0.069987
2 0.434896 0.230632 0.065104 0.081380
2 0.585449 0.390137 0.063477 0.071615
2 0.597656 0.312012 0.055339 0.087891
2 0.542318 0.268880 0.045573 0.089518
2 0.615560 0.243652 0.065104 0.081380
2 0.644857 0.212728 0.058594 0.068359
2 0.683919 0.202962 0.045573 0.065104
2 0.679036 0.146810 0.052083 0.073242
2 0.548828 0.137858 0.048828 0.081380
2 0.800553 0.024984 0.053191 0.049967
2 0.782389 0.129720 0.063477 0.058594
2 0.926432 0.278646 0.058594 0.076497
2 0.902832 0.322591 0.050456 0.053711
1 0.908529 0.683919 0.074870 0.076497
1 0.979492 0.653483 0.041016 0.064453
2 0.959147 0.767400 0.081706 0.064422
2 0.981120 0.894877 0.037760 0.071981
2 0.912598 0.980143 0.112305 0.037435
2 0.971354 0.520345 0.057292 0.071615
