0 0.662080 0.512826 0.047808 0.062966
1 0.719799 0.523321 0.053638 0.065299
2 0.606693 0.729711 0.065299 0.067631
2 0.541978 0.730294 0.054804 0.068797
2 0.607859 0.672575 0.055970 0.053638
2 0.264459 0.749534 0.045476 0.041978
2 0.209655 0.692980 0.045476 0.061800
2 0.218983 0.746035 0.052472 0.048974
2 0.259795 0.657999 0.057136 0.059468
2 0.024837 0.609608 0.039646 0.058302
2 0.248134 0.356576 0.047808 0.039646
2 0.312267 0.351912 0.052472 0.044310
2 0.209655 0.305271 0.047808 0.048974
2 0.211987 0.357743 0.040812 0.044310
2 0.203242 0.266791 0.053638 0.051306
2 0.236474 0.232976 0.043144 0.053638
2 0.300023 0.288363 0.067631 0.057136
2 0.418960 0.201493 0.034981 0.065299
2 0.466185 0.207906 0.038479 0.052472
2 0.480177 0.157183 0.050140 0.065299
2 0.525653 0.231810 0.038479 0.041978
2 0.713386 0.445779 0.054804 0.045476
2 0.694146 0.406716 0.053638 0.053638
2 0.853312 0.244636 0.047808 0.060634
2 0.862640 0.171758 0.040812 0.045476
2 0.856810 0.135028 0.045476 0.044310
2 0.824743 0.123951 0.041978 0.052472
2 0.803172 0.155434 0.047808 0.038479
2 0.396222 0.081973 0.045476 0.045476
2 0.439949 0.051073 0.046642 0.044310
2 0.481926 0.516325 0.048974 0.055970
2 0.572295 0.578708 0.050140 0.050140
