2 0.176259 0.063849 0.047212 0.051709
2 0.252698 0.041367 0.056205 0.058453
2 0.060477 0.043615 0.044964 0.051709
2 0.022257 0.029564 0.040468 0.043840
2 0.022819 0.080148 0.032599 0.057329
2 0.026192 0.142536 0.039344 0.062950
2 0.076776 0.140288 0.039344 0.051709
2 0.123426 0.144784 0.035971 0.051709
2 0.190310 0.112185 0.046088 0.038219
2 0.191434 0.145346 0.057329 0.039344
2 0.159960 0.133543 0.037095 0.047212
2 0.108813 0.321830 0.056205 0.057329
2 0.206048 0.308903 0.046088 0.062950
2 0.267873 0.317334 0.041592 0.046088
2 0.120616 0.389276 0.064074 0.064074
2 0.035184 0.402203 0.048336 0.049460
2 0.014951 0.207734 0.028103 0.056205
2 0.192558 0.384218 0.055081 0.047212
2 0.293728 0.415692 0.068570 0.056205
2 0.324640 0.487073 0.083183 0.055081
2 0.252698 0.480890 0.035971 0.047212
2 0.247077 0.512927 0.058453 0.046088
2 0.144222 0.847347 0.055081 0.042716
2 0.082397 0.904114 0.111286 0.068570
2 0.249326 0.949640 0.078687 0.078687
2 0.140850 0.959757 0.073067 0.056205
2 0.328013 0.947392 0.060701 0.067446
2 0.403327 0.970436 0.083183 0.055081
2 0.787587 0.969762 0.098554 0.060477
2 0.880508 0.949640 0.075315 0.083183
2 0.936713 0.966502 0.055081 0.056205
2 0.963692 0.816434 0.068570 0.100045
2 0.576439 0.778215 0.098921 0.079811
2 0.340940 0.881632 0.075315 0.066322
2 0.426933 0.904114 0.076439 0.077563
2 0.875450 0.086331 0.049460 0.071942
2 0.949640 0.114433 0.069694 0.069694
2 0.897932 0.174573 0.065198 0.084308
2 0.957509 0.230778 0.047212 0.082059
2 0.851844 0.149843 0.060701 0.041592
2 0.980128 0.015063 0.031202 0.030126
2 0.985049 0.501686 0.016862 0.097797
2 0.911983 0.650067 0.068570 0.093300
2 0.824865 0.617469 0.040468 0.055081
2 0.775967 0.597797 0.061826 0.051709
2 0.685477 0.922100 0.069694 0.066322
2 0.674798 0.977743 0.075315 0.035971
