2 0.424060 0.580857 0.045892 0.050262
2 0.425153 0.621831 0.054633 0.055726
2 0.393466 0.611451 0.061189 0.054633
2 0.486888 0.600524 0.046984 0.054633
2 0.529502 0.626748 0.073208 0.061189
2 0.501639 0.668816 0.065559 0.060096
2 0.447552 0.696132 0.066652 0.060096
2 0.540428 0.719078 0.079764 0.077579
2 0.467767 0.755135 0.085227 0.060096
2 0.479786 0.807037 0.065559 0.074301
2 0.414773 0.803759 0.053540 0.045892
2 0.285839 0.774803 0.036058 0.036058
2 0.235031 0.806490 0.052448 0.040428
2 0.255791 0.852928 0.050262 0.043706
2 0.632758 0.862762 0.048077 0.052448
2 0.682474 0.907015 0.055726 0.057911
2 0.117570 0.938156 0.055726 0.041521
