1 0.194667 0.017632 0.068807 0.028670
1 0.268492 0.018349 0.058773 0.032970
1 0.237672 0.052752 0.051606 0.055906
1 0.284977 0.076405 0.071674 0.074541
1 0.682769 0.021932 0.058773 0.040138
1 0.671302 0.062787 0.050172 0.044438
1 0.766628 0.037701 0.054472 0.065940
1 0.881307 0.024083 0.057339 0.041571
1 0.887758 0.069954 0.053039 0.038704
1 0.890625 0.102208 0.041571 0.045872
2 0.963733 0.069954 0.053039 0.061640
2 0.348767 0.456995 0.064507 0.055906
2 0.357368 0.393922 0.073108 0.061640
2 0.419725 0.386038 0.057339 0.051606
2 0.483515 0.383171 0.067374 0.063073
2 0.545872 0.353068 0.060206 0.060206
2 0.580992 0.310063 0.064507 0.054472
2 0.598194 0.364536 0.064507 0.051606
2 0.723624 0.204702 0.054472 0.053039
2 0.768062 0.396072 0.037271 0.031537
2 0.808916 0.376003 0.032970 0.034404
2 0.766628 0.350917 0.043005 0.044438
2 0.856938 0.432626 0.043005 0.038704
2 0.761611 0.463446 0.047305 0.037271
2 0.632597 0.492833 0.047305 0.038704
2 0.619696 0.448394 0.047305 0.035837
2 0.552322 0.669868 0.047305 0.045872
2 0.623997 0.608945 0.047305 0.055906
