2 0.600260 0.490234 0.075521 0.076823
1 0.734375 0.626953 0.104167 0.074219
0 0.462240 0.692708 0.109375 0.096354
0 0.507812 0.906901 0.098958 0.102865
0 0.126953 0.870443 0.092448 0.071615
1 0.061198 0.837240 0.093750 0.080729
2 0.042969 0.946615 0.067708 0.062500
0 0.391927 0.559245 0.104167 0.105469
1 0.313151 0.692708 0.084635 0.070312
0 0.567057 0.328776 0.071615 0.087240
0 0.560547 0.590495 0.100260 0.105469
0 0.953776 0.583333 0.063802 0.080729
0 0.776042 0.723958 0.080729 0.078125
2 0.669922 0.898438 0.055990 0.093750
0 0.104167 0.755859 0.078125 0.082031
2 0.070312 0.065755 0.059896 0.063802
2 0.123698 0.060547 0.059896 0.082031
2 0.266276 0.030599 0.084635 0.061198
0 0.184896 0.037760 0.093750 0.062500
0 0.856771 0.137370 0.065104 0.061198
0 0.727214 0.254557 0.050781 0.061198
0 0.666667 0.177734 0.046875 0.061198
2 0.619141 0.191406 0.063802 0.067708
2 0.671875 0.256510 0.054688 0.062500
2 0.630859 0.332031 0.063802 0.057292
1 0.639323 0.414714 0.046875 0.069010
2 0.768880 0.437500 0.048177 0.062500
2 0.707682 0.315755 0.058594 0.069010
2 0.688802 0.437500 0.049479 0.062500
2 0.733073 0.411458 0.046875 0.059896
0 0.409505 0.490234 0.102865 0.076823
0 0.792969 0.358724 0.059896 0.042969
0 0.844401 0.339193 0.050781 0.053385
0 0.972005 0.409914 0.055990 0.051598
1 0.974609 0.679841 0.050781 0.083640
0 0.693359 0.971354 0.076823 0.052083
0 0.216146 0.613281 0.057292 0.075521
0 0.139974 0.330078 0.071615 0.042969
2 0.168620 0.808594 0.061198 0.062500
0 0.430339 0.949219 0.066406 0.054688
2 0.789714 0.973307 0.066406 0.040365
2 0.980469 0.839301 0.039062 0.077040
1 0.915365 0.378255 0.057292 0.055990
1 0.500651 0.332031 0.074219 0.080729
1 0.231771 0.658203 0.072917 0.053385
