2 0.038690 0.052517 0.074819 0.105035
2 0.136140 0.031973 0.062211 0.062211
2 0.163628 0.095631 0.059317 0.062211
2 0.220775 0.069589 0.069444 0.065104
2 0.342303 0.032697 0.075231 0.063657
2 0.244647 0.022135 0.073785 0.044271
2 0.406250 0.025752 0.051505 0.051505
2 0.204861 0.327112 0.034722 0.041956
2 0.187500 0.376302 0.037616 0.039062
2 0.234520 0.378472 0.039062 0.043403
2 0.446470 0.233073 0.037616 0.044850
2 0.392940 0.198351 0.049190 0.047743
2 0.402344 0.254051 0.036169 0.026042
2 0.439236 0.179543 0.028935 0.053530
2 0.685185 0.389323 0.040509 0.059317
2 0.717014 0.367622 0.046296 0.056424
2 0.746672 0.335793 0.041956 0.056424
2 0.770544 0.377749 0.052083 0.044850
2 0.765480 0.295284 0.053530 0.056424
2 0.796586 0.251157 0.028935 0.043403
2 0.777778 0.196181 0.028935 0.046296
2 0.867477 0.039931 0.049190 0.046296
2 0.819734 0.126013 0.049190 0.039062
2 0.834201 0.177373 0.049190 0.046296
2 0.819010 0.212095 0.047743 0.054977
2 0.876157 0.146991 0.046296 0.054977
