0 0.159007 0.090993 0.090074 0.066176
0 0.230699 0.057904 0.079044 0.069853
1 0.358456 0.034926 0.066176 0.045956
0 0.513787 0.042279 0.068015 0.053309
2 0.487132 0.162684 0.073529 0.058824
0 0.540441 0.126838 0.040441 0.075368
2 0.113971 0.341912 0.147059 0.112132
2 0.028493 0.408088 0.053309 0.104779
2 0.160846 0.465993 0.082721 0.077206
2 0.160846 0.578125 0.130515 0.106618
2 0.253676 0.526654 0.069853 0.055147
2 0.289522 0.022978 0.064338 0.044118
2 0.135110 0.233456 0.097426 0.097426
2 0.205882 0.310662 0.077206 0.108456
2 0.032169 0.534926 0.053309 0.086397
0 0.073529 0.561581 0.099265 0.121324
2 0.018382 0.035206 0.036765 0.052749
2 0.354779 0.258272 0.058824 0.055147
2 0.295037 0.318015 0.056985 0.060662
