2 0.220661 0.066659 0.082059 0.066322
2 0.405576 0.143098 0.056205 0.066322
2 0.711331 0.075652 0.056205 0.073067
2 0.758543 0.044177 0.065198 0.041592
2 0.795076 0.029564 0.070818 0.048336
2 0.972684 0.051484 0.048336 0.056205
2 0.449415 0.282487 0.044964 0.064074
2 0.447167 0.328575 0.060701 0.052833
2 0.138040 0.053732 0.047212 0.040468
2 0.853530 0.631520 0.041592 0.053957
2 0.723134 0.801821 0.059577 0.066322
2 0.793390 0.826551 0.085432 0.086556
2 0.811376 0.929406 0.085432 0.069694
2 0.892873 0.912545 0.050585 0.069694
2 0.899618 0.860836 0.097797 0.087680
2 0.909173 0.972684 0.087680 0.043840
2 0.739433 0.895121 0.056205 0.077563
2 0.191434 0.862522 0.068570 0.059577
2 0.158835 0.770908 0.061826 0.074191
2 0.102630 0.890063 0.057329 0.044964
2 0.125112 0.923786 0.075315 0.060701
2 0.113309 0.673674 0.094424 0.084308
2 0.096448 0.603417 0.071942 0.049460
