2 0.563657 0.462963 0.056713 0.057870
2 0.583912 0.517940 0.069444 0.061343
2 0.201389 0.854745 0.038194 0.045139
2 0.237269 0.852431 0.033565 0.042824
2 0.262731 0.886574 0.040509 0.046296
2 0.958333 0.279514 0.056713 0.061343
2 0.965856 0.234954 0.062500 0.050926
2 0.971065 0.196759 0.049769 0.032407
2 0.946759 0.030671 0.038194 0.028935
2 0.906829 0.035301 0.046296 0.035880
2 0.961227 0.051505 0.032407 0.021991
2 0.802662 0.226273 0.067130 0.054398
0 0.734954 0.218171 0.068287 0.079861
0 0.762731 0.285880 0.056713 0.057870
0 0.825810 0.281250 0.069444 0.043981
0 0.880208 0.268519 0.055556 0.067130
0 0.907986 0.109954 0.060185 0.062500
0 0.824653 0.072917 0.069444 0.085648
0 0.970775 0.116751 0.058449 0.055261
0 0.970197 0.167295 0.059606 0.026720
