2 0.933594 0.508594 0.043750 0.045312
2 0.971484 0.494076 0.053906 0.056901
2 0.952344 0.556250 0.043750 0.053125
2 0.969531 0.601562 0.037500 0.043750
2 0.990234 0.630811 0.016406 0.055371
2 0.877344 0.704688 0.050000 0.059375
2 0.904687 0.710938 0.035937 0.050000
2 0.932031 0.728906 0.046875 0.064062
2 0.814844 0.421875 0.050000 0.031250
2 0.835156 0.392969 0.053125 0.042188
2 0.838281 0.325781 0.056250 0.048438
2 0.842187 0.352344 0.060937 0.045312
2 0.896094 0.384375 0.056250 0.050000
2 0.882031 0.410938 0.043750 0.040625
2 0.879687 0.489844 0.048438 0.045312
2 0.879687 0.461719 0.035937 0.042188
2 0.210938 0.576562 0.070312 0.059375
2 0.178906 0.560156 0.068750 0.054688
2 0.180469 0.636719 0.053125 0.042188
2 0.221094 0.650000 0.037500 0.040625
2 0.246094 0.694531 0.050000 0.048438
2 0.296875 0.696875 0.073438 0.065625
2 0.270313 0.750000 0.076563 0.068750
2 0.333594 0.771094 0.075000 0.060937
2 0.275781 0.801562 0.053125 0.040625
2 0.293750 0.834375 0.064062 0.056250
2 0.209375 0.732812 0.051562 0.053125
2 0.195312 0.718750 0.060937 0.062500
2 0.140625 0.721875 0.070312 0.068750
2 0.119531 0.744531 0.056250 0.051562
2 0.076563 0.741406 0.057813 0.042188
2 0.073438 0.704688 0.051562 0.037500
2 0.142969 0.933594 0.053125 0.057813
2 0.109375 0.975000 0.060937 0.040625
2 0.085938 0.899219 0.060937 0.045312
2 0.614062 0.946094 0.051562 0.060937
2 0.471875 0.977344 0.054688 0.032813
2 0.914062 0.852344 0.039062 0.048438
2 0.168750 0.672656 0.057813 0.045312
2 0.930469 0.924219 0.046875 0.067187
