2 0.523129 0.570415 0.074013 0.070929
2 0.419305 0.577611 0.061678 0.077097
2 0.356086 0.817640 0.070929 0.051398
2 0.685033 0.763672 0.046258 0.052426
2 0.825863 0.765728 0.056538 0.048314
2 0.842311 0.873150 0.062706 0.061678
2 0.819182 0.920950 0.071957 0.062706
2 0.735917 0.862870 0.039062 0.043174
2 0.698396 0.856702 0.038035 0.034951
2 0.761102 0.805304 0.042146 0.034951
2 0.924548 0.662418 0.050370 0.049342
2 0.631579 0.852590 0.052426 0.045230
2 0.661390 0.825350 0.046258 0.054482
2 0.723581 0.947163 0.041118 0.039062
2 0.737459 0.649054 0.050370 0.049342
2 0.954873 0.526727 0.053454 0.059622
2 0.828433 0.449116 0.039062 0.048314
2 0.792455 0.423417 0.037007 0.046258
2 0.769840 0.497430 0.043174 0.048314
2 0.678351 0.092928 0.049342 0.053454
2 0.733861 0.070312 0.057566 0.080181
2 0.437294 0.156661 0.050370 0.061678
2 0.054379 0.102693 0.065789 0.052426
2 0.065687 0.049239 0.069901 0.062706
2 0.126336 0.103207 0.059622 0.071957
2 0.145354 0.037932 0.064762 0.064762
2 0.198294 0.076994 0.053454 0.075041
2 0.246094 0.110917 0.068873 0.070929
2 0.317537 0.055921 0.082237 0.076069
2 0.266653 0.038960 0.070929 0.062706
2 0.376131 0.163857 0.059622 0.065789
2 0.484067 0.149979 0.053454 0.066817
2 0.443976 0.223479 0.065789 0.069901
2 0.393092 0.226562 0.048314 0.055510
2 0.388980 0.276933 0.081209 0.057566
2 0.414679 0.342208 0.083265 0.058594
2 0.457854 0.420847 0.062706 0.065789
2 0.550370 0.372533 0.066817 0.055510
2 0.621299 0.406970 0.064762 0.060650
2 0.353516 0.458882 0.071957 0.076069
2 0.291324 0.494346 0.058594 0.058594
2 0.276419 0.537007 0.074013 0.051398
2 0.163343 0.707134 0.041118 0.042146
2 0.109889 0.797081 0.059622 0.067845
2 0.054893 0.758018 0.062706 0.084293
2 0.281044 0.891653 0.072985 0.065789
2 0.236842 0.915296 0.062706 0.071957
2 0.324219 0.935855 0.072985 0.080181
2 0.263569 0.360711 0.062706 0.054482
2 0.325761 0.316509 0.057566 0.054482
2 0.271793 0.291838 0.052426 0.048314
2 0.228618 0.262027 0.066817 0.050370
2 0.153063 0.290296 0.069901 0.059622
2 0.120169 0.370991 0.078125 0.058594
2 0.092928 0.295436 0.052426 0.047286
2 0.120683 0.242496 0.077097 0.048314
2 0.026624 0.353002 0.049342 0.076069
2 0.464535 0.477385 0.063734 0.047286
2 0.511822 0.516447 0.076069 0.057566
2 0.141242 0.637233 0.048314 0.042146
2 0.494346 0.658820 0.053454 0.042146
2 0.452714 0.710732 0.058594 0.049342
2 0.156147 0.540604 0.037007 0.046258
