2 0.023727 0.082176 0.041667 0.078704
2 0.076968 0.057292 0.055556 0.061343
2 0.133681 0.030671 0.108796 0.056713
2 0.144676 0.093171 0.070602 0.068287
2 0.064236 0.126736 0.064815 0.042824
2 0.102431 0.192130 0.069444 0.055556
2 0.954282 0.033565 0.067130 0.057870
2 0.802083 0.427662 0.049769 0.059028
2 0.839699 0.479167 0.060185 0.050926
2 0.785880 0.494213 0.056713 0.067130
2 0.738426 0.501736 0.045139 0.086806
2 0.931713 0.521991 0.047454 0.074074
2 0.914931 0.619792 0.055556 0.061343
2 0.837963 0.760995 0.091435 0.056713
2 0.766204 0.782986 0.070602 0.052083
2 0.752894 0.825810 0.053241 0.047454
2 0.822338 0.868056 0.041667 0.062500
2 0.880208 0.865162 0.048611 0.086806
2 0.982928 0.725728 0.034144 0.060253
2 0.199653 0.871528 0.039352 0.048611
2 0.077546 0.828704 0.077546 0.032407
2 0.158565 0.861690 0.052083 0.065972
