2 0.152158 0.074033 0.063244 0.057664
2 0.216332 0.034970 0.068824 0.050223
2 0.287946 0.047991 0.074405 0.057664
2 0.348400 0.041481 0.065104 0.074405
2 0.394903 0.032180 0.087426 0.055804
2 0.067522 0.319568 0.057664 0.061384
2 0.022879 0.268415 0.039062 0.044643
2 0.091704 0.298177 0.057664 0.066964
2 0.087054 0.376302 0.074405 0.048363
2 0.033110 0.394903 0.055804 0.063244
2 0.021949 0.329799 0.040923 0.059524
2 0.093564 0.720424 0.068824 0.066964
2 0.112165 0.770647 0.076265 0.044643
2 0.096354 0.814360 0.070685 0.046503
2 0.030320 0.732515 0.046503 0.057664
2 0.034040 0.797619 0.061384 0.053943
2 0.034040 0.856213 0.057664 0.063244
2 0.502790 0.860863 0.068824 0.079985
2 0.485119 0.934338 0.074405 0.055804
2 0.931548 0.847842 0.074405 0.057664
2 0.850632 0.106585 0.072545 0.078125
2 0.781808 0.171689 0.061384 0.081845
2 0.781808 0.281436 0.076265 0.063244
2 0.796689 0.343750 0.039062 0.057664
2 0.915737 0.142857 0.053943 0.072545
2 0.958519 0.234003 0.068824 0.072545
2 0.976935 0.291395 0.046131 0.049679
2 0.978795 0.342485 0.042411 0.055134
2 0.460007 0.899926 0.053943 0.065104
1 0.914807 0.423735 0.104167 0.094866
1 0.859933 0.369792 0.057664 0.076265
1 0.928757 0.345610 0.079985 0.076265
