1 0.324219 0.666406 0.050000 0.054688
1 0.514844 0.839844 0.056250 0.045312
2 0.535156 0.602344 0.071875 0.042188
2 0.831250 0.832812 0.051562 0.040625
2 0.839063 0.785156 0.048438 0.051562
2 0.796094 0.835156 0.071875 0.045312
2 0.762500 0.876563 0.064062 0.050000
2 0.822656 0.875781 0.037500 0.045312
2 0.794531 0.912500 0.050000 0.046875
2 0.635156 0.806250 0.053125 0.050000
2 0.666406 0.696875 0.062500 0.053125
2 0.565625 0.764062 0.035937 0.037500
2 0.607031 0.824219 0.056250 0.045312
2 0.232031 0.198437 0.053125 0.043750
2 0.242188 0.246875 0.054688 0.059375
2 0.188281 0.389062 0.068750 0.053125
2 0.232813 0.349219 0.060937 0.051562
2 0.192969 0.523438 0.037500 0.037500
2 0.260937 0.540625 0.054688 0.053125
2 0.293750 0.637500 0.045312 0.043750
2 0.285938 0.680469 0.051562 0.051562
2 0.262500 0.635938 0.045312 0.046875
2 0.165625 0.545312 0.048438 0.040625
2 0.119531 0.146094 0.050000 0.039062
2 0.691406 0.832031 0.037500 0.039062
2 0.690625 0.891406 0.045312 0.042188
