0 0.354244 0.629431 0.040812 0.034981
0 0.388643 0.638759 0.044310 0.034981
2 0.265625 0.705807 0.043144 0.033815
2 0.268540 0.626516 0.044310 0.040812
2 0.451609 0.657999 0.037313 0.036147
2 0.316931 0.717467 0.040812 0.033815
2 0.325676 0.755364 0.055970 0.039646
2 0.427705 0.845149 0.040812 0.039646
2 0.502332 0.750117 0.043144 0.033815
2 0.597365 0.651003 0.044310 0.038479
2 0.639342 0.628848 0.051306 0.040812
2 0.504081 0.657999 0.039646 0.029151
2 0.453358 0.629431 0.047808 0.041978
2 0.426539 0.845732 0.045476 0.043144
2 0.477845 0.806087 0.031483 0.036147
2 0.746618 0.731460 0.039646 0.040812
2 0.413130 0.467351 0.034981 0.032649
2 0.473181 0.690648 0.043144 0.031483
2 0.481343 0.713386 0.040812 0.030317
2 0.525653 0.702309 0.033815 0.026819
2 0.291278 0.663246 0.031483 0.034981
2 0.409632 0.740205 0.032649 0.025653
2 0.449860 0.768773 0.033815 0.026819
2 0.795009 0.745452 0.033815 0.036147
2 0.506996 0.508162 0.033815 0.032649
2 0.722132 0.347248 0.032649 0.039646
2 0.526819 0.470266 0.031483 0.031483
2 0.250466 0.924440 0.050140 0.023321
2 0.238223 0.887127 0.030317 0.030317
2 0.137360 0.810168 0.033815 0.034981
2 0.151936 0.782183 0.037313 0.039646
2 0.102379 0.892957 0.026819 0.018657
2 0.578708 0.448694 0.032649 0.027985
2 0.632346 0.660914 0.032649 0.020989
2 0.651586 0.304104 0.031483 0.027985
