2 0.773035 0.434762 0.037049 0.054768
2 0.826192 0.429929 0.040271 0.054768
2 0.870490 0.429929 0.038660 0.048325
2 0.872906 0.331669 0.046714 0.045103
2 0.757732 0.276901 0.041881 0.045103
2 0.831830 0.327642 0.032216 0.053157
2 0.789948 0.311534 0.038660 0.043492
2 0.798003 0.363080 0.048325 0.049936
2 0.754510 0.341334 0.028995 0.038660
2 0.534633 0.027223 0.049936 0.045103
2 0.295425 0.029639 0.041881 0.046714
2 0.313144 0.060245 0.032216 0.040271
2 0.341334 0.088434 0.033827 0.028995
2 0.390464 0.102932 0.032216 0.041881
2 0.355831 0.127094 0.043492 0.045103
2 0.312339 0.113402 0.037049 0.049936
2 0.192332 0.113402 0.051546 0.043492
2 0.140786 0.130316 0.048325 0.054768
2 0.182668 0.160921 0.041881 0.045103
2 0.332474 0.189111 0.038660 0.033827
2 0.335696 0.223744 0.038660 0.038660
2 0.405767 0.231798 0.043492 0.051546
2 0.446037 0.226160 0.030606 0.043492
2 0.487919 0.232603 0.033827 0.053157
2 0.524162 0.264014 0.035438 0.038660
2 0.543492 0.289787 0.035438 0.032216
2 0.387242 0.294620 0.061211 0.041881
2 0.245490 0.239046 0.038660 0.033827
2 0.284955 0.270457 0.049936 0.045103
2 0.098905 0.288177 0.057990 0.048325
2 0.060245 0.310728 0.057990 0.051546
2 0.070715 0.359858 0.046714 0.037049
2 0.012403 0.331894 0.024807 0.044652
2 0.026418 0.372745 0.041881 0.040271
2 0.036082 0.680412 0.054768 0.075709
2 0.132732 0.689272 0.045103 0.057990
2 0.105348 0.727932 0.057990 0.057990
2 0.213273 0.720683 0.061211 0.062822
2 0.195554 0.778673 0.067655 0.066044
2 0.301063 0.723099 0.059601 0.057990
2 0.305896 0.783505 0.056379 0.053157
2 0.272874 0.822165 0.051546 0.062822
