2 0.157629 0.411918 0.056679 0.073529
2 0.084865 0.599571 0.058211 0.050551
2 0.055760 0.410386 0.042892 0.058211
2 0.205882 0.401195 0.049020 0.061275
2 0.143842 0.371324 0.038297 0.038297
2 0.498468 0.480852 0.064338 0.052083
2 0.578125 0.460172 0.052083 0.062806
2 0.621017 0.538297 0.073529 0.062806
2 0.696844 0.664675 0.093444 0.073529
2 0.573529 0.763480 0.058211 0.059743
2 0.460172 0.708333 0.058211 0.044424
2 0.444087 0.765778 0.075061 0.061275
2 0.405025 0.633272 0.064338 0.047488
2 0.465533 0.654718 0.056679 0.056679
2 0.361366 0.659314 0.047488 0.056679
2 0.289369 0.142310 0.035233 0.061275
