2 0.331414 0.709190 0.089433 0.097656
2 0.231188 0.781147 0.080181 0.077097
2 0.387438 0.787829 0.102796 0.071957
2 0.748252 0.598684 0.071957 0.088405
2 0.798109 0.673211 0.075041 0.068873
2 0.728207 0.732319 0.085321 0.084293
2 0.804276 0.765728 0.072985 0.081209
2 0.859272 0.709190 0.080181 0.077097
2 0.897307 0.783203 0.084293 0.079153
2 0.823808 0.530839 0.079153 0.090461
2 0.888055 0.490234 0.071957 0.075041
2 0.810444 0.398746 0.083265 0.079153
2 0.864926 0.367907 0.085321 0.097656
2 0.969727 0.134326 0.060547 0.076630
2 0.805304 0.232216 0.064762 0.085321
2 0.625925 0.411595 0.055510 0.057566
2 0.590461 0.603824 0.077097 0.076069
2 0.557052 0.356086 0.071957 0.084293
2 0.620271 0.313425 0.089433 0.075041
2 0.608450 0.233244 0.082237 0.066817
2 0.472245 0.220909 0.087377 0.087377
2 0.406456 0.267167 0.075041 0.083265
2 0.488692 0.298006 0.083265 0.081209
2 0.448088 0.128392 0.067845 0.075041
2 0.342208 0.140728 0.090461 0.083265
2 0.216084 0.043894 0.089829 0.087788
2 0.086760 0.111431 0.072985 0.086349
2 0.218853 0.148951 0.061678 0.064762
2 0.514905 0.188528 0.078125 0.092516
