2 0.222656 0.203125 0.039062 0.034375
2 0.210938 0.653906 0.065625 0.085938
2 0.307812 0.495312 0.025000 0.031250
2 0.339062 0.503125 0.034375 0.034375
2 0.302344 0.521875 0.026562 0.034375
2 0.435156 0.359375 0.032813 0.025000
2 0.412500 0.380469 0.034375 0.023438
2 0.423438 0.407813 0.034375 0.025000
2 0.514062 0.353906 0.043750 0.035937
2 0.441406 0.421875 0.026562 0.034375
2 0.453906 0.314844 0.032813 0.026562
2 0.564844 0.234375 0.026562 0.037500
2 0.585938 0.245312 0.025000 0.046875
2 0.668750 0.225000 0.025000 0.031250
2 0.695312 0.213281 0.025000 0.029687
2 0.710156 0.189062 0.035937 0.037500
2 0.667188 0.182812 0.043750 0.037500
2 0.641406 0.203906 0.026562 0.039062
2 0.746875 0.211719 0.031250 0.032813
2 0.672656 0.153125 0.039062 0.028125
2 0.732031 0.156250 0.032813 0.037500
2 0.750000 0.181250 0.028125 0.031250
2 0.769531 0.161719 0.023438 0.032813
2 0.782813 0.217969 0.025000 0.042188
2 0.803125 0.190625 0.037500 0.040625
2 0.817187 0.047656 0.028125 0.035937
2 0.964063 0.150000 0.046875 0.046875
2 0.682813 0.403906 0.028125 0.032813
2 0.714063 0.400781 0.025000 0.039062
2 0.747656 0.407031 0.029687 0.045312
2 0.789062 0.426563 0.050000 0.040625
2 0.689844 0.500000 0.020313 0.037500
2 0.713281 0.507031 0.023438 0.035937
2 0.845313 0.512500 0.040625 0.040625
2 0.060937 0.375781 0.096875 0.073438
2 0.310156 0.014063 0.026562 0.025000
2 0.371875 0.014844 0.034375 0.026562
2 0.415625 0.010937 0.034375 0.018750
2 0.170313 0.053125 0.034375 0.031250
2 0.177344 0.030469 0.039062 0.026562
2 0.210938 0.417969 0.062500 0.060937
2 0.275781 0.450000 0.054688 0.065625
0 0.305469 0.701562 0.114062 0.156250
2 0.641406 0.395313 0.026562 0.028125
2 0.589844 0.426563 0.035937 0.037500
