2 0.250000 0.241898 0.054398 0.041667
2 0.280093 0.173032 0.042824 0.040509
2 0.233796 0.127894 0.035880 0.047454
1 0.188657 0.195023 0.035880 0.047454
2 0.151042 0.220486 0.039352 0.038194
1 0.128472 0.278935 0.052083 0.067130
1 0.266204 0.968171 0.070602 0.059028
1 0.179977 0.304977 0.055556 0.056713
2 0.229745 0.204282 0.037037 0.031250
2 0.305556 0.136574 0.033565 0.041667
2 0.269676 0.131366 0.033565 0.045139
2 0.470486 0.047454 0.041667 0.032407
2 0.541667 0.034722 0.045139 0.046296
2 0.467593 0.019676 0.047454 0.034722
2 0.721065 0.670718 0.038194 0.054398
2 0.777199 0.690972 0.034722 0.050926
2 0.712963 0.725694 0.035880 0.034722
2 0.743056 0.520833 0.033565 0.050926
2 0.802083 0.546296 0.028935 0.043981
2 0.586806 0.902199 0.049769 0.054398
2 0.951968 0.686921 0.046296 0.054398
