0 0.425944 0.078451 0.076497 0.069987
2 0.504883 0.128092 0.068359 0.048828
2 0.528483 0.154948 0.040690 0.037435
2 0.582194 0.167969 0.060221 0.063477
2 0.664388 0.158203 0.071615 0.060221
2 0.631836 0.230632 0.094401 0.081380
2 0.757975 0.152507 0.063477 0.068359
2 0.740885 0.217611 0.074870 0.055339
2 0.657878 0.323405 0.074870 0.048828
2 0.858887 0.058105 0.079753 0.078125
2 0.942708 0.084147 0.094401 0.087891
2 0.845866 0.320150 0.063477 0.058594
2 0.780762 0.377930 0.076497 0.060221
1 0.962402 0.249359 0.075195 0.083028
0 0.876790 0.255046 0.099284 0.081380
0 0.934570 0.351888 0.113932 0.092773
0 0.854004 0.399089 0.076497 0.076497
0 0.795410 0.469076 0.089518 0.073242
0 0.714030 0.469076 0.083008 0.076497
2 0.377116 0.362467 0.063477 0.061849
2 0.576497 0.097982 0.052083 0.043945
0 0.685547 0.058919 0.091146 0.083008
0 0.776693 0.074382 0.097656 0.094401
0 0.850749 0.106934 0.079753 0.068359
0 0.777507 0.321777 0.079753 0.081380
