2 0.672660 0.187143 0.028539 0.029252
2 0.700842 0.196775 0.027825 0.032820
2 0.653753 0.209261 0.034960 0.029252
2 0.690853 0.224600 0.023545 0.031393
2 0.724743 0.177155 0.022831 0.027825
2 0.692280 0.155751 0.019264 0.014983
2 0.708690 0.142195 0.030679 0.030679
2 0.734375 0.131493 0.026398 0.020691
2 0.744007 0.158604 0.024258 0.020691
2 0.849244 0.080836 0.026398 0.020691
2 0.849957 0.105808 0.024971 0.017837
2 0.878139 0.067637 0.025685 0.021404
2 0.864227 0.039098 0.024971 0.021404
2 0.874572 0.097603 0.015696 0.024258
2 0.895263 0.090111 0.034247 0.033533
2 0.889555 0.045163 0.025685 0.026398
2 0.900257 0.065853 0.022831 0.026398
2 0.298445 0.206407 0.030679 0.023545
2 0.138271 0.189284 0.028539 0.023545
2 0.143265 0.219249 0.035674 0.019264
2 0.110445 0.195348 0.029966 0.025685
2 0.107235 0.223530 0.034960 0.022118
2 0.085474 0.128282 0.019977 0.018550
2 0.109018 0.120077 0.029966 0.030679
2 0.122574 0.151113 0.027112 0.028539
2 0.070491 0.140054 0.018550 0.027825
2 0.088328 0.149329 0.034247 0.027825
2 0.314498 0.187857 0.021404 0.017837
2 0.340896 0.183576 0.022831 0.033533
2 0.315211 0.245648 0.037100 0.032106
2 0.277754 0.262771 0.039241 0.027825
2 0.256350 0.173944 0.030679 0.025685
2 0.077269 0.066924 0.022118 0.022831
2 0.245360 0.606922 0.021864 0.013865
2 0.233095 0.589590 0.022931 0.020798
2 0.217630 0.621320 0.021864 0.017065
2 0.200032 0.626920 0.020798 0.018665
2 0.205365 0.657850 0.022931 0.018665
2 0.218697 0.664782 0.029330 0.023997
2 0.227229 0.643718 0.030397 0.028797
2 0.197366 0.689047 0.027197 0.019198
2 0.239761 0.682914 0.026664 0.028264
2 0.324552 0.702912 0.029863 0.026664
2 0.315486 0.727976 0.030930 0.025597
2 0.288823 0.643451 0.020265 0.020798
2 0.300021 0.628786 0.023464 0.024531
2 0.271491 0.684247 0.021864 0.020265
2 0.298422 0.691980 0.023464 0.023997
2 0.345616 0.687713 0.027197 0.026131
2 0.344817 0.659716 0.027730 0.018131
2 0.434407 0.621587 0.021331 0.026131
2 0.457071 0.640518 0.028264 0.025597
2 0.452005 0.593057 0.026664 0.026664
2 0.398944 0.533863 0.025064 0.029863
2 0.420275 0.531997 0.025064 0.027197
2 0.452805 0.557327 0.025064 0.021331
2 0.445339 0.532797 0.023997 0.021331
2 0.426141 0.552261 0.026131 0.022931
2 0.425875 0.575192 0.028797 0.022931
2 0.417342 0.597056 0.029863 0.019731
2 0.412809 0.620254 0.025064 0.026664
2 0.963417 0.631986 0.030930 0.022398
2 0.965017 0.598123 0.028797 0.038929
2 0.938620 0.593323 0.026131 0.020798
2 0.953018 0.527730 0.020798 0.019731
2 0.942886 0.522931 0.015465 0.027197
2 0.992108 0.519789 0.015785 0.023046
2 0.993174 0.605142 0.013652 0.034836
2 0.986775 0.652548 0.026451 0.032591
2 0.934354 0.621587 0.028264 0.025064
2 0.933820 0.638652 0.021864 0.022931
2 0.952752 0.656517 0.035196 0.025597
2 0.969283 0.676248 0.027730 0.033063
2 0.892758 0.627453 0.021864 0.025064
2 0.912756 0.650917 0.033063 0.030397
2 0.943419 0.673581 0.022931 0.024531
2 0.908223 0.697312 0.033596 0.028264
2 0.936220 0.694379 0.023464 0.027730
2 0.884759 0.652784 0.025064 0.025597
2 0.943153 0.758372 0.029863 0.028797
2 0.921022 0.790902 0.028264 0.028797
2 0.673581 0.593590 0.028264 0.019198
2 0.691713 0.571992 0.022931 0.032530
2 0.768505 0.537596 0.020798 0.018131
2 0.753840 0.554394 0.026664 0.022931
2 0.728509 0.659183 0.022931 0.027730
2 0.748507 0.653850 0.029863 0.025597
2 0.779970 0.657050 0.029863 0.025597
2 0.775704 0.722643 0.037329 0.027730
2 0.747974 0.741574 0.025597 0.026131
2 0.691713 0.656783 0.022931 0.027197
2 0.689846 0.774371 0.027730 0.029863
2 0.707711 0.747707 0.025064 0.025597
2 0.709044 0.719443 0.037329 0.037329
2 0.720510 0.699445 0.019731 0.026131
2 0.738908 0.689047 0.028797 0.027730
2 0.802368 0.743974 0.027730 0.026664
2 0.664249 0.695446 0.039462 0.027730
2 0.632519 0.659716 0.021864 0.023464
2 0.660516 0.654917 0.028797 0.025597
2 0.633052 0.630653 0.030397 0.026131
2 0.678648 0.625587 0.027730 0.023464
2 0.702645 0.634919 0.030930 0.020798
2 0.779970 0.559727 0.026664 0.021864
2 0.776237 0.579458 0.026664 0.028264
2 0.767971 0.683447 0.031463 0.026131
2 0.439420 0.874735 0.027145 0.019200
2 0.975371 0.888970 0.019862 0.026483
2 0.924060 0.935315 0.027145 0.023835
2 0.967095 0.944584 0.021849 0.033104
2 0.947233 0.957164 0.021849 0.025159
2 0.448027 0.983316 0.031118 0.024497
