2 0.068771 0.135074 0.045230 0.051398
2 0.020970 0.154091 0.040090 0.058594
1 0.254317 0.061575 0.070929 0.072985
1 0.310341 0.101151 0.059622 0.049342
2 0.540090 0.182360 0.062706 0.074013
2 0.829461 0.728207 0.078125 0.090461
2 0.923006 0.876748 0.086349 0.089433
2 0.512850 0.871094 0.063734 0.063734
2 0.291324 0.810444 0.048314 0.045230
2 0.320621 0.697368 0.057566 0.055510
2 0.223479 0.546772 0.054482 0.064762
2 0.163857 0.533409 0.042146 0.040090
2 0.142784 0.553968 0.047286 0.048314
2 0.369449 0.479955 0.048314 0.052426
2 0.422389 0.385896 0.051398 0.045230
2 0.382812 0.344778 0.058594 0.039062
2 0.611534 0.344264 0.067845 0.064762
2 0.626953 0.221423 0.067845 0.071957
