2 0.133247 0.239583 0.076678 0.057870
2 0.058015 0.244647 0.062211 0.053530
2 0.094907 0.292390 0.066551 0.047743
2 0.201244 0.213542 0.073785 0.072338
2 0.185330 0.152054 0.079572 0.047743
2 0.024740 0.265625 0.039062 0.066551
2 0.043547 0.845052 0.070891 0.059317
2 0.052951 0.917390 0.069444 0.062211
2 0.022569 0.881944 0.028935 0.066551
2 0.298900 0.733652 0.057870 0.076678
2 0.390770 0.803096 0.047743 0.076678
2 0.398003 0.733652 0.059317 0.053530
2 0.374132 0.578125 0.057870 0.057870
2 0.690249 0.497830 0.053530 0.044850
2 0.644676 0.548466 0.031829 0.041956
2 0.849392 0.530382 0.059317 0.060764
2 0.975984 0.528935 0.037616 0.060764
2 0.796586 0.454427 0.052083 0.050637
2 0.621528 0.172309 0.060764 0.062211
2 0.667824 0.111545 0.057870 0.047743
2 0.652633 0.068142 0.039062 0.039062
