2 0.896094 0.785937 0.057813 0.050000
2 0.939063 0.803906 0.043750 0.067187
2 0.846094 0.767188 0.039062 0.068750
2 0.742969 0.710938 0.070312 0.053125
2 0.754687 0.670312 0.050000 0.043750
2 0.697656 0.719531 0.057813 0.064062
2 0.628906 0.796875 0.060937 0.068750
2 0.775781 0.796094 0.070312 0.057813
2 0.796094 0.917969 0.067187 0.060937
2 0.735938 0.830469 0.043750 0.057813
2 0.690625 0.816406 0.053125 0.048438
2 0.705469 0.875000 0.070312 0.062500
2 0.648438 0.895312 0.075000 0.046875
2 0.617188 0.839844 0.050000 0.048438
2 0.551562 0.836719 0.065625 0.067187
2 0.563281 0.890625 0.076563 0.071875
2 0.564063 0.928125 0.053125 0.053125
2 0.620313 0.929688 0.059375 0.050000
2 0.380469 0.935937 0.054688 0.037500
2 0.411719 0.912500 0.039062 0.037500
2 0.377344 0.845313 0.035937 0.043750
2 0.300000 0.928906 0.046875 0.045312
2 0.292187 0.963281 0.043750 0.039062
2 0.299219 0.843750 0.051562 0.037500
