2 0.042279 0.145221 0.062500 0.056985
2 0.100184 0.211397 0.075368 0.064338
2 0.140625 0.167279 0.053309 0.053309
2 0.105699 0.101103 0.042279 0.049632
2 0.495404 0.283088 0.071691 0.064338
2 0.575368 0.246324 0.080882 0.071691
2 0.572610 0.310662 0.068015 0.068015
2 0.553309 0.375919 0.069853 0.069853
2 0.669118 0.363051 0.077206 0.069853
2 0.683824 0.288603 0.077206 0.075368
2 0.724265 0.329044 0.069853 0.075368
2 0.727022 0.420956 0.075368 0.064338
2 0.698529 0.450368 0.099265 0.086397
2 0.878676 0.159007 0.077206 0.073529
2 0.950368 0.146140 0.069853 0.069853
2 0.866728 0.056985 0.060662 0.068015
2 0.943934 0.075368 0.079044 0.071691
2 0.822610 0.018382 0.056985 0.034926
2 0.385110 0.322610 0.071691 0.066176
2 0.438419 0.207721 0.060662 0.060662
2 0.614890 0.377757 0.049632 0.069853
2 0.771140 0.347426 0.042279 0.075368
2 0.258272 0.097426 0.064338 0.056985
2 0.256434 0.043199 0.053309 0.047794
2 0.250000 0.414522 0.047794 0.051471
2 0.263787 0.474265 0.064338 0.060662
2 0.204963 0.522978 0.056985 0.047794
2 0.300551 0.532169 0.071691 0.044118
2 0.305147 0.443934 0.066176 0.062500
2 0.339154 0.505515 0.064338 0.056985
