2 0.172585 0.066761 0.061080 0.053977
2 0.200994 0.031960 0.063920 0.049716
2 0.161222 0.023437 0.058239 0.041193
2 0.101562 0.021307 0.089489 0.036932
2 0.056818 0.052557 0.079545 0.065341
2 0.022727 0.104403 0.042614 0.061080
2 0.036222 0.164062 0.058239 0.058239
2 0.045455 0.237926 0.059659 0.058239
2 0.047585 0.372869 0.075284 0.072443
2 0.088778 0.684659 0.080966 0.071023
2 0.024858 0.634943 0.049716 0.059659
2 0.030540 0.699574 0.058239 0.052557
2 0.049716 0.745739 0.088068 0.093750
2 0.469460 0.671875 0.098011 0.093750
2 0.515625 0.467330 0.048295 0.085227
2 0.522017 0.327415 0.046875 0.089489
2 0.514205 0.791193 0.059659 0.071023
2 0.499290 0.864347 0.089489 0.095170
2 0.438210 0.917614 0.100852 0.071023
2 0.019886 0.882812 0.039773 0.086648
2 0.074574 0.895597 0.058239 0.052557
2 0.095881 0.926136 0.058239 0.059659
2 0.025568 0.958807 0.048295 0.068182
2 0.249290 0.775568 0.063920 0.056818
