2 0.451026 0.075560 0.066465 0.065299
2 0.395639 0.105294 0.062966 0.057136
2 0.379897 0.167677 0.071129 0.079291
2 0.473181 0.224813 0.071129 0.067631
2 0.516908 0.215485 0.065299 0.079291
2 0.326259 0.697062 0.082789 0.083955
2 0.284865 0.767024 0.081623 0.086287
2 0.367071 0.775770 0.064132 0.066465
2 0.146105 0.159515 0.067631 0.065299
2 0.122785 0.087220 0.067631 0.060634
2 0.181087 0.073228 0.067631 0.072295
2 0.034165 0.115205 0.058302 0.062966
2 0.026586 0.177006 0.043144 0.058302
2 0.101796 0.180504 0.060634 0.069963
2 0.283699 0.644590 0.069963 0.065299
