2 0.804921 0.374067 0.039646 0.041978
2 0.866138 0.462687 0.043144 0.041978
2 0.827076 0.491838 0.032649 0.044310
2 0.737290 0.348414 0.037313 0.051306
2 0.696479 0.376982 0.044310 0.050140
2 0.185751 0.657999 0.048974 0.045476
2 0.187500 0.696479 0.043144 0.031483
2 0.132696 0.698228 0.052472 0.039646
2 0.103545 0.658582 0.047808 0.051306
2 0.098298 0.881297 0.048974 0.032649
2 0.066814 0.870802 0.030317 0.023321
2 0.073228 0.844566 0.050140 0.036147
2 0.155434 0.350746 0.074627 0.065299
2 0.196828 0.392724 0.080457 0.072295
2 0.131530 0.282533 0.085121 0.078125
2 0.199743 0.258629 0.081623 0.076959
2 0.271455 0.302938 0.085121 0.088619
2 0.320429 0.370569 0.092118 0.065299
2 0.260961 0.428288 0.110774 0.059468
2 0.143773 0.171758 0.055970 0.085121
2 0.206157 0.163013 0.089785 0.079291
2 0.059818 0.438783 0.058302 0.057136
2 0.030667 0.459188 0.048974 0.032649
2 0.056903 0.490672 0.043144 0.041978
