0 0.169426 0.850979 0.151586 0.144590
0 0.301772 0.830574 0.124767 0.136427
0 0.094216 0.472015 0.138759 0.132929
1 0.479011 0.197411 0.089785 0.089785
1 0.116371 0.079641 0.101446 0.106110
1 0.785681 0.063899 0.066465 0.079291
1 0.765858 0.160098 0.080457 0.075793
0 0.930271 0.248134 0.075793 0.093284
0 0.257463 0.346665 0.127099 0.117771
1 0.031250 0.705807 0.057136 0.138759
0 0.802006 0.855061 0.094450 0.092118
1 0.070312 0.270289 0.079291 0.081623
1 0.121618 0.323927 0.053638 0.065299
1 0.045826 0.197411 0.062966 0.052472
