2 0.799716 0.252131 0.051136 0.049716
2 0.904119 0.307528 0.049716 0.052557
2 0.851562 0.321023 0.044034 0.048295
2 0.884943 0.352273 0.039773 0.051136
2 0.834517 0.352273 0.041193 0.042614
2 0.826705 0.386364 0.059659 0.045455
2 0.335227 0.476562 0.045455 0.052557
2 0.324574 0.521307 0.055398 0.051136
2 0.361506 0.470170 0.044034 0.059659
2 0.486506 0.613636 0.049716 0.056818
2 0.522017 0.620028 0.035511 0.063920
2 0.634943 0.681818 0.051136 0.048295
2 0.584517 0.639915 0.049716 0.049716
2 0.578125 0.684659 0.062500 0.045455
2 0.611506 0.724432 0.044034 0.051136
2 0.200284 0.571023 0.048295 0.053977
2 0.236506 0.581676 0.046875 0.061080
2 0.240767 0.655540 0.058239 0.052557
2 0.073864 0.803977 0.048295 0.045455
2 0.191761 0.834517 0.056818 0.058239
2 0.221591 0.931108 0.056818 0.055398
2 0.074574 0.840199 0.046875 0.049716
2 0.044034 0.898437 0.053977 0.046875
2 0.066051 0.884943 0.055398 0.045455
2 0.112216 0.844460 0.051136 0.052557
2 0.174716 0.634233 0.048295 0.041193
2 0.686080 0.916193 0.059659 0.045455
2 0.677557 0.955966 0.053977 0.042614
2 0.536932 0.711648 0.053977 0.048295
2 0.403409 0.737926 0.053977 0.046875
2 0.890625 0.897727 0.039773 0.051136
2 0.612926 0.774148 0.049716 0.031250
2 0.573153 0.871449 0.052557 0.044034
2 0.531250 0.886364 0.042614 0.045455
2 0.921165 0.927557 0.052557 0.039773
2 0.567472 0.794744 0.058239 0.061080
