2 0.811334 0.167677 0.036147 0.041978
2 0.913946 0.083722 0.045476 0.055970
2 0.778102 0.093633 0.055970 0.038479
2 0.749534 0.145522 0.073461 0.062966
2 0.918610 0.157183 0.038479 0.060634
2 0.891791 0.195079 0.064132 0.052472
2 0.853895 0.289529 0.065299 0.057136
2 0.813083 0.329174 0.067631 0.068797
2 0.820662 0.264459 0.064132 0.053638
2 0.842817 0.211987 0.054804 0.053638
2 0.808419 0.205574 0.051306 0.043144
2 0.966418 0.189832 0.057136 0.067631
2 0.861474 0.136777 0.073461 0.057136
2 0.880714 0.102962 0.046642 0.045476
2 0.458022 0.489506 0.078125 0.053638
2 0.439366 0.562966 0.045476 0.041978
2 0.429454 0.527985 0.062966 0.037313
2 0.416045 0.506996 0.043144 0.039646
2 0.406133 0.559468 0.060634 0.032649
2 0.489506 0.581623 0.045476 0.034981
2 0.293027 0.582206 0.060634 0.031483
2 0.307020 0.498834 0.051306 0.037313
2 0.319846 0.528568 0.048974 0.036147
2 0.344916 0.574627 0.036147 0.044310
2 0.252215 0.576376 0.048974 0.052472
2 0.249300 0.619520 0.033815 0.036147
2 0.295359 0.641674 0.065299 0.045476
2 0.239389 0.649837 0.058302 0.061800
2 0.093633 0.946012 0.034981 0.045476
2 0.040578 0.929688 0.050140 0.047808
2 0.469531 0.802344 0.018750 0.029687
2 0.496875 0.825781 0.051562 0.029687
2 0.485156 0.921875 0.031250 0.034375
2 0.426563 0.963281 0.076563 0.048438
2 0.414844 0.916406 0.046875 0.039062
2 0.361719 0.933594 0.037500 0.039062
2 0.351228 0.982812 0.054018 0.034375
2 0.853125 0.935156 0.076563 0.057813
2 0.850781 0.964844 0.068750 0.039062
2 0.900000 0.903906 0.089063 0.048438
