0 0.103882 0.254028 0.109863 0.113525
0 0.185669 0.307739 0.104980 0.096436
0 0.435303 0.387695 0.106201 0.114746
0 0.357788 0.440186 0.107422 0.083008
0 0.453003 0.465820 0.090332 0.097656
0 0.484131 0.229614 0.125732 0.111084
0 0.544556 0.224121 0.083008 0.107422
0 0.634277 0.033691 0.120850 0.061035
0 0.617188 0.075806 0.086670 0.069580
0 0.691040 0.655640 0.097656 0.081787
0 0.662354 0.340698 0.111084 0.118408
0 0.755737 0.413330 0.100098 0.104980
0 0.031860 0.825928 0.063477 0.114746
2 0.329712 0.270508 0.051270 0.048828
1 0.301025 0.351074 0.042725 0.051270
1 0.264404 0.361450 0.045166 0.052490
1 0.308350 0.395630 0.062256 0.054932
2 0.539673 0.404785 0.078125 0.085449
1 0.548828 0.128296 0.093994 0.093994
2 0.769165 0.117310 0.046387 0.042725
1 0.763672 0.331543 0.084229 0.092773
2 0.669678 0.520752 0.045166 0.043945
2 0.622681 0.579956 0.058594 0.064697
2 0.488403 0.557983 0.056152 0.054932
2 0.712402 0.547607 0.062256 0.053711
2 0.850342 0.377930 0.057373 0.048828
2 0.851562 0.327271 0.059814 0.054932
2 0.338257 0.333984 0.043945 0.039062
1 0.648315 0.943115 0.063477 0.053711
2 0.583618 0.941284 0.051270 0.047607
