2 0.452192 0.335588 0.081623 0.093284
2 0.512243 0.260961 0.089785 0.088619
2 0.588619 0.155434 0.090951 0.092118
2 0.596782 0.595616 0.076959 0.081623
2 0.663246 0.629431 0.079291 0.083955
2 0.495336 0.712803 0.081623 0.087453
2 0.574044 0.713969 0.096782 0.099114
2 0.634678 0.786264 0.082789 0.099114
2 0.570546 0.876632 0.099114 0.109608
2 0.483092 0.848064 0.094450 0.099114
2 0.423624 0.820079 0.066465 0.087453
2 0.161264 0.337920 0.092118 0.079291
2 0.213153 0.396805 0.069963 0.080457
2 0.418377 0.414879 0.116604 0.095616
2 0.529151 0.351912 0.086287 0.109608
