2 0.910156 0.331928 0.068873 0.072985
2 0.976408 0.337017 0.047183 0.056435
2 0.964587 0.285786 0.070826 0.064994
2 0.916838 0.399774 0.061678 0.056538
2 0.978464 0.411520 0.043072 0.077974
2 0.822780 0.975432 0.077097 0.040090
2 0.893116 0.980263 0.075911 0.039474
2 0.025082 0.064145 0.042146 0.049342
2 0.072368 0.165399 0.040090 0.035979
2 0.108347 0.168997 0.038035 0.034951
2 0.158203 0.237870 0.055510 0.030839
2 0.115543 0.228104 0.033923 0.038035
2 0.099609 0.294408 0.041118 0.039062
2 0.158203 0.272307 0.063734 0.025699
2 0.197266 0.336554 0.051398 0.041118
2 0.103207 0.418791 0.044202 0.041118
2 0.107319 0.473273 0.031867 0.032895
2 0.061575 0.806332 0.041118 0.037007
2 0.168997 0.535465 0.029811 0.029811
2 0.779605 0.345806 0.058594 0.055510
2 0.835629 0.371505 0.039062 0.051398
2 0.609992 0.185958 0.048314 0.046258
2 0.656764 0.181846 0.045230 0.048314
2 0.689659 0.214741 0.049342 0.029811
