2 0.265625 0.559601 0.056379 0.030606
2 0.293814 0.548325 0.028995 0.043492
2 0.500000 0.371939 0.038660 0.019330
2 0.565238 0.372745 0.040271 0.033827
2 0.553963 0.336501 0.030606 0.032216
2 0.607925 0.335696 0.025773 0.030606
2 0.651418 0.334890 0.025773 0.032216
2 0.633698 0.309923 0.028995 0.014497
2 0.528995 0.367107 0.025773 0.035438
2 0.508054 0.337307 0.032216 0.030606
2 0.480670 0.353415 0.025773 0.033827
2 0.458924 0.319588 0.037049 0.027384
2 0.455702 0.294620 0.024162 0.038660
2 0.482281 0.310728 0.035438 0.032216
2 0.497584 0.291398 0.024162 0.032216
2 0.533827 0.313144 0.035438 0.030606
2 0.570876 0.284955 0.041881 0.028995
2 0.540271 0.292204 0.038660 0.024162
2 0.634504 0.118235 0.043492 0.030606
2 0.664304 0.114207 0.032216 0.035438
2 0.635309 0.097294 0.028995 0.024162
2 0.674774 0.087629 0.046714 0.037049
2 0.691688 0.133537 0.035438 0.035438
2 0.913177 0.059439 0.033827 0.045103
2 0.928479 0.094072 0.028995 0.043492
2 0.977610 0.080380 0.040271 0.051546
2 0.971166 0.035277 0.030606 0.041881
2 0.934117 0.032861 0.040271 0.049936
2 0.905928 0.438789 0.035438 0.037049
2 0.980831 0.437178 0.024162 0.053157
2 0.955058 0.435567 0.046714 0.033827
2 0.963918 0.466173 0.028995 0.027384
2 0.837468 0.599871 0.037049 0.046714
2 0.793170 0.595039 0.025773 0.030606
2 0.764175 0.601482 0.035438 0.033827
2 0.893041 0.759343 0.032216 0.043492
2 0.850354 0.748067 0.037049 0.056379
2 0.696521 0.564433 0.025773 0.024162
2 0.713434 0.537049 0.033827 0.040271
2 0.675580 0.549130 0.028995 0.048325
2 0.453286 0.537049 0.035438 0.027384
2 0.682829 0.458924 0.020941 0.022552
2 0.687661 0.437983 0.027384 0.022552
2 0.684439 0.421070 0.027384 0.024162
2 0.680412 0.361469 0.025773 0.024162
2 0.712629 0.370329 0.028995 0.032216
2 0.623228 0.370329 0.020941 0.022552
2 0.426707 0.497584 0.033827 0.032216
2 0.681218 0.388853 0.027384 0.017719
2 0.503222 0.524968 0.028995 0.045103
2 0.495168 0.475838 0.032216 0.027384
2 0.409794 0.545909 0.045103 0.032216
2 0.259182 0.522552 0.043492 0.027384
2 0.248711 0.499195 0.038660 0.035438
2 0.280122 0.496778 0.037049 0.037049
2 0.252738 0.460535 0.033827 0.028995
2 0.211662 0.430735 0.025773 0.040271
2 0.169781 0.516108 0.035438 0.033827
2 0.173808 0.473421 0.027384 0.035438
2 0.151256 0.440399 0.037049 0.033827
2 0.112597 0.428318 0.049936 0.041881
2 0.102126 0.502416 0.057990 0.041881
2 0.139981 0.479865 0.033827 0.041881
2 0.021585 0.724710 0.032216 0.035438
2 0.015625 0.786580 0.031250 0.024457
2 0.032861 0.801224 0.025773 0.033827
2 0.071521 0.809278 0.032216 0.037049
2 0.102126 0.804446 0.022552 0.033827
2 0.295425 0.768202 0.025773 0.032216
2 0.354220 0.659472 0.037049 0.030606
2 0.326031 0.644974 0.025773 0.040271
2 0.184278 0.624034 0.032216 0.033827
2 0.633698 0.626450 0.028995 0.025773
2 0.800419 0.271263 0.033827 0.037049
2 0.771424 0.272874 0.033827 0.043492
2 0.156894 0.028028 0.045103 0.046714
2 0.112597 0.040915 0.046714 0.024162
2 0.114159 0.014417 0.040367 0.028834
2 0.131121 0.254349 0.038660 0.022552
