0 0.845099 0.154339 0.130396 0.118031
0 0.958633 0.444919 0.078687 0.116906
0 0.824303 0.396021 0.064074 0.075315
0 0.967626 0.255508 0.044964 0.037095
0 0.126799 0.960881 0.076439 0.062950
0 0.655688 0.987298 0.055081 0.019110
1 0.674798 0.029564 0.113534 0.052833
1 0.903552 0.059353 0.119155 0.051709
2 0.823179 0.018323 0.097797 0.028103
1 0.922100 0.289793 0.057329 0.044964
1 0.885004 0.356115 0.064074 0.062950
1 0.966502 0.325764 0.065198 0.047212
1 0.952451 0.387028 0.057329 0.050585
1 0.534847 0.977743 0.056205 0.038219
