2 0.173549 0.117746 0.050223 0.049426
2 0.131696 0.093830 0.058992 0.047832
2 0.784997 0.063536 0.053412 0.058992
2 0.818479 0.030453 0.045440 0.042251
2 0.785092 0.012237 0.043656 0.024474
2 0.410663 0.313368 0.054253 0.060041
2 0.455874 0.309751 0.050637 0.054253
2 0.506872 0.309751 0.047020 0.062934
2 0.424045 0.397280 0.054977 0.055700
2 0.472512 0.454427 0.056424 0.054253
2 0.320964 0.438513 0.051360 0.061487
2 0.290582 0.471788 0.052807 0.055700
2 0.293837 0.531105 0.060764 0.036892
2 0.405237 0.479022 0.049190 0.048466
2 0.955476 0.349818 0.064472 0.078125
2 0.990064 0.384112 0.019873 0.063278
2 0.987030 0.442605 0.025941 0.055872
2 0.985892 0.514872 0.028216 0.057808
2 0.929688 0.493932 0.070540 0.062955
