0 0.343750 0.719351 0.103022 0.097871
2 0.115814 0.650240 0.083276 0.084993
2 0.054430 0.720209 0.049794 0.049794
2 0.105512 0.707761 0.060955 0.059238
2 0.174622 0.626631 0.048077 0.063530
2 0.162603 0.677284 0.048077 0.041209
2 0.236006 0.615041 0.066106 0.060955
1 0.293098 0.585852 0.060096 0.066106
0 0.366501 0.631353 0.067823 0.072974
0 0.336453 0.647236 0.084993 0.053228
2 0.249313 0.657538 0.054945 0.034341
2 0.260903 0.706044 0.067823 0.066106
2 0.196514 0.758843 0.074691 0.078984
2 0.125258 0.760989 0.055804 0.043784
0 0.275498 0.778159 0.086710 0.088427
2 0.350189 0.797047 0.078125 0.079842
2 0.268201 0.879035 0.060096 0.053228
2 0.183637 0.846841 0.050652 0.060955
2 0.214114 0.805632 0.046360 0.036916
2 0.214973 0.869162 0.048077 0.048935
