2 0.310518 0.638759 0.088619 0.037313
2 0.357743 0.708722 0.094450 0.065299
2 0.164762 0.790928 0.062966 0.057136
2 0.150770 0.887127 0.074627 0.058302
2 0.430037 0.587453 0.068797 0.072295
2 0.483092 0.641674 0.046642 0.045476
2 0.467934 0.705224 0.088619 0.067631
2 0.351912 0.820079 0.087453 0.066465
2 0.382812 0.898204 0.053638 0.064132
2 0.404967 0.864389 0.055970 0.066465
2 0.405550 0.781017 0.052472 0.034981
2 0.446362 0.818330 0.057136 0.044310
2 0.487174 0.915695 0.061800 0.045476
2 0.513410 0.830574 0.062966 0.068797
2 0.095965 0.288363 0.067631 0.057136
2 0.055154 0.817164 0.067631 0.046642
2 0.201493 0.852729 0.047808 0.071129
2 0.091884 0.572295 0.052472 0.069963
2 0.489506 0.569380 0.052472 0.064132
