2 0.524487 0.070896 0.087453 0.083955
2 0.548391 0.149021 0.093284 0.074627
0 0.448111 0.122201 0.079291 0.076959
1 0.378148 0.134445 0.081623 0.092118
2 0.342001 0.089552 0.095616 0.067631
2 0.974172 0.162649 0.051656 0.064570
2 0.906950 0.164762 0.080457 0.066465
2 0.868470 0.238223 0.061800 0.052472
2 0.759445 0.355410 0.058302 0.048974
2 0.687733 0.185751 0.057136 0.066465
2 0.458605 0.191581 0.090951 0.080457
2 0.960005 0.108209 0.069963 0.074627
2 0.767607 0.294776 0.044310 0.044310
2 0.699394 0.253965 0.064132 0.060634
2 0.628848 0.231227 0.062966 0.061800
2 0.569380 0.272038 0.065299 0.057136
2 0.965252 0.567631 0.068797 0.074627
2 0.796175 0.074977 0.059468 0.052472
2 0.887127 0.054571 0.066465 0.058302
2 0.944846 0.042910 0.053638 0.067631
2 0.760028 0.040578 0.050140 0.055970
2 0.459771 0.058069 0.081623 0.076959
2 0.821245 0.918027 0.046642 0.043144
2 0.792677 0.948927 0.052472 0.037313
2 0.782766 0.911031 0.034981 0.038479
2 0.844566 0.887127 0.041978 0.044310
