2 0.591751 0.062137 0.049055 0.063590
2 0.650799 0.061228 0.050872 0.054506
2 0.641715 0.109375 0.047238 0.052689
2 0.694404 0.058503 0.054506 0.056323
2 0.682594 0.102108 0.049055 0.059956
2 0.619004 0.020349 0.056323 0.038154
2 0.519985 0.169331 0.043605 0.045422
2 0.497275 0.196584 0.027253 0.041788
2 0.462754 0.208394 0.038154 0.054506
2 0.036701 0.152071 0.050872 0.036337
2 0.042151 0.180233 0.058140 0.049055
2 0.752544 0.475472 0.061773 0.065407
2 0.838844 0.475472 0.056323 0.072674
2 0.875182 0.530887 0.074491 0.059956
2 0.914244 0.581759 0.061773 0.059956
2 0.948765 0.608103 0.050872 0.076308
2 0.974382 0.649810 0.051235 0.057977
2 0.762536 0.542696 0.059956 0.058140
2 0.822493 0.554506 0.049055 0.056323
2 0.818859 0.602653 0.049055 0.072674
2 0.740734 0.596294 0.063590 0.070858
2 0.731650 0.663517 0.074491 0.063590
2 0.782522 0.684411 0.056323 0.058140
2 0.858830 0.665334 0.045422 0.085392
2 0.914244 0.736192 0.058140 0.045422
2 0.904251 0.678052 0.063590 0.067224
2 0.973474 0.728684 0.053052 0.066743
2 0.909702 0.796148 0.052689 0.070858
2 0.949673 0.774346 0.045422 0.063590
2 0.827035 0.729833 0.065407 0.072674
2 0.787064 0.750727 0.058140 0.059956
2 0.728924 0.728016 0.065407 0.058140
2 0.748910 0.799782 0.069041 0.067224
2 0.743459 0.847020 0.076308 0.070858
2 0.807958 0.893350 0.070858 0.072674
2 0.847929 0.837028 0.070858 0.058140
2 0.827035 0.788881 0.065407 0.056323
2 0.895167 0.857013 0.059956 0.065407
2 0.867914 0.917878 0.070858 0.081759
2 0.807049 0.954215 0.079942 0.074491
2 0.906068 0.177507 0.041788 0.050872
2 0.507267 0.961483 0.050872 0.056323
2 0.454578 0.976017 0.047238 0.041788
2 0.383721 0.864281 0.043605 0.054506
2 0.290153 0.801599 0.056323 0.056323
2 0.371911 0.937863 0.041788 0.059956
2 0.307413 0.924237 0.065407 0.039971
2 0.311047 0.975109 0.047238 0.047238
2 0.351926 0.984193 0.052689 0.025436
2 0.283721 0.983012 0.054360 0.033975
2 0.499092 0.917878 0.049055 0.052689
2 0.356468 0.891533 0.065407 0.036337
