1 0.117806 0.048112 0.026978 0.024730
1 0.197617 0.045863 0.033723 0.031475
1 0.243143 0.022257 0.032599 0.029227
1 0.277428 0.033498 0.042716 0.031475
1 0.247639 0.063849 0.039344 0.035971
1 0.285297 0.066659 0.033723 0.030351
1 0.254946 0.102630 0.038219 0.039344
2 0.150405 0.040805 0.029227 0.028103
2 0.170076 0.073966 0.041592 0.042716
2 0.164456 0.099820 0.048336 0.035971
1 0.330823 0.049236 0.039344 0.026978
1 0.319582 0.068345 0.025854 0.031475
1 0.313961 0.100382 0.025854 0.025854
1 0.356115 0.082959 0.047212 0.035971
1 0.355553 0.113309 0.025854 0.024730
1 0.514613 0.075090 0.044964 0.035971
1 0.561263 0.063849 0.039344 0.040468
1 0.607914 0.090827 0.040468 0.035971
1 0.568008 0.116120 0.043840 0.052833
1 0.517986 0.134667 0.031475 0.085432
1 0.922662 0.020571 0.033723 0.037095
1 0.947954 0.065535 0.021358 0.028103
1 0.976619 0.077900 0.038219 0.037095
1 0.828237 0.185814 0.026978 0.030351
1 0.820369 0.215040 0.042716 0.030351
1 0.761353 0.227406 0.032599 0.019110
1 0.757981 0.261691 0.034847 0.026978
1 0.859712 0.216165 0.033723 0.028103
1 0.886129 0.185252 0.028103 0.015737
1 0.959195 0.286421 0.048336 0.035971
1 0.932779 0.311151 0.044964 0.038219
1 0.892311 0.303282 0.033723 0.040468
1 0.309465 0.861398 0.048336 0.039344
1 0.050922 0.949078 0.030351 0.037095
1 0.332509 0.923224 0.035971 0.034847
1 0.529789 0.832734 0.041592 0.033723
1 0.846223 0.444919 0.033723 0.026978
2 0.798449 0.435926 0.028103 0.026978
2 0.916479 0.704586 0.037095 0.044964
1 0.084645 0.711893 0.039344 0.041592
