2 0.058949 0.138494 0.046875 0.058239
2 0.072443 0.184659 0.039773 0.048295
2 0.021307 0.215199 0.036932 0.038352
2 0.015625 0.161222 0.025568 0.058239
2 0.166193 0.189631 0.042614 0.055398
2 0.235085 0.274858 0.052557 0.058239
2 0.318182 0.254261 0.042614 0.062500
2 0.293324 0.213068 0.055398 0.068182
2 0.421165 0.134943 0.052557 0.082386
2 0.545455 0.125710 0.071023 0.066761
2 0.548295 0.171875 0.065341 0.076705
2 0.515625 0.196733 0.045455 0.049716
2 0.554688 0.223722 0.072443 0.069602
2 0.603693 0.186790 0.053977 0.052557
2 0.622869 0.129261 0.058239 0.059659
2 0.782670 0.179688 0.056818 0.086648
2 0.877841 0.175426 0.062500 0.069602
2 0.845881 0.144886 0.063920 0.073864
2 0.921165 0.129261 0.063920 0.088068
2 0.977273 0.133996 0.045455 0.083333
2 0.932528 0.209517 0.083807 0.069602
2 0.925426 0.264205 0.080966 0.073864
2 0.793324 0.295455 0.075284 0.088068
2 0.670455 0.529830 0.082386 0.088068
2 0.578835 0.527699 0.066761 0.072443
2 0.722301 0.754261 0.075284 0.088068
2 0.355824 0.769176 0.075284 0.083807
2 0.426847 0.802557 0.078125 0.085227
2 0.412642 0.867898 0.058239 0.073864
2 0.372159 0.931818 0.053977 0.082386
2 0.313920 0.929688 0.082386 0.072443
2 0.091619 0.426847 0.032670 0.046875
2 0.101562 0.389205 0.029830 0.048295
2 0.127131 0.442472 0.021307 0.038352
2 0.080256 0.463778 0.029830 0.038352
2 0.028409 0.465199 0.053977 0.055398
2 0.041193 0.423295 0.062500 0.056818
2 0.057528 0.371449 0.041193 0.044034
2 0.067472 0.747159 0.061080 0.068182
2 0.023438 0.804688 0.041193 0.095170
2 0.021307 0.750710 0.039773 0.075284
1 0.909091 0.507102 0.073864 0.073864
1 0.937500 0.561790 0.076705 0.072443
1 0.914062 0.625000 0.098011 0.093750
1 0.982955 0.595739 0.034091 0.083523
1 0.971591 0.666440 0.056818 0.091403
