2 0.491319 0.254051 0.060764 0.046296
2 0.271412 0.263455 0.040509 0.056424
2 0.308304 0.246817 0.030382 0.031829
2 0.298177 0.372685 0.036169 0.034722
2 0.301794 0.411748 0.034722 0.026042
2 0.370515 0.577402 0.056424 0.053530
2 0.485532 0.574508 0.052083 0.044850
2 0.479022 0.626591 0.050637 0.050637
2 0.377025 0.641059 0.072338 0.053530
2 0.062355 0.716291 0.053530 0.044850
2 0.140480 0.745949 0.041956 0.037616
2 0.212095 0.863860 0.046296 0.050637
2 0.171586 0.928241 0.037616 0.046296
2 0.219329 0.951389 0.049190 0.043403
2 0.253328 0.859520 0.033275 0.047743
2 0.301794 0.952836 0.040509 0.046296
2 0.333623 0.986111 0.054977 0.026042
2 0.382089 0.905093 0.056424 0.057870
2 0.423322 0.938368 0.069444 0.046296
2 0.387876 0.975984 0.053530 0.037616
2 0.447400 0.980035 0.071305 0.039931
2 0.523148 0.874711 0.069444 0.054977
2 0.526042 0.938368 0.066551 0.054977
2 0.532697 0.983652 0.065394 0.032697
2 0.653356 0.675058 0.063657 0.054977
2 0.576678 0.643229 0.052083 0.057870
2 0.622251 0.617911 0.056424 0.053530
2 0.648293 0.546296 0.056424 0.052083
2 0.711227 0.590422 0.052083 0.056424
2 0.719907 0.649016 0.063657 0.049190
2 0.788628 0.568721 0.036169 0.033275
2 0.749566 0.563657 0.030382 0.031829
2 0.758970 0.615741 0.046296 0.054977
2 0.808160 0.615017 0.040509 0.039062
2 0.831308 0.588976 0.028935 0.039062
