1 0.564715 0.318680 0.095616 0.080457
1 0.394473 0.042910 0.072295 0.079291
1 0.557136 0.037080 0.073461 0.060634
1 0.320429 0.048158 0.073461 0.064132
2 0.178172 0.735541 0.061800 0.062966
2 0.023671 0.913363 0.044310 0.059468
2 0.809585 0.237640 0.055970 0.055970
2 0.791511 0.034165 0.054804 0.059468
2 0.913363 0.569380 0.076959 0.075793
2 0.849813 0.520989 0.073461 0.067631
2 0.946595 0.529734 0.064132 0.064132
2 0.932603 0.947761 0.082789 0.067631
2 0.039995 0.160098 0.074627 0.075793
2 0.899370 0.277868 0.072295 0.080457
2 0.859725 0.595616 0.069963 0.076959
2 0.195662 0.658582 0.064132 0.062966
2 0.147854 0.202659 0.059468 0.055970
2 0.116954 0.759445 0.051306 0.047808
2 0.802006 0.588036 0.043144 0.050140
2 0.470266 0.053405 0.055970 0.062966
2 0.261544 0.224813 0.067631 0.058302
