2 0.193138 0.797197 0.072487 0.038660
2 0.227771 0.763370 0.067655 0.057990
2 0.310728 0.777062 0.053157 0.066044
2 0.350193 0.825387 0.057990 0.053157
2 0.412210 0.726321 0.059601 0.051546
2 0.366302 0.705380 0.045103 0.048325
2 0.391269 0.671553 0.053157 0.051546
2 0.420264 0.634504 0.062822 0.061211
2 0.453286 0.685245 0.064433 0.040271
2 0.531411 0.673969 0.059601 0.062822
2 0.527384 0.613563 0.077320 0.077320
2 0.594233 0.648196 0.059601 0.043492
2 0.583763 0.702964 0.057990 0.049936
2 0.667526 0.626450 0.041881 0.061211
2 0.702964 0.611952 0.051546 0.048325
2 0.766591 0.628061 0.049936 0.045103
2 0.816527 0.633698 0.046714 0.053157
2 0.822165 0.533022 0.057990 0.038660
2 0.838273 0.901901 0.048325 0.038660
2 0.849549 0.852771 0.051546 0.030606
2 0.818943 0.873711 0.032216 0.043492
2 0.785921 0.598260 0.037049 0.049936
2 0.719878 0.577320 0.043492 0.033827
2 0.852771 0.508860 0.051546 0.048325
2 0.760954 0.548325 0.041881 0.056379
2 0.390464 0.148840 0.061211 0.059601
2 0.350193 0.127094 0.038660 0.074098
2 0.210052 0.194749 0.057990 0.064433
2 0.300258 0.111791 0.032216 0.043492
2 0.218106 0.063466 0.067655 0.075709
2 0.351804 0.057023 0.064433 0.056379
2 0.575709 0.110986 0.054768 0.045103
2 0.546714 0.092461 0.038660 0.049936
2 0.123142 0.036163 0.067504 0.072326
2 0.258376 0.023196 0.067655 0.043492
