2 0.036904 0.115543 0.030839 0.045230
2 0.156147 0.110917 0.049342 0.046258
2 0.214741 0.100637 0.055510 0.040090
2 0.238898 0.075452 0.044202 0.047286
2 0.233758 0.041016 0.048314 0.038035
2 0.271793 0.086760 0.044202 0.059622
2 0.380243 0.028680 0.057566 0.052426
2 0.431127 0.051295 0.058594 0.060650
2 0.390522 0.093956 0.043174 0.055510
2 0.414679 0.171053 0.048314 0.063734
2 0.503598 0.051295 0.069901 0.079153
2 0.558594 0.029708 0.064762 0.056538
2 0.613076 0.082648 0.064762 0.069901
2 0.571957 0.093442 0.042146 0.058594
2 0.625411 0.118627 0.048314 0.043174
2 0.675267 0.152035 0.065789 0.054482
2 0.692743 0.025082 0.061678 0.045230
2 0.564248 0.250720 0.051398 0.054482
2 0.637233 0.293894 0.039062 0.040090
2 0.670641 0.269737 0.052426 0.057566
2 0.407484 0.276419 0.054482 0.064762
2 0.379729 0.335012 0.056538 0.064762
2 0.319593 0.400802 0.074013 0.062706
2 0.315481 0.342208 0.065789 0.052426
2 0.259971 0.282586 0.055510 0.054482
2 0.238898 0.326275 0.064762 0.051398
2 0.244552 0.376645 0.059622 0.055510
2 0.182874 0.357113 0.055510 0.059622
2 0.080592 0.361739 0.035979 0.064762
2 0.036390 0.361739 0.038035 0.058594
2 0.084704 0.579153 0.052426 0.049342
2 0.100123 0.632093 0.060650 0.052426
2 0.134560 0.615132 0.037007 0.043174
2 0.160259 0.611020 0.041118 0.053454
2 0.195210 0.592002 0.041118 0.054482
2 0.251234 0.638775 0.048314 0.047286
2 0.210115 0.663446 0.054482 0.055510
2 0.260485 0.675781 0.056538 0.047286
2 0.027138 0.659848 0.048314 0.052426
2 0.062089 0.677323 0.042146 0.052426
2 0.120683 0.671669 0.056538 0.047286
2 0.121711 0.714844 0.062706 0.049342
2 0.055407 0.739515 0.049342 0.051398
2 0.105777 0.761102 0.063734 0.043174
2 0.044100 0.783717 0.045230 0.055510
2 0.083676 0.811472 0.058594 0.051398
2 0.025596 0.903988 0.049342 0.053454
2 0.063631 0.882915 0.047286 0.050370
2 0.209087 0.830489 0.038035 0.064762
2 0.195210 0.936883 0.065789 0.051398
2 0.207129 0.979749 0.054677 0.040502
2 0.249692 0.937397 0.045230 0.052426
2 0.282072 0.911698 0.050370 0.058594
2 0.321135 0.876748 0.064762 0.060650
2 0.357627 0.910156 0.053454 0.049342
2 0.395148 0.972348 0.064762 0.052426
2 0.890625 0.701480 0.052426 0.061678
2 0.931229 0.723581 0.049342 0.056538
2 0.937911 0.951789 0.072985 0.077097
