2 0.616319 0.246528 0.173611 0.208333
2 0.758681 0.048032 0.164352 0.082176
2 0.934028 0.080440 0.091435 0.112269
2 0.947049 0.237929 0.105903 0.181877
2 0.880787 0.734954 0.193287 0.194444
2 0.781250 0.581019 0.103009 0.118056
2 0.940394 0.614005 0.118056 0.107639
2 0.677083 0.685764 0.160880 0.163194
2 0.685185 0.923611 0.174769 0.148148
2 0.380787 0.914352 0.211806 0.155093
2 0.207176 0.685185 0.109954 0.104167
2 0.164352 0.343171 0.077546 0.098380
2 0.213542 0.186921 0.046296 0.075231
0 0.179977 0.871528 0.180556 0.196759
0 0.333333 0.279514 0.109954 0.091435
0 0.243634 0.543403 0.185185 0.153935
0 0.443866 0.554977 0.150463 0.163194
0 0.620949 0.495370 0.192130 0.145833
0 0.543981 0.694444 0.098380 0.159722
0 0.925347 0.912616 0.125000 0.126157
1 0.324074 0.676505 0.133102 0.089120
0 0.539352 0.913773 0.079861 0.123843
