2 0.244038 0.708676 0.075041 0.071957
1 0.186986 0.795025 0.059622 0.067845
1 0.245580 0.787829 0.061678 0.055510
2 0.207545 0.511822 0.069901 0.058594
2 0.270765 0.476871 0.058594 0.066817
1 0.053865 0.793483 0.060650 0.056538
2 0.817126 0.432155 0.071957 0.078125
2 0.846423 0.620785 0.070929 0.075041
2 0.779605 0.659334 0.052426 0.061678
2 0.588919 0.578125 0.059622 0.067845
2 0.608450 0.531353 0.055510 0.040090
2 0.770868 0.541632 0.049342 0.060650
2 0.825863 0.534437 0.066817 0.075041
2 0.715872 0.455798 0.060650 0.055510
2 0.759560 0.379729 0.063734 0.069901
2 0.845909 0.311883 0.055510 0.071957
2 0.897821 0.296464 0.058594 0.076069
2 0.960012 0.248664 0.053454 0.064762
2 0.903988 0.212171 0.060650 0.059622
2 0.830489 0.249692 0.053454 0.058594
2 0.772410 0.204975 0.077097 0.069901
2 0.862870 0.148437 0.064762 0.061678
2 0.945107 0.127878 0.058594 0.059622
2 0.858244 0.076480 0.055510 0.069901
2 0.790913 0.055921 0.058594 0.059622
2 0.700452 0.145354 0.050370 0.047286
2 0.654708 0.162829 0.043174 0.051398
