2 0.290296 0.125411 0.046053 0.042763
2 0.295230 0.160773 0.041118 0.032895
2 0.301398 0.071135 0.038651 0.034539
2 0.319901 0.101974 0.049342 0.040296
2 0.329359 0.064556 0.045230 0.037829
2 0.377056 0.061266 0.043586 0.049342
2 0.371299 0.138980 0.048520 0.040296
2 0.375000 0.222451 0.041118 0.034539
2 0.400905 0.258635 0.041941 0.037829
2 0.427632 0.227796 0.044408 0.038651
2 0.425576 0.150493 0.046875 0.037007
2 0.468339 0.138158 0.041941 0.040296
2 0.417352 0.043997 0.046875 0.037829
2 0.401316 0.025905 0.039474 0.029605
2 0.442023 0.071957 0.045230 0.041118
2 0.479030 0.046464 0.051809 0.042763
2 0.525493 0.060033 0.041118 0.040296
2 0.497533 0.089638 0.044408 0.040296
2 0.523438 0.025082 0.043586 0.036184
2 0.559211 0.039885 0.037829 0.029605
2 0.568257 0.068668 0.047697 0.036184
2 0.595806 0.047286 0.033717 0.026316
2 0.620888 0.074424 0.042763 0.036184
2 0.844984 0.331826 0.033717 0.032895
2 0.855674 0.358141 0.018914 0.036184
2 0.343750 0.382812 0.042763 0.037829
2 0.205181 0.788651 0.043586 0.035362
2 0.925082 0.508870 0.040257 0.035480
2 0.988878 0.436886 0.020469 0.027975
2 0.874591 0.524563 0.038892 0.035480
2 0.988196 0.543668 0.021834 0.015011
2 0.901542 0.655909 0.036845 0.025246
2 0.860603 0.609853 0.035480 0.017740
2 0.830581 0.611558 0.030022 0.022516
2 0.780016 0.462582 0.053454 0.046053
2 0.748355 0.493832 0.046053 0.041118
2 0.727385 0.521382 0.038651 0.037007
2 0.687500 0.500000 0.044408 0.038651
2 0.675987 0.473684 0.042763 0.041941
2 0.712993 0.469984 0.037829 0.039474
2 0.722451 0.442023 0.040296 0.034539
2 0.766447 0.430510 0.044408 0.037829
2 0.900082 0.919408 0.046875 0.040296
2 0.884046 0.893503 0.042763 0.031250
2 0.762747 0.907072 0.046875 0.033717
2 0.689967 0.984375 0.042763 0.030428
2 0.648849 0.983141 0.044408 0.031250
2 0.548931 0.942023 0.040296 0.046053
2 0.673520 0.745888 0.046053 0.037007
2 0.697368 0.696957 0.041118 0.041118
2 0.725329 0.701480 0.032895 0.041941
2 0.637336 0.673520 0.047697 0.041941
2 0.648438 0.703536 0.041941 0.029605
2 0.577303 0.667352 0.037829 0.029605
2 0.559211 0.702714 0.039474 0.036184
2 0.437089 0.935444 0.038651 0.039474
2 0.275082 0.423520 0.041941 0.030428
2 0.433799 0.421464 0.053454 0.047697
2 0.445312 0.448602 0.040296 0.037829
2 0.397615 0.432977 0.040296 0.036184
2 0.407895 0.478207 0.039474 0.034539
2 0.377467 0.498766 0.036184 0.037829
2 0.374178 0.461760 0.037829 0.032895
2 0.363487 0.427220 0.037829 0.039474
2 0.279194 0.453947 0.043586 0.032072
2 0.335115 0.444079 0.035362 0.025493
2 0.467516 0.593339 0.041941 0.037829
2 0.433388 0.643503 0.049342 0.046053
2 0.416118 0.670641 0.039474 0.034539
0 0.481497 0.696957 0.040296 0.037829
2 0.381990 0.660362 0.043586 0.035362
2 0.371711 0.696957 0.049342 0.041118
2 0.335526 0.636513 0.041118 0.046875
2 0.258635 0.876234 0.053454 0.041118
2 0.230263 0.826891 0.031250 0.032895
2 0.224095 0.915296 0.041941 0.032072
2 0.229030 0.953947 0.028783 0.028783
2 0.237253 0.981497 0.041941 0.031250
2 0.350329 0.942023 0.039474 0.039474
2 0.375411 0.917352 0.045230 0.037829
2 0.305099 0.943668 0.052632 0.039474
2 0.335526 0.976151 0.054276 0.037007
2 0.283717 0.978207 0.046053 0.039474
