2 0.309659 0.162642 0.156250 0.140625
2 0.225142 0.203125 0.115057 0.142045
2 0.358665 0.286932 0.171875 0.153409
2 0.537642 0.268466 0.154830 0.139205
2 0.907670 0.095881 0.125000 0.137784
2 0.578125 0.429688 0.164773 0.200284
2 0.649148 0.274148 0.125000 0.122159
2 0.950284 0.936080 0.053977 0.045455
2 0.972301 0.962358 0.046875 0.061080
2 0.683239 0.852273 0.065341 0.073864
2 0.409801 0.974432 0.092330 0.048295
2 0.347301 0.977273 0.089489 0.042614
2 0.247869 0.779119 0.075284 0.066761
2 0.127131 0.973011 0.083807 0.048295
2 0.059659 0.975142 0.088068 0.041193
1 0.264915 0.887784 0.092330 0.090909
1 0.264915 0.965909 0.112216 0.056818
1 0.705966 0.913352 0.110795 0.090909
1 0.907670 0.952415 0.096591 0.092330
1 0.463778 0.862216 0.086648 0.059659
1 0.357244 0.794034 0.058239 0.076705
1 0.312500 0.769176 0.076705 0.072443
1 0.344460 0.884233 0.092330 0.063920
0 0.656960 0.951705 0.149148 0.088068
0 0.181108 0.937500 0.126420 0.085227
0 0.137074 0.897017 0.100852 0.103693
0 0.418324 0.922585 0.092330 0.083807
