2 0.696521 0.594233 0.077320 0.077320
2 0.828608 0.845522 0.090206 0.054768
2 0.850354 0.632088 0.066044 0.078930
2 0.569265 0.296231 0.067655 0.054768
2 0.458924 0.274485 0.062822 0.072487
2 0.612758 0.205219 0.057990 0.078930
2 0.540271 0.173808 0.067655 0.074098
2 0.737597 0.177030 0.056379 0.054768
2 0.814916 0.189111 0.049936 0.059601
2 0.665110 0.075548 0.062822 0.057990
2 0.582957 0.063466 0.069265 0.066044
2 0.621794 0.022471 0.068911 0.044942
2 0.698131 0.035277 0.077320 0.064433
2 0.787532 0.073131 0.066044 0.078930
2 0.846327 0.095683 0.045103 0.072487
2 0.775451 0.621617 0.057990 0.086985
2 0.906733 0.823776 0.066044 0.072487
2 0.836662 0.792365 0.061211 0.070876
2 0.548325 0.880155 0.057990 0.059601
2 0.591817 0.875322 0.051546 0.043492
2 0.610341 0.834246 0.059601 0.061211
2 0.669942 0.802030 0.059601 0.064433
2 0.696521 0.748067 0.077320 0.085374
2 0.834246 0.698937 0.066044 0.064433
2 0.723905 0.829414 0.080541 0.045103
2 0.966334 0.408183 0.066044 0.049936
2 0.675580 0.175419 0.051546 0.051546
2 0.628061 0.131927 0.056379 0.054768
2 0.708602 0.123067 0.088595 0.043492
