0 0.135156 0.382031 0.073438 0.082812
0 0.035156 0.462500 0.067187 0.071875
0 0.025000 0.530469 0.046875 0.064062
0 0.304688 0.405469 0.078125 0.095312
0 0.326562 0.310156 0.071875 0.057813
0 0.506250 0.305469 0.081250 0.079687
0 0.528125 0.446094 0.043750 0.060937
0 0.288281 0.518750 0.048438 0.046875
0 0.053125 0.776563 0.103125 0.106250
0 0.097656 0.885938 0.098437 0.093750
0 0.027344 0.869531 0.045312 0.092188
0 0.144531 0.817969 0.073438 0.070312
0 0.191406 0.872656 0.073438 0.089063
0 0.278125 0.712500 0.084375 0.053125
0 0.193750 0.714844 0.062500 0.064062
0 0.146875 0.701562 0.043750 0.084375
0 0.250781 0.917188 0.045312 0.081250
0 0.208594 0.938281 0.042188 0.045312
0 0.358594 0.867969 0.048438 0.057813
0 0.421875 0.973437 0.050000 0.053125
0 0.334375 0.958594 0.062500 0.042188
0 0.482812 0.978125 0.053125 0.043750
0 0.598437 0.746094 0.053125 0.064062
0 0.675000 0.776563 0.062500 0.065625
0 0.685937 0.823438 0.068750 0.062500
0 0.964844 0.860156 0.070312 0.092188
0 0.660156 0.595313 0.070312 0.062500
0 0.603125 0.586719 0.056250 0.064062
0 0.718750 0.317969 0.059375 0.057813
0 0.729688 0.376563 0.053125 0.059375
0 0.727344 0.424219 0.057813 0.039062
0 0.707031 0.457031 0.042188 0.064062
0 0.755469 0.475781 0.045312 0.057813
0 0.703125 0.516406 0.037500 0.064062
1 0.059375 0.322656 0.059375 0.051562
1 0.433594 0.120313 0.054688 0.062500
1 0.250781 0.028906 0.048438 0.048438
0 0.297656 0.033594 0.042188 0.064062
1 0.340625 0.525000 0.050000 0.059375
1 0.200000 0.757031 0.059375 0.060937
1 0.523438 0.767969 0.062500 0.076563
2 0.409375 0.715625 0.046875 0.065625
2 0.352344 0.747656 0.057813 0.089063
2 0.417187 0.793750 0.043750 0.031250
2 0.291406 0.929688 0.057813 0.059375
2 0.512500 0.642969 0.037500 0.032813
2 0.439063 0.636719 0.078125 0.079687
2 0.503906 0.708594 0.048438 0.048438
2 0.548438 0.667969 0.034375 0.032813
2 0.542188 0.703125 0.040625 0.050000
2 0.616406 0.695312 0.060937 0.062500
2 0.919531 0.766406 0.045312 0.057813
2 0.857031 0.757812 0.035937 0.050000
2 0.379688 0.928125 0.065625 0.053125
2 0.184375 0.440625 0.046875 0.059375
2 0.221094 0.247656 0.057813 0.051562
2 0.517188 0.046875 0.050000 0.062500
2 0.470313 0.087500 0.046875 0.043750
2 0.135156 0.246094 0.073438 0.035937
2 0.099219 0.335156 0.032813 0.032813
2 0.066406 0.548438 0.051562 0.059375
2 0.023438 0.679688 0.043750 0.090625
2 0.889844 0.749219 0.029687 0.054688
