2 0.115885 0.229167 0.039062 0.031250
2 0.093750 0.191406 0.044271 0.033854
2 0.086589 0.109375 0.035156 0.039062
2 0.056641 0.123047 0.048177 0.040365
2 0.299479 0.069010 0.052083 0.052083
2 0.335286 0.061198 0.040365 0.036458
2 0.395182 0.115234 0.040365 0.035156
2 0.540365 0.090495 0.028646 0.032552
2 0.098958 0.070964 0.036458 0.035156
2 0.063151 0.037109 0.045573 0.027344
2 0.255859 0.363932 0.042969 0.053385
2 0.239583 0.464844 0.046875 0.041667
2 0.247396 0.414714 0.039062 0.035156
2 0.210286 0.148438 0.042969 0.049479
2 0.734375 0.058594 0.031250 0.031250
2 0.713542 0.253906 0.031250 0.046875
2 0.521484 0.452474 0.050781 0.042969
2 0.524089 0.743490 0.042969 0.046875
2 0.522135 0.781250 0.036458 0.041667
2 0.483724 0.817708 0.037760 0.039062
2 0.498047 0.755208 0.037760 0.033854
2 0.195964 0.494141 0.032552 0.040365
2 0.198568 0.462891 0.048177 0.042969
2 0.644531 0.270182 0.036458 0.040365
2 0.746094 0.348307 0.036458 0.048177
2 0.722005 0.138672 0.040365 0.035156
2 0.812500 0.298177 0.036458 0.036458
2 0.825521 0.436849 0.036458 0.029948
2 0.778646 0.875651 0.049479 0.022135
2 0.794271 0.842448 0.052083 0.039062
2 0.715495 0.925781 0.037760 0.036458
2 0.794271 0.952474 0.036458 0.032552
2 0.877604 0.967448 0.036458 0.023438
2 0.819661 0.516927 0.037760 0.031250
2 0.787760 0.496094 0.041667 0.049479
2 0.770833 0.431641 0.041667 0.053385
2 0.770833 0.076172 0.044271 0.042969
2 0.477865 0.046875 0.036458 0.044271
2 0.807943 0.069661 0.040365 0.040365
2 0.763672 0.017578 0.050781 0.035156
2 0.730469 0.022135 0.039062 0.036458
2 0.291667 0.351562 0.026042 0.039062
2 0.852214 0.121745 0.058594 0.042969
2 0.845052 0.061198 0.031250 0.041667
2 0.876302 0.596354 0.031250 0.026042
2 0.907552 0.605469 0.033854 0.026042
2 0.872396 0.569010 0.033854 0.026042
2 0.908854 0.580729 0.041667 0.026042
2 0.891276 0.514974 0.037760 0.035156
2 0.847005 0.499349 0.035156 0.042969
2 0.781250 0.928385 0.028646 0.031250
2 0.842448 0.971354 0.031250 0.031250
2 0.804036 0.888021 0.027344 0.023438
2 0.781250 0.909505 0.033854 0.024740
2 0.748047 0.959635 0.029948 0.028646
2 0.742839 0.935547 0.022135 0.019531
2 0.748047 0.910807 0.024740 0.029948
2 0.393880 0.438802 0.035156 0.031250
2 0.407552 0.474609 0.026042 0.040365
2 0.366536 0.347005 0.037760 0.037760
2 0.255208 0.155599 0.039062 0.037760
2 0.554688 0.471354 0.033854 0.041667
2 0.973958 0.864583 0.036458 0.046875
2 0.768229 0.161458 0.039062 0.039062
2 0.683594 0.240234 0.036458 0.032552
2 0.940104 0.902344 0.031250 0.031250
2 0.209635 0.102214 0.046875 0.042969
