2 0.349059 0.182191 0.059163 0.063714
2 0.421117 0.171572 0.066748 0.063714
2 0.321754 0.648665 0.062197 0.065231
2 0.373331 0.685073 0.062197 0.059163
2 0.369539 0.736650 0.075850 0.059163
2 0.277761 0.807949 0.065231 0.056129
2 0.220115 0.804915 0.056129 0.056129
2 0.191292 0.854976 0.059163 0.047027
2 0.524272 0.673695 0.066748 0.060680
2 0.468902 0.665352 0.056129 0.062197
2 0.580400 0.716171 0.072816 0.054612
2 0.581159 0.826153 0.065231 0.056129
2 0.497725 0.166262 0.062197 0.068265
2 0.375607 0.107100 0.066748 0.068265
2 0.440837 0.097239 0.069782 0.072816
2 0.493932 0.273968 0.075850 0.068265
2 0.290655 0.604672 0.060680 0.059163
2 0.484072 0.817809 0.068265 0.066748
2 0.480279 0.757130 0.063714 0.060680
2 0.467385 0.940686 0.062197 0.054612
2 0.452215 0.883799 0.062197 0.053095
2 0.810225 0.108617 0.062197 0.056129
2 0.785953 0.061590 0.053095 0.053095
2 0.754854 0.123786 0.051578 0.062197
2 0.809466 0.289138 0.060680 0.056129
2 0.795055 0.240595 0.056129 0.059163
2 0.144266 0.783677 0.050061 0.050061
2 0.789745 0.543234 0.060680 0.057646
2 0.584951 0.281553 0.072816 0.065231
2 0.255765 0.713137 0.054612 0.051578
2 0.540959 0.870146 0.054612 0.062197
2 0.270176 0.883799 0.053095 0.059163
