0 0.520695 0.428601 0.057947 0.055877
2 0.523282 0.430153 0.073469 0.071399
2 0.496896 0.468440 0.053808 0.040356
2 0.557947 0.501035 0.060017 0.066225
2 0.634520 0.495861 0.064156 0.066225
2 0.875103 0.656250 0.052773 0.086921
2 0.949607 0.680567 0.058982 0.083816
2 0.947537 0.809396 0.069329 0.064156
2 0.795944 0.811465 0.072434 0.074503
2 0.789218 0.897351 0.081747 0.076573
2 0.867343 0.939776 0.053808 0.068295
2 0.689363 0.889590 0.076573 0.077608
2 0.626242 0.919599 0.070364 0.054843
2 0.726097 0.700228 0.073469 0.075538
2 0.743688 0.766453 0.085886 0.071399
2 0.662976 0.722993 0.065190 0.065190
2 0.641763 0.780422 0.066225 0.068295
2 0.590025 0.725062 0.057947 0.052773
2 0.570364 0.769557 0.060017 0.061051
2 0.538286 0.667115 0.055877 0.071399
2 0.578642 0.603994 0.057947 0.073469
2 0.430153 0.462748 0.077608 0.091060
2 0.342198 0.508796 0.081747 0.085886
2 0.408940 0.548634 0.047599 0.053808
2 0.456540 0.625207 0.060017 0.066225
2 0.456022 0.747827 0.075538 0.063121
2 0.424979 0.851304 0.094164 0.081747
2 0.522765 0.835265 0.080712 0.101407
2 0.505174 0.944433 0.088990 0.092094
2 0.297185 0.943398 0.080712 0.067260
2 0.344785 0.877173 0.097268 0.100373
2 0.270799 0.895799 0.073469 0.083816
2 0.186465 0.841991 0.103477 0.096233
2 0.092301 0.860099 0.082781 0.078642
2 0.034768 0.825045 0.069536 0.065970
2 0.059189 0.755588 0.091060 0.084851
2 0.129553 0.801118 0.049669 0.049669
2 0.251656 0.770075 0.130381 0.084851
2 0.313224 0.699710 0.098303 0.093129
2 0.386693 0.698158 0.090025 0.106581
2 0.326676 0.646937 0.106581 0.078642
2 0.238204 0.608651 0.099338 0.099338
2 0.140418 0.592612 0.079677 0.100373
2 0.186983 0.692984 0.075538 0.063121
2 0.109375 0.692467 0.071399 0.066225
2 0.043150 0.678498 0.085886 0.052773
2 0.313742 0.170944 0.057947 0.047599
2 0.344267 0.238204 0.048634 0.055877
2 0.349441 0.277525 0.090025 0.060017
2 0.405319 0.199400 0.073469 0.102442
2 0.512417 0.195778 0.060017 0.074503
2 0.583816 0.177152 0.068295 0.068295
2 0.638659 0.066432 0.113825 0.084851
2 0.709541 0.129553 0.085886 0.091060
2 0.478270 0.074710 0.107616 0.080712
2 0.386175 0.047289 0.107616 0.077608
2 0.233030 0.054532 0.084851 0.079677
2 0.198365 0.100062 0.085886 0.087955
2 0.095923 0.108858 0.092094 0.082781
2 0.066432 0.353580 0.095199 0.125207
