2 0.885110 0.037684 0.086397 0.069853
2 0.777574 0.018382 0.091912 0.031250
2 0.253676 0.203125 0.069853 0.080882
2 0.185662 0.174632 0.069853 0.071691
2 0.210478 0.095588 0.075368 0.079044
2 0.264706 0.028493 0.055147 0.051471
2 0.154412 0.090993 0.058824 0.047794
2 0.056066 0.427390 0.049632 0.047794
2 0.028493 0.484375 0.053309 0.077206
2 0.053309 0.543199 0.084559 0.069853
2 0.212316 0.600184 0.068015 0.062500
2 0.240809 0.804228 0.084559 0.062500
2 0.300551 0.841912 0.056985 0.056985
2 0.309743 0.573529 0.068015 0.064338
2 0.340074 0.629596 0.066176 0.073529
2 0.380515 0.568015 0.069853 0.071691
2 0.357537 0.481618 0.064338 0.075368
2 0.289522 0.488971 0.068015 0.064338
2 0.290441 0.443934 0.062500 0.051471
2 0.353860 0.721507 0.075368 0.077206
2 0.364890 0.784007 0.086397 0.062500
2 0.397978 0.838235 0.082721 0.075368
2 0.364890 0.888787 0.060662 0.055147
2 0.377757 0.963235 0.097426 0.071691
