2 0.254946 0.770908 0.051709 0.049460
2 0.252136 0.822055 0.030351 0.055081
2 0.344312 0.787770 0.041592 0.051709
2 0.298786 0.781587 0.040468 0.043840
2 0.022819 0.695594 0.041592 0.058453
2 0.170076 0.539344 0.037095 0.049460
2 0.112185 0.551147 0.042716 0.037095
2 0.054294 0.524730 0.037095 0.033723
2 0.123426 0.481452 0.033723 0.048336
2 0.082959 0.394897 0.049460 0.037095
2 0.178507 0.415130 0.040468 0.037095
2 0.213354 0.416254 0.026978 0.041592
2 0.242581 0.440423 0.035971 0.042716
2 0.022819 0.387028 0.032599 0.057329
