2 0.020221 0.421153 0.040441 0.041886
2 0.022978 0.456145 0.045956 0.056460
2 0.060662 0.457721 0.062500 0.056985
2 0.082721 0.418199 0.069853 0.036765
2 0.072610 0.386029 0.049632 0.045956
2 0.135110 0.443934 0.068015 0.055147
2 0.224265 0.389706 0.062500 0.064338
2 0.189338 0.464154 0.051471 0.055147
2 0.219669 0.511029 0.056985 0.053309
2 0.197610 0.516544 0.053309 0.049632
2 0.234375 0.467831 0.056985 0.055147
2 0.276654 0.455882 0.064338 0.056985
2 0.965993 0.585478 0.053309 0.036765
2 0.938419 0.546875 0.045956 0.044118
2 0.906250 0.546875 0.040441 0.066176
2 0.873162 0.505515 0.058824 0.049632
2 0.826287 0.494485 0.038603 0.053309
2 0.973346 0.465993 0.045956 0.047794
