2 0.501736 0.453125 0.081019 0.075231
2 0.544560 0.352431 0.087963 0.075231
2 0.579282 0.417245 0.069444 0.065972
2 0.675347 0.434606 0.085648 0.077546
2 0.707176 0.552662 0.063657 0.063657
2 0.833912 0.609954 0.078704 0.081019
2 0.929398 0.642361 0.086806 0.083333
2 0.684028 0.743056 0.068287 0.064815
2 0.598380 0.754630 0.061343 0.071759
2 0.665509 0.837384 0.065972 0.061343
2 0.723958 0.817708 0.050926 0.070602
2 0.425926 0.956597 0.089120 0.065972
2 0.067708 0.645833 0.064815 0.053241
2 0.089699 0.708333 0.111111 0.057870
2 0.369792 0.379630 0.067130 0.076389
2 0.458333 0.373843 0.072917 0.064815
2 0.937500 0.123264 0.072917 0.089120
2 0.750579 0.155671 0.085648 0.070602
2 0.671875 0.148148 0.106481 0.097222
2 0.061921 0.193287 0.048611 0.055556
1 0.185764 0.246528 0.094907 0.083333
1 0.759259 0.230903 0.105324 0.082176
1 0.184606 0.181134 0.050926 0.063657
