2 0.451705 0.836648 0.076705 0.079545
2 0.531250 0.598722 0.093750 0.086648
2 0.596591 0.551847 0.073864 0.086648
2 0.651278 0.563920 0.072443 0.093750
2 0.732955 0.605114 0.113636 0.090909
2 0.738636 0.688210 0.096591 0.092330
2 0.806108 0.681108 0.063920 0.083807
2 0.833807 0.616477 0.079545 0.085227
2 0.852983 0.535511 0.075284 0.093750
2 0.794034 0.547585 0.071023 0.080966
2 0.745028 0.493608 0.072443 0.078125
2 0.903409 0.482244 0.088068 0.083807
2 0.931108 0.566761 0.095170 0.088068
2 0.884943 0.654830 0.088068 0.088068
2 0.960938 0.465199 0.069602 0.103693
2 0.980114 0.514512 0.039773 0.068796
2 0.357955 0.484375 0.056818 0.059659
2 0.154119 0.617898 0.055398 0.053977
2 0.204545 0.041903 0.073864 0.055398
2 0.321023 0.710938 0.062500 0.058239
2 0.446733 0.034801 0.061080 0.066761
2 0.447443 0.574574 0.068182 0.058239
