2 0.177006 0.517491 0.114272 0.100280
2 0.338503 0.468517 0.122435 0.114272
2 0.290112 0.569963 0.095616 0.083955
2 0.742537 0.388643 0.123601 0.101446
2 0.646922 0.418377 0.079291 0.074627
2 0.716301 0.477262 0.106110 0.108442
2 0.723298 0.642840 0.085121 0.092118
2 0.676656 0.670243 0.066465 0.095616
2 0.728545 0.741371 0.086287 0.072295
2 0.322178 0.660331 0.099114 0.071129
2 0.260961 0.502915 0.069963 0.064132
2 0.630014 0.207323 0.096782 0.081623
2 0.101796 0.442281 0.078125 0.071129
2 0.083139 0.525653 0.087453 0.095616
