2 0.788596 0.186917 0.088619 0.089785
2 0.788013 0.375233 0.094450 0.088619
2 0.955340 0.352495 0.081623 0.087453
2 0.894123 0.374067 0.089785 0.090951
2 0.810168 0.502332 0.101446 0.093284
2 0.856227 0.444030 0.055970 0.062966
2 0.957264 0.457135 0.085471 0.079848
2 0.965427 0.696426 0.069146 0.085016
2 0.789762 0.877799 0.081623 0.086287
2 0.852729 0.800840 0.086287 0.090951
2 0.918610 0.858559 0.087453 0.087453
2 0.863806 0.914529 0.085121 0.078125
2 0.930271 0.943097 0.082789 0.086287
2 0.775770 0.802589 0.088619 0.080457
2 0.954757 0.785681 0.085121 0.083955
2 0.394473 0.788013 0.074627 0.069963
2 0.406716 0.878382 0.082789 0.075793
2 0.831740 0.308769 0.083955 0.069963
2 0.891208 0.215485 0.081623 0.065299
2 0.961346 0.156204 0.077309 0.075001
2 0.919193 0.131530 0.095616 0.102612
2 0.611357 0.311684 0.060634 0.089785
2 0.203825 0.040578 0.057136 0.053638
2 0.102379 0.018424 0.052472 0.034981
2 0.534981 0.331507 0.061800 0.075793
2 0.567631 0.274953 0.064132 0.060634
2 0.362407 0.930271 0.073461 0.086287
