1 0.211227 0.056134 0.078704 0.068287
2 0.108796 0.091435 0.082176 0.064815
0 0.053241 0.278935 0.082176 0.087963
2 0.293981 0.234954 0.072917 0.069444
2 0.240162 0.315394 0.081019 0.082176
2 0.462384 0.321181 0.055556 0.072917
2 0.508681 0.364583 0.046296 0.057870
2 0.427662 0.350116 0.039352 0.049769
2 0.471065 0.379630 0.033565 0.039352
2 0.855324 0.457176 0.093750 0.083333
2 0.877894 0.519676 0.085648 0.048611
1 0.655671 0.546875 0.090278 0.070602
1 0.607639 0.656250 0.123843 0.125000
2 0.796875 0.634259 0.180556 0.134259
2 0.130208 0.554398 0.245370 0.284722
2 0.570023 0.852431 0.152778 0.075231
2 0.746528 0.918981 0.146991 0.148148
2 0.781250 0.758681 0.218750 0.167824
2 0.745370 0.533565 0.086806 0.071759
2 0.604745 0.057870 0.187500 0.108796
0 0.160301 0.747106 0.277778 0.144676
0 0.080440 0.876157 0.148148 0.199074
0 0.384838 0.847222 0.173611 0.263889
0 0.446181 0.682292 0.145833 0.190972
0 0.360532 0.548611 0.064815 0.048611
0 0.211806 0.405671 0.077546 0.068287
0 0.272569 0.383102 0.071759 0.071759
0 0.911458 0.331019 0.106481 0.115741
0 0.981771 0.334952 0.036458 0.107404
0 0.764468 0.157407 0.277778 0.178241
