1 0.016406 0.060156 0.029687 0.076563
1 0.064844 0.085938 0.076563 0.078125
1 0.100781 0.031250 0.126562 0.053125
1 0.081250 0.423438 0.093750 0.050000
1 0.057813 0.476562 0.093750 0.075000
1 0.016406 0.539062 0.029687 0.121875
1 0.070312 0.576562 0.100000 0.128125
1 0.189062 0.477344 0.121875 0.107813
1 0.160156 0.577344 0.085938 0.098437
1 0.379688 0.088281 0.093750 0.095312
1 0.423438 0.032031 0.125000 0.057813
1 0.459375 0.100000 0.078125 0.071875
1 0.533594 0.066406 0.089063 0.107813
1 0.418750 0.177344 0.109375 0.089063
1 0.708594 0.139063 0.104688 0.071875
1 0.744531 0.216406 0.123438 0.095312
1 0.656250 0.279687 0.115625 0.121875
1 0.771875 0.336719 0.137500 0.145313
1 0.842187 0.242188 0.093750 0.118750
1 0.843750 0.151562 0.096875 0.100000
1 0.932813 0.237500 0.096875 0.146875
2 0.950781 0.098437 0.098437 0.118750
