1 0.178212 0.093531 0.118007 0.126748
1 0.952360 0.448099 0.086320 0.134397
2 0.673733 0.625109 0.081949 0.071023
2 0.762238 0.628387 0.073208 0.090691
2 0.849650 0.536604 0.073208 0.103802
2 0.914663 0.642592 0.050262 0.042614
2 0.905376 0.679742 0.044799 0.040428
2 0.690122 0.942526 0.062281 0.026224
2 0.755135 0.887893 0.048077 0.043706
2 0.830529 0.903191 0.052448 0.028409
2 0.872596 0.898820 0.044799 0.048077
2 0.837085 0.942526 0.045892 0.017483
2 0.141608 0.972028 0.068837 0.050262
2 0.983556 0.606370 0.032889 0.136254
2 0.914117 0.581403 0.020760 0.014205
