2 0.041558 0.242839 0.058594 0.045573
2 0.165799 0.326389 0.059679 0.056424
2 0.119141 0.365451 0.053168 0.030382
2 0.148438 0.400174 0.061849 0.049913
2 0.201063 0.374674 0.069444 0.055339
2 0.218424 0.425130 0.065104 0.039062
2 0.240126 0.476128 0.067274 0.056424
2 0.239041 0.532552 0.065104 0.054253
2 0.596029 0.842339 0.065104 0.081380
2 0.538520 0.892253 0.075955 0.077040
2 0.822656 0.232813 0.071875 0.078125
2 0.929688 0.243750 0.073438 0.065625
2 0.904687 0.375000 0.082812 0.078125
2 0.728906 0.894531 0.056250 0.060937
2 0.819531 0.715625 0.081250 0.071875
2 0.860938 0.684375 0.070312 0.046875
2 0.296094 0.515625 0.040625 0.059375
2 0.653906 0.574219 0.075000 0.070312
2 0.822656 0.570312 0.078125 0.068750
2 0.973828 0.387181 0.049219 0.071238
2 0.884375 0.305469 0.070312 0.064062
2 0.956250 0.313281 0.076563 0.079687
2 0.828906 0.328125 0.075000 0.068750
2 0.770312 0.262500 0.070312 0.062500
2 0.664844 0.837500 0.062500 0.059375
2 0.646094 0.893750 0.056250 0.059375
2 0.596875 0.944531 0.064062 0.070312
2 0.660156 0.957031 0.059375 0.070312
2 0.719531 0.948438 0.068750 0.075000
2 0.875000 0.949219 0.067187 0.057813
