2 0.692011 0.651298 0.067121 0.068222
2 0.722821 0.718420 0.049516 0.048415
2 0.709617 0.765735 0.060519 0.052817
2 0.657901 0.735475 0.053917 0.080326
2 0.592430 0.573173 0.081426 0.079225
2 0.604533 0.621039 0.048415 0.058319
2 0.677707 0.589679 0.080326 0.077025
2 0.503301 0.467540 0.085827 0.070423
2 0.470290 0.351452 0.063820 0.071523
2 0.416923 0.145687 0.060519 0.045114
2 0.815801 0.191351 0.048415 0.081426
2 0.228213 0.737676 0.092430 0.089129
2 0.172095 0.786092 0.074824 0.082526
2 0.133583 0.765735 0.096831 0.077025
2 0.240867 0.824604 0.071523 0.062720
2 0.284331 0.876871 0.081426 0.074824
2 0.217210 0.889525 0.074824 0.060519
2 0.249670 0.932989 0.064921 0.037412
2 0.396567 0.920885 0.063820 0.044014
