2 0.089489 0.080966 0.051136 0.051136
2 0.132812 0.021307 0.046875 0.036932
2 0.132812 0.134233 0.041193 0.038352
2 0.318182 0.153409 0.051136 0.053977
2 0.203835 0.062500 0.041193 0.048295
2 0.166903 0.024148 0.038352 0.045455
2 0.370739 0.066051 0.051136 0.055398
2 0.365767 0.144886 0.049716 0.056818
2 0.398437 0.106534 0.044034 0.053977
2 0.436080 0.085938 0.042614 0.049716
2 0.477273 0.100142 0.048295 0.046875
2 0.477983 0.036932 0.044034 0.039773
2 0.523438 0.047585 0.035511 0.038352
2 0.568182 0.051847 0.042614 0.049716
2 0.604403 0.107244 0.044034 0.046875
2 0.558239 0.102983 0.039773 0.038352
2 0.630682 0.134233 0.051136 0.052557
2 0.663352 0.088068 0.048295 0.042614
2 0.661932 0.046165 0.045455 0.035511
2 0.567472 0.014205 0.041193 0.028409
2 0.963068 0.043324 0.048295 0.052557
2 0.504261 0.907670 0.056818 0.059659
2 0.470170 0.948153 0.034091 0.049716
2 0.460753 0.981534 0.046507 0.036932
2 0.546875 0.943892 0.045455 0.044034
2 0.611506 0.943892 0.052557 0.058239
2 0.662642 0.938920 0.072443 0.079545
2 0.575126 0.981534 0.082071 0.036932
2 0.041903 0.577415 0.044034 0.055398
2 0.052557 0.098011 0.036932 0.045455
