2 0.040243 0.090265 0.062950 0.046088
2 0.037995 0.126237 0.049460 0.048336
2 0.046425 0.171763 0.050585 0.071942
2 0.092513 0.178507 0.061826 0.053957
2 0.088017 0.136915 0.048336 0.056205
2 0.252136 0.143098 0.052833 0.055081
2 0.286421 0.085769 0.056205 0.059577
2 0.347684 0.116120 0.070818 0.055081
2 0.087455 0.293165 0.071942 0.074191
2 0.126237 0.247077 0.057329 0.056205
2 0.172887 0.267873 0.049460 0.068570
2 0.213916 0.269559 0.037095 0.058453
2 0.262253 0.243143 0.048336 0.059577
2 0.330823 0.216165 0.050585 0.046088
2 0.345436 0.176259 0.055081 0.038219
2 0.274618 0.297100 0.034847 0.043840
2 0.303282 0.266749 0.049460 0.057329
2 0.315085 0.328575 0.052833 0.059577
2 0.268997 0.348246 0.059577 0.051709
2 0.196493 0.320706 0.056205 0.055081
2 0.216727 0.387590 0.067446 0.062950
2 0.375225 0.408386 0.058453 0.059577
2 0.399955 0.476394 0.074191 0.092176
2 0.227968 0.499438 0.062950 0.052833
2 0.284173 0.503372 0.056205 0.053957
2 0.248201 0.569132 0.031475 0.032599
2 0.202113 0.554519 0.049460 0.046088
2 0.307217 0.555081 0.043840 0.056205
2 0.331385 0.586556 0.058453 0.062950
2 0.334195 0.644447 0.061826 0.061826
2 0.359487 0.698404 0.049460 0.068570
2 0.158835 0.668615 0.086556 0.080935
2 0.183004 0.695594 0.060701 0.051709
2 0.213354 0.764726 0.069694 0.055081
2 0.156587 0.748988 0.066322 0.061826
2 0.252698 0.698404 0.067446 0.073067
2 0.567446 0.645009 0.051709 0.074191
2 0.578687 0.523606 0.044964 0.069694
2 0.592176 0.574191 0.049460 0.049460
2 0.639951 0.699528 0.052833 0.059577
2 0.653440 0.641637 0.046088 0.047212
2 0.713017 0.628710 0.052833 0.043840
2 0.707959 0.580373 0.056205 0.066322
2 0.933341 0.448291 0.070818 0.047212
2 0.967626 0.453350 0.051709 0.086556
2 0.692783 0.121740 0.052833 0.039344
2 0.774281 0.180193 0.044964 0.046088
2 0.788332 0.133543 0.061826 0.042716
2 0.837230 0.158835 0.056205 0.037095
2 0.658498 0.167828 0.051709 0.061826
2 0.639951 0.124550 0.052833 0.080935
2 0.686039 0.047549 0.061826 0.055081
