2 0.237269 0.256944 0.084491 0.125000
2 0.311343 0.285301 0.084491 0.100694
2 0.326968 0.419560 0.094907 0.075231
2 0.322917 0.367477 0.082176 0.070602
2 0.221644 0.493634 0.092593 0.072917
2 0.132523 0.521412 0.108796 0.093750
2 0.151042 0.609375 0.106481 0.084491
2 0.251157 0.575810 0.114583 0.084491
2 0.168403 0.399306 0.085648 0.090278
2 0.057292 0.410301 0.094907 0.086806
2 0.159144 0.234954 0.074074 0.106481
2 0.096065 0.219907 0.077546 0.083333
2 0.086806 0.162037 0.091435 0.071759
2 0.101273 0.354167 0.069444 0.081019
