2 0.969300 0.021347 0.040713 0.034111
2 0.940141 0.123680 0.030810 0.034111
2 0.973151 0.129732 0.024208 0.050616
2 0.883473 0.161642 0.047315 0.033011
2 0.888974 0.205106 0.036312 0.036312
2 0.949494 0.163292 0.049516 0.042914
2 0.893376 0.257923 0.027509 0.049516
2 0.806448 0.274978 0.029710 0.037412
2 0.770687 0.327245 0.052817 0.056118
2 0.802047 0.365757 0.034111 0.051717
2 0.672755 0.155590 0.066021 0.056118
2 0.655700 0.111576 0.064921 0.053917
2 0.641395 0.081866 0.051717 0.049516
2 0.431228 0.129732 0.051717 0.050616
2 0.466439 0.164393 0.053917 0.051717
2 0.403719 0.131382 0.040713 0.049516
2 0.376761 0.140185 0.052817 0.047315
2 0.407020 0.176496 0.058319 0.047315
2 0.062060 0.214459 0.041813 0.041813
2 0.047205 0.255722 0.058319 0.045114
2 0.024098 0.224912 0.040713 0.051717
2 0.471941 0.533011 0.045114 0.049516
2 0.567672 0.504952 0.031910 0.033011
2 0.563820 0.475792 0.039613 0.045114
2 0.604533 0.513204 0.074824 0.049516
2 0.805898 0.268926 0.074824 0.069322
2 0.982504 0.555568 0.027509 0.050616
2 0.954996 0.581976 0.038512 0.061620
2 0.556668 0.548415 0.034111 0.031910
2 0.529710 0.531360 0.046215 0.039613
2 0.516505 0.495048 0.063820 0.061620
2 0.397117 0.532460 0.071523 0.059419
2 0.365207 0.659551 0.078125 0.069322
2 0.256272 0.529710 0.042914 0.036312
2 0.262874 0.567672 0.053917 0.044014
2 0.301937 0.558319 0.052817 0.040713
2 0.116527 0.873019 0.049516 0.071523
2 0.151188 0.939040 0.101232 0.058319
2 0.035651 0.834507 0.066021 0.089129
2 0.825704 0.856514 0.063820 0.067121
2 0.857614 0.831206 0.048415 0.064921
