2 0.313425 0.321649 0.224095 0.225123
2 0.233244 0.602796 0.185033 0.185033
2 0.075452 0.183902 0.149054 0.179893
2 0.138158 0.294922 0.169613 0.210732
2 0.077508 0.690173 0.151110 0.201480
2 0.090358 0.845395 0.172697 0.145970
2 0.306743 0.925062 0.196340 0.132607
2 0.456312 0.658306 0.156250 0.166530
2 0.380757 0.451686 0.251850 0.215872
2 0.569387 0.270765 0.209704 0.211760
2 0.560136 0.080592 0.236431 0.158306
2 0.777035 0.223993 0.137747 0.136719
2 0.806846 0.082648 0.137747 0.131579
2 0.920436 0.139700 0.118215 0.140831
