2 0.879557 0.655599 0.042969 0.058594
2 0.835938 0.667969 0.046875 0.041667
2 0.832682 0.614583 0.063802 0.046875
2 0.962891 0.729167 0.045573 0.057292
2 0.843099 0.828776 0.048177 0.055990
2 0.938151 0.824870 0.061198 0.048177
2 0.962240 0.237630 0.070312 0.076823
2 0.966146 0.304991 0.067708 0.089149
2 0.945964 0.173828 0.061198 0.082031
2 0.598307 0.749349 0.058594 0.048177
2 0.614583 0.885417 0.065104 0.059896
2 0.804688 0.846354 0.033854 0.044271
2 0.162109 0.430990 0.058594 0.052083
2 0.203125 0.423828 0.059896 0.053385
