2 0.724820 0.107689 0.074191 0.067446
2 0.854654 0.085207 0.073067 0.053957
2 0.872639 0.138040 0.073067 0.074191
2 0.915917 0.502248 0.044964 0.044964
2 0.877698 0.573067 0.038219 0.047212
2 0.941772 0.598921 0.038219 0.049460
2 0.914793 0.629834 0.047212 0.075315
2 0.674236 0.705710 0.110162 0.080935
2 0.624775 0.755171 0.071942 0.069694
2 0.531475 0.754609 0.087680 0.088804
2 0.252698 0.700090 0.067446 0.049460
2 0.231902 0.688849 0.057329 0.053957
2 0.164456 0.708521 0.043840 0.061826
2 0.204362 0.746178 0.053957 0.047212
2 0.190310 0.791704 0.068570 0.073067
2 0.130733 0.798449 0.046088 0.050585
2 0.092513 0.768660 0.057329 0.067446
2 0.411196 0.575877 0.067446 0.043840
