2 0.319020 0.123426 0.053957 0.058453
2 0.302158 0.058790 0.060701 0.048336
2 0.314336 0.018997 0.063324 0.037995
2 0.197617 0.160522 0.074191 0.071942
2 0.289793 0.177945 0.062950 0.050585
2 0.453912 0.333071 0.065198 0.061826
2 0.434240 0.387028 0.048336 0.055081
2 0.379721 0.375225 0.092176 0.069694
2 0.339254 0.413444 0.062950 0.056205
2 0.284173 0.395459 0.056205 0.038219
2 0.228530 0.441547 0.050585 0.060701
2 0.265625 0.460094 0.052833 0.057329
2 0.327451 0.485949 0.066322 0.070818
2 0.037995 0.542154 0.051709 0.059577
2 0.039119 0.487635 0.042716 0.047212
2 0.159397 0.698966 0.062950 0.074191
2 0.158835 0.790018 0.050585 0.053957
2 0.098134 0.816434 0.055081 0.059577
2 0.038557 0.793390 0.057329 0.069694
2 0.034060 0.727630 0.052833 0.059577
2 0.709645 0.462343 0.061826 0.052833
2 0.715827 0.520234 0.058453 0.056205
2 0.724258 0.573067 0.055081 0.053957
2 0.789456 0.516862 0.048336 0.065198
2 0.816996 0.487073 0.053957 0.052833
2 0.877136 0.464591 0.064074 0.066322
2 0.903552 0.524168 0.049460 0.057329
2 0.946268 0.510679 0.049460 0.052833
2 0.978305 0.550585 0.037095 0.042716
2 0.931093 0.571380 0.046088 0.041592
2 0.908049 0.607352 0.060701 0.043840
2 0.879384 0.686039 0.048336 0.075315
2 0.827675 0.740558 0.077563 0.069694
2 0.973808 0.768098 0.050585 0.064074
2 0.940647 0.878822 0.069694 0.060701
2 0.914291 0.937275 0.075435 0.062950
2 0.895508 0.977818 0.073940 0.032087
2 0.965262 0.910854 0.054408 0.054408
2 0.933873 0.640206 0.047433 0.043248
2 0.064035 0.580915 0.085100 0.058594
