2 0.059659 0.156906 0.044799 0.054633
2 0.107190 0.170017 0.056818 0.054633
2 0.105004 0.220280 0.074301 0.067745
2 0.178759 0.237216 0.066652 0.077579
2 0.056381 0.250328 0.071023 0.071023
2 0.111014 0.298951 0.077579 0.069930
2 0.068400 0.323536 0.064467 0.060096
2 0.245411 0.958370 0.053540 0.057911
2 0.330638 0.962740 0.053540 0.057911
2 0.389095 0.968204 0.050262 0.051355
2 0.179305 0.709244 0.052448 0.062281
2 0.227928 0.738746 0.057911 0.062281
2 0.901552 0.084790 0.041521 0.059003
2 0.893903 0.025787 0.054633 0.034965
2 0.332823 0.391281 0.057911 0.057911
2 0.321351 0.448099 0.080857 0.062281
2 0.513658 0.031796 0.037150 0.038243
2 0.091892 0.032343 0.050262 0.048077
2 0.136145 0.061298 0.053540 0.053540
2 0.136145 0.018138 0.036058 0.026224
