2 0.031250 0.046669 0.052426 0.061678
2 0.082648 0.143298 0.062706 0.037007
2 0.061575 0.203433 0.055510 0.042146
2 0.072882 0.231702 0.065789 0.041118
2 0.071854 0.280016 0.061678 0.059622
2 0.091900 0.018400 0.050370 0.035979
2 0.183388 0.027138 0.052426 0.037007
2 0.223993 0.055407 0.053454 0.044202
2 0.255345 0.028166 0.038035 0.049342
2 0.214227 0.869038 0.075041 0.069901
2 0.327303 0.917352 0.070929 0.057566
2 0.283100 0.943051 0.056538 0.067845
2 0.081106 0.945621 0.088405 0.064762
2 0.203947 0.911698 0.081209 0.054482
2 0.339638 0.967208 0.072985 0.050370
2 0.274363 0.982627 0.067845 0.029811
2 0.196842 0.983347 0.058775 0.033306
2 0.460938 0.961040 0.062706 0.056538
2 0.024568 0.154091 0.037007 0.058594
