1 0.310369 0.430398 0.100852 0.125000
1 0.249290 0.513494 0.123580 0.115057
1 0.372159 0.497869 0.093750 0.075284
1 0.355114 0.566761 0.099432 0.088068
1 0.341619 0.642045 0.132102 0.110795
1 0.476562 0.560369 0.095170 0.109375
1 0.535511 0.619318 0.125000 0.110795
1 0.624290 0.541193 0.115057 0.119318
1 0.700994 0.658381 0.120739 0.100852
1 0.608665 0.676136 0.092330 0.093750
1 0.683949 0.721591 0.120739 0.099432
1 0.760653 0.653409 0.063920 0.085227
1 0.552557 0.779830 0.107955 0.105114
1 0.584517 0.867898 0.123580 0.099432
1 0.389915 0.746449 0.115057 0.115057
1 0.253551 0.745028 0.112216 0.100852
1 0.198864 0.819602 0.119318 0.096591
1 0.327415 0.898437 0.123580 0.106534
1 0.384233 0.830966 0.117898 0.093750
1 0.818182 0.696023 0.068182 0.071023
1 0.917614 0.716619 0.085227 0.086648
1 0.941051 0.779830 0.078125 0.065341
