2 0.730339 0.018599 0.043763 0.037199
2 0.761739 0.089546 0.036485 0.034898
2 0.747859 0.051079 0.027760 0.035692
2 0.793068 0.051872 0.027760 0.048382
2 0.806155 0.022525 0.041244 0.040451
2 0.829156 0.066148 0.044416 0.042037
2 0.968353 0.281091 0.040451 0.032519
2 0.936231 0.245003 0.039657 0.046003
2 0.781171 0.208518 0.046796 0.041244
2 0.738737 0.222398 0.046003 0.048382
2 0.856916 0.141894 0.033312 0.049175
2 0.793464 0.169654 0.042830 0.041244
2 0.913626 0.447256 0.040451 0.047589
2 0.886659 0.515466 0.045209 0.058693
2 0.856520 0.556313 0.045209 0.040451
2 0.822811 0.534105 0.033312 0.038864
