0 0.477245 0.777609 0.072816 0.071299
0 0.069933 0.857251 0.086468 0.072816
0 0.656250 0.468902 0.066748 0.060680
0 0.658525 0.286863 0.083434 0.078883
0 0.940686 0.051729 0.071299 0.078883
0 0.526547 0.448422 0.122876 0.059163
0 0.875455 0.053246 0.074333 0.063714
0 0.468143 0.839806 0.081917 0.059163
0 0.512136 0.861802 0.066748 0.051578
0 0.371056 0.889867 0.039442 0.071299
2 0.399879 0.874697 0.063714 0.092536
2 0.471177 0.904278 0.075850 0.066748
2 0.473453 0.500000 0.062197 0.068265
2 0.525030 0.540959 0.059163 0.053095
2 0.456007 0.584193 0.081917 0.063714
2 0.297482 0.461317 0.047027 0.048544
2 0.390777 0.521238 0.081917 0.092536
2 0.390018 0.450698 0.101638 0.018204
2 0.258040 0.405947 0.043993 0.043993
0 0.314169 0.339199 0.080400 0.071299
0 0.375607 0.399879 0.115291 0.083434
1 0.035801 0.308101 0.057646 0.084951
2 0.053246 0.813258 0.068265 0.072816
2 0.012288 0.802640 0.019721 0.078883
2 0.015322 0.865595 0.025789 0.053095
2 0.031250 0.913380 0.045510 0.063714
2 0.208738 0.502275 0.066748 0.084951
2 0.206462 0.427184 0.050061 0.059163
2 0.241353 0.495449 0.053095 0.056129
2 0.258040 0.553853 0.050061 0.039442
2 0.209496 0.568265 0.053095 0.059163
2 0.140473 0.584193 0.075850 0.084951
2 0.099515 0.494691 0.069782 0.097087
2 0.134405 0.424150 0.051578 0.098604
2 0.531098 0.051729 0.071299 0.094053
2 0.631220 0.066141 0.095570 0.092536
2 0.575850 0.241353 0.054612 0.045510
2 0.590261 0.349059 0.101638 0.097087
2 0.758647 0.232251 0.062197 0.109223
1 0.569023 0.412773 0.071299 0.075850
