0 0.017188 0.106250 0.031250 0.075000
1 0.053906 0.095312 0.064062 0.065625
2 0.020313 0.146875 0.037500 0.043750
0 0.215625 0.666406 0.065625 0.076563
0 0.195312 0.877344 0.053125 0.051562
0 0.485938 0.939844 0.068750 0.073438
0 0.526563 0.982031 0.081250 0.035937
0 0.614844 0.916406 0.067187 0.073438
2 0.275781 0.522656 0.064062 0.067187
2 0.313281 0.579688 0.073438 0.053125
2 0.300000 0.681250 0.062500 0.062500
2 0.338281 0.721094 0.054688 0.048438
2 0.528906 0.875781 0.057813 0.045312
2 0.450781 0.847656 0.057813 0.064062
2 0.674219 0.853125 0.039062 0.046875
2 0.553906 0.928125 0.060937 0.056250
2 0.624219 0.969531 0.070312 0.060937
2 0.258594 0.747656 0.048438 0.051562
2 0.314063 0.770312 0.043750 0.043750
