1 0.455966 0.151989 0.250000 0.250000
1 0.377841 0.407670 0.275568 0.269886
1 0.075284 0.346791 0.150568 0.289373
1 0.862926 0.125710 0.217330 0.214489
1 0.663352 0.048295 0.178977 0.085227
1 0.438210 0.613636 0.186080 0.173295
1 0.130682 0.781960 0.139205 0.166193
1 0.282670 0.831676 0.173295 0.177557
1 0.384233 0.917614 0.126420 0.113636
1 0.553977 0.710938 0.178977 0.163352
1 0.563210 0.852273 0.143466 0.116477
1 0.801136 0.877841 0.207386 0.170455
1 0.746449 0.746449 0.186080 0.183239
1 0.832386 0.708097 0.153409 0.171875
1 0.558239 0.576705 0.136364 0.144886
1 0.728693 0.473722 0.156250 0.154830
1 0.830966 0.554688 0.150568 0.151989
2 0.256392 0.713068 0.134943 0.153409
