2 0.429636 0.560017 0.099338 0.078642
2 0.475683 0.646420 0.110720 0.067260
2 0.530008 0.598820 0.080712 0.073469
2 0.498965 0.450849 0.074503 0.050704
2 0.539839 0.348406 0.079677 0.063121
2 0.630381 0.230443 0.068295 0.058982
2 0.691950 0.185948 0.065190 0.069329
2 0.698158 0.257864 0.052773 0.064156
2 0.750931 0.464300 0.046565 0.040356
2 0.808878 0.467405 0.063121 0.065190
2 0.863721 0.412562 0.056912 0.052773
2 0.124379 0.320985 0.070364 0.055877
2 0.080401 0.721440 0.100373 0.076573
2 0.297185 0.934603 0.122103 0.113825
2 0.101614 0.954263 0.120033 0.080712
2 0.522765 0.794392 0.091060 0.073469
2 0.612790 0.409975 0.076573 0.049669
