2 0.301063 0.119040 0.037049 0.051546
2 0.313144 0.168976 0.054768 0.048325
2 0.425097 0.216495 0.030606 0.043492
2 0.447648 0.248711 0.043492 0.043492
2 0.380799 0.210052 0.038660 0.037049
2 0.355026 0.232603 0.045103 0.043492
2 0.388853 0.246295 0.045103 0.041881
2 0.357442 0.270457 0.062822 0.048325
2 0.173808 0.694104 0.056379 0.054768
2 0.158505 0.740818 0.057990 0.061211
2 0.222938 0.702964 0.051546 0.053157
2 0.244684 0.748872 0.062822 0.057990
2 0.261598 0.692494 0.048325 0.057990
2 0.284149 0.708602 0.057990 0.054768
2 0.271263 0.611952 0.064433 0.064433
2 0.311534 0.612758 0.061211 0.062822
2 0.211662 0.640947 0.051546 0.067655
2 0.611147 0.491946 0.041881 0.059601
2 0.522552 0.523357 0.054768 0.074098
2 0.569265 0.534633 0.038660 0.048325
2 0.672358 0.580541 0.067655 0.066044
2 0.693299 0.521746 0.074098 0.064433
2 0.742429 0.497584 0.082152 0.083763
2 0.800419 0.524968 0.069265 0.083763
2 0.921231 0.553963 0.082152 0.067655
2 0.753705 0.594233 0.056379 0.041881
2 0.749678 0.627255 0.077320 0.053157
2 0.834246 0.648196 0.069265 0.088595
2 0.921231 0.641753 0.075709 0.072487
2 0.973582 0.638531 0.051546 0.056379
2 0.969555 0.685245 0.059601 0.056379
2 0.973905 0.725572 0.052191 0.062936
2 0.941366 0.763370 0.077320 0.067655
2 0.965851 0.785472 0.068299 0.063534
2 0.969072 0.826579 0.061856 0.058763
2 0.980348 0.864840 0.039304 0.054745
2 0.963918 0.910760 0.070876 0.082152
2 0.284955 0.940561 0.046714 0.045103
2 0.311534 0.969555 0.041881 0.038660
2 0.338918 0.939755 0.057990 0.066044
2 0.391269 0.905928 0.040271 0.043492
2 0.446843 0.922036 0.041881 0.056379
2 0.387242 0.981637 0.051546 0.033827
2 0.440399 0.976804 0.080541 0.033827
2 0.473421 0.949420 0.056379 0.043492
2 0.490335 0.901901 0.041881 0.038660
2 0.545103 0.897068 0.054768 0.041881
2 0.523357 0.942977 0.072487 0.046714
2 0.553157 0.651418 0.051546 0.062822
2 0.562017 0.606314 0.053157 0.056379
2 0.558795 0.729543 0.053157 0.048325
2 0.603093 0.706991 0.038660 0.057990
2 0.640947 0.677996 0.037049 0.041881
2 0.697326 0.658666 0.033827 0.057990
2 0.740818 0.682829 0.075709 0.077320
2 0.731153 0.735986 0.082152 0.067655
2 0.682023 0.757732 0.048325 0.049936
2 0.677191 0.721488 0.057990 0.054768
2 0.639336 0.756121 0.062822 0.059601
2 0.565238 0.777867 0.069265 0.067655
2 0.630477 0.807668 0.077320 0.053157
2 0.735986 0.783505 0.059601 0.062822
2 0.877738 0.913177 0.059601 0.054768
2 0.851160 0.939755 0.083763 0.078930
2 0.910760 0.965528 0.041881 0.059601
2 0.935728 0.930090 0.053157 0.056379
2 0.957378 0.975918 0.057796 0.048164
