1 0.040483 0.100852 0.072443 0.073864
1 0.372869 0.338068 0.112216 0.096591
1 0.214489 0.431818 0.105114 0.102273
2 0.475142 0.382102 0.106534 0.105114
2 0.289773 0.683239 0.096591 0.085227
2 0.166903 0.750710 0.098011 0.089489
2 0.551847 0.921875 0.095170 0.105114
2 0.916903 0.745028 0.100852 0.100852
2 0.919034 0.659801 0.147727 0.117898
2 0.956676 0.788955 0.086648 0.089273
2 0.871449 0.823153 0.095170 0.095170
2 0.703835 0.828125 0.106534 0.090909
2 0.445312 0.810369 0.117898 0.089489
2 0.522017 0.825994 0.075284 0.083807
2 0.464489 0.901278 0.133523 0.126420
2 0.394886 0.433949 0.116477 0.109375
2 0.620028 0.860795 0.103693 0.085227
2 0.794249 0.977273 0.077135 0.045455
2 0.860085 0.964489 0.100852 0.068182
1 0.636058 0.944602 0.158480 0.110795
1 0.339489 0.838068 0.139205 0.136364
0 0.642756 0.592330 0.109375 0.102273
0 0.264205 0.759233 0.130682 0.123580
0 0.308239 0.433949 0.116477 0.134943
0 0.221591 0.330256 0.127841 0.109375
0 0.169744 0.436790 0.098011 0.123580
0 0.191051 0.183239 0.095170 0.105114
0 0.382812 0.030540 0.120739 0.055398
0 0.901989 0.863636 0.164773 0.079545
0 0.901989 0.921875 0.130682 0.073864
0 0.325994 0.926847 0.134943 0.098011
