2 0.061776 0.190087 0.118998 0.129346
2 0.730753 0.084023 0.080712 0.070364
2 0.810430 0.095923 0.057947 0.063121
2 0.785596 0.043667 0.072434 0.060017
2 0.715749 0.136796 0.063121 0.051738
2 0.980489 0.360068 0.035896 0.053331
2 0.417736 0.814052 0.094164 0.092094
2 0.413079 0.919081 0.091060 0.064156
2 0.537252 0.889073 0.074503 0.093129
2 0.517074 0.792839 0.096233 0.091060
2 0.269247 0.929429 0.086921 0.070364
2 0.236134 0.867860 0.109685 0.042425
2 0.187500 0.909768 0.055877 0.105546
2 0.264073 0.823882 0.068295 0.084851
2 0.214404 0.782492 0.101407 0.060017
2 0.144040 0.361858 0.066225 0.061051
2 0.143522 0.427049 0.085886 0.042425
2 0.966680 0.900973 0.053808 0.079677
2 0.927877 0.706436 0.030008 0.052773
2 0.968750 0.697123 0.045530 0.063121
2 0.335989 0.510865 0.104512 0.071399
2 0.450849 0.552256 0.106581 0.104512
2 0.523282 0.506726 0.100373 0.123137
2 0.591577 0.515004 0.094164 0.125207
2 0.626759 0.602959 0.061051 0.083816
2 0.676945 0.623137 0.064156 0.074503
2 0.538286 0.609168 0.095199 0.087955
2 0.582264 0.694536 0.075538 0.062086
2 0.604512 0.760762 0.074503 0.070364
2 0.503622 0.693502 0.075538 0.088990
2 0.421875 0.657802 0.110720 0.108651
2 0.367550 0.598303 0.088990 0.066225
2 0.328228 0.665046 0.076573 0.079677
2 0.334954 0.737997 0.092094 0.047599
2 0.337541 0.836817 0.055877 0.096233
