1 0.224813 0.384562 0.069963 0.065299
1 0.172341 0.421875 0.065299 0.069963
1 0.030667 0.177006 0.057136 0.074627
1 0.335588 0.440532 0.053638 0.058302
1 0.225979 0.322178 0.069963 0.071129
1 0.391558 0.417794 0.053638 0.050140
1 0.876632 0.296525 0.048974 0.057136
1 0.915112 0.263293 0.053638 0.041978
1 0.917444 0.304104 0.046642 0.048974
1 0.934935 0.146688 0.060634 0.053638
1 0.972516 0.125342 0.051842 0.052922
1 0.927355 0.091301 0.064132 0.052472
1 0.953008 0.052822 0.059468 0.052472
1 0.967584 0.242304 0.048974 0.053638
