2 0.840993 0.150735 0.060662 0.049632
2 0.906250 0.131434 0.066176 0.058824
2 0.971507 0.036765 0.056985 0.056985
2 0.974265 0.103125 0.051471 0.057353
2 0.887868 0.213235 0.080882 0.060662
2 0.981618 0.207721 0.036765 0.064338
2 0.984375 0.263202 0.031250 0.053977
2 0.907169 0.309743 0.060662 0.055147
2 0.977941 0.322045 0.044118 0.057692
2 0.844669 0.297794 0.053309 0.056985
2 0.804228 0.235294 0.064338 0.068015
2 0.774816 0.299632 0.064338 0.056985
2 0.645221 0.340993 0.069853 0.055147
2 0.662684 0.402574 0.064338 0.056985
2 0.687500 0.602022 0.047794 0.047794
2 0.522978 0.827206 0.049632 0.056985
2 0.454044 0.452206 0.077206 0.079044
2 0.408088 0.460478 0.084559 0.055147
2 0.438419 0.511949 0.093750 0.062500
2 0.391544 0.594669 0.069853 0.062500
2 0.325368 0.608456 0.055147 0.042279
2 0.376838 0.648897 0.058824 0.060662
2 0.280331 0.695772 0.053309 0.055147
2 0.250919 0.881434 0.045956 0.047794
2 0.295956 0.886029 0.051471 0.042279
2 0.277574 0.840074 0.055147 0.045956
2 0.359375 0.793199 0.056985 0.051471
2 0.426471 0.761029 0.062500 0.056985
2 0.912684 0.034007 0.071691 0.066176
