1 0.958633 0.644447 0.053957 0.070818
1 0.969874 0.594987 0.056205 0.028103
1 0.895683 0.636578 0.042716 0.075315
1 0.864771 0.731003 0.050585 0.066322
1 0.816434 0.671987 0.048336 0.058453
1 0.778215 0.652316 0.023606 0.028103
1 0.761915 0.698966 0.049460 0.049460
1 0.774843 0.782711 0.052833 0.066322
1 0.374663 0.634892 0.075315 0.049460
1 0.369604 0.588242 0.042716 0.025854
1 0.378035 0.692783 0.050585 0.050585
2 0.525292 0.807442 0.052833 0.039344
2 0.486511 0.847909 0.047212 0.061826
2 0.338129 0.723696 0.040468 0.060701
2 0.420189 0.731565 0.035971 0.062950
