1 0.501420 0.088778 0.076705 0.086648
1 0.439631 0.145597 0.080966 0.075284
1 0.384233 0.115057 0.061080 0.071023
1 0.374290 0.185369 0.078125 0.075284
1 0.362216 0.241477 0.082386 0.088068
1 0.302557 0.248580 0.093750 0.088068
1 0.311080 0.200284 0.065341 0.059659
1 0.268466 0.161222 0.082386 0.086648
1 0.325994 0.125710 0.058239 0.083807
1 0.546165 0.191761 0.080966 0.088068
1 0.626420 0.169744 0.090909 0.089489
1 0.465909 0.332386 0.088068 0.096591
1 0.567472 0.309659 0.083807 0.090909
1 0.710938 0.348011 0.086648 0.085227
1 0.600852 0.375710 0.071023 0.078125
1 0.522017 0.395597 0.092330 0.100852
1 0.501420 0.476562 0.082386 0.092330
1 0.444602 0.435369 0.088068 0.069602
1 0.428267 0.480824 0.078125 0.092330
1 0.372869 0.451705 0.072443 0.079545
1 0.308239 0.473011 0.088068 0.048295
1 0.313920 0.516335 0.082386 0.078125
1 0.315341 0.585227 0.110795 0.079545
1 0.338068 0.675426 0.076705 0.098011
1 0.276278 0.718750 0.098011 0.110795
1 0.239347 0.674006 0.063920 0.072443
1 0.195312 0.701705 0.089489 0.073864
1 0.205966 0.769886 0.073864 0.079545
1 0.196733 0.828835 0.103693 0.089489
1 0.134943 0.760653 0.085227 0.086648
1 0.423295 0.692472 0.093750 0.086648
1 0.495028 0.859375 0.089489 0.099432
1 0.407670 0.924006 0.107955 0.100852
1 0.434659 0.971591 0.073864 0.042614
1 0.511497 0.977983 0.079812 0.044034
1 0.561790 0.914062 0.080966 0.080966
1 0.612216 0.872869 0.062500 0.083807
1 0.671165 0.828125 0.080966 0.102273
1 0.583097 0.522727 0.089489 0.130682
1 0.643466 0.520597 0.079545 0.089489
1 0.710227 0.496449 0.073864 0.106534
2 0.814631 0.504972 0.072443 0.083807
2 0.889205 0.486506 0.085227 0.089489
2 0.716619 0.774858 0.083807 0.078125
