2 0.439844 0.035937 0.106250 0.062500
2 0.539062 0.042188 0.085938 0.059375
2 0.586719 0.038281 0.075000 0.070312
2 0.767969 0.195312 0.093750 0.118750
2 0.888281 0.349219 0.121875 0.101562
2 0.951953 0.394821 0.096094 0.120892
2 0.282031 0.791406 0.056250 0.051562
2 0.278125 0.850781 0.067187 0.064062
2 0.371094 0.864062 0.056250 0.043750
2 0.154688 0.853125 0.076563 0.062500
2 0.113281 0.707031 0.046875 0.060937
2 0.037500 0.668750 0.057813 0.046875
2 0.227344 0.762500 0.046875 0.059375
2 0.017188 0.719531 0.029687 0.067187
2 0.303906 0.921094 0.040625 0.051562
2 0.342187 0.903125 0.051562 0.046875
