2 0.211227 0.026042 0.050926 0.035880
2 0.057292 0.212384 0.053241 0.035880
2 0.068287 0.100116 0.031250 0.045139
2 0.072917 0.126157 0.049769 0.034722
2 0.388889 0.073495 0.047454 0.042824
2 0.421296 0.049190 0.038194 0.056713
2 0.462963 0.042824 0.045139 0.041667
2 0.408565 0.140046 0.063657 0.037037
2 0.471065 0.131944 0.031250 0.039352
2 0.958912 0.095486 0.053241 0.047454
2 0.934028 0.154514 0.040509 0.052083
2 0.864005 0.180556 0.039352 0.037037
2 0.892940 0.161458 0.037037 0.033565
2 0.839699 0.119213 0.043981 0.050926
2 0.870949 0.089699 0.050926 0.049769
2 0.700810 0.269097 0.043981 0.040509
2 0.744792 0.253472 0.039352 0.043981
2 0.710648 0.210648 0.049769 0.039352
2 0.667245 0.230903 0.032407 0.042824
2 0.641204 0.240741 0.028935 0.050926
2 0.369792 0.259259 0.037037 0.034722
2 0.362847 0.297454 0.053241 0.057870
2 0.542824 0.304398 0.056713 0.032407
2 0.475694 0.303241 0.026620 0.046296
2 0.467014 0.334491 0.043981 0.032407
2 0.505787 0.325231 0.026620 0.037037
2 0.507523 0.357060 0.048611 0.035880
2 0.551505 0.362269 0.053241 0.050926
2 0.589120 0.393519 0.038194 0.039352
2 0.480324 0.406250 0.035880 0.057870
2 0.539931 0.561343 0.048611 0.053241
2 0.490162 0.598380 0.046296 0.039352
2 0.542824 0.641782 0.038194 0.042824
2 0.572338 0.611690 0.062500 0.033565
2 0.333912 0.739005 0.062500 0.038194
2 0.223380 0.781829 0.042824 0.031250
2 0.196181 0.807292 0.055556 0.035880
2 0.177662 0.892940 0.039352 0.042824
2 0.204282 0.862847 0.046296 0.052083
2 0.484954 0.810185 0.049769 0.060185
2 0.395255 0.833912 0.055556 0.052083
2 0.354167 0.772569 0.054398 0.042824
2 0.435764 0.941551 0.060185 0.038194
2 0.527199 0.958333 0.048611 0.039352
2 0.390046 0.900463 0.031250 0.050926
2 0.420139 0.894676 0.063657 0.057870
