2 0.126302 0.482422 0.054688 0.048177
2 0.119792 0.639323 0.057292 0.052083
2 0.333984 0.572917 0.050781 0.062500
2 0.354818 0.631510 0.058594 0.059896
2 0.705078 0.826172 0.037760 0.045573
2 0.018229 0.804305 0.036458 0.045037
2 0.202474 0.466146 0.050781 0.049479
2 0.257161 0.470052 0.055990 0.078125
2 0.188151 0.575521 0.053385 0.052083
2 0.192708 0.526042 0.072917 0.057292
2 0.035156 0.502415 0.070312 0.049858
2 0.056641 0.166016 0.050781 0.058594
2 0.886719 0.050130 0.054688 0.048177
2 0.755208 0.395182 0.033854 0.053385
2 0.800781 0.763021 0.049479 0.044271
