2 0.115029 0.145354 0.080181 0.082237
2 0.170539 0.099609 0.061678 0.058594
2 0.181846 0.764700 0.086349 0.085321
2 0.057463 0.832031 0.082237 0.057566
2 0.203433 0.840769 0.063734 0.072985
2 0.205489 0.919922 0.108964 0.085321
2 0.380243 0.775493 0.078125 0.092516
2 0.347862 0.933799 0.072985 0.076069
2 0.639289 0.425987 0.074013 0.080181
2 0.638775 0.553454 0.066817 0.074013
2 0.692743 0.487664 0.069901 0.071957
2 0.741571 0.346320 0.077097 0.072985
2 0.735403 0.406456 0.056538 0.043174
2 0.788343 0.437808 0.065789 0.068873
2 0.774465 0.485609 0.077097 0.063734
2 0.844367 0.411081 0.058594 0.058594
2 0.901419 0.340666 0.076069 0.055510
2 0.920950 0.400802 0.067845 0.062706
2 0.894737 0.460424 0.072985 0.066817
2 0.884971 0.506168 0.069901 0.043174
2 0.832031 0.092928 0.050370 0.067845
2 0.890625 0.128392 0.066817 0.075041
2 0.883429 0.042558 0.048314 0.057566
2 0.939453 0.057977 0.059622 0.082237
2 0.963045 0.147867 0.073910 0.081096
2 0.272821 0.897821 0.066817 0.069901
