0 0.657008 0.267142 0.174454 0.154733
0 0.883040 0.177640 0.159284 0.151699
0 0.974515 0.112946 0.050971 0.125467
2 0.909587 0.071450 0.133495 0.097087
0 0.799606 0.073726 0.107706 0.101638
2 0.436286 0.081311 0.078883 0.065231
2 0.380158 0.136681 0.054612 0.036408
2 0.416566 0.164745 0.066748 0.050061
2 0.388501 0.196602 0.053095 0.062197
2 0.449181 0.227700 0.056129 0.084951
2 0.490140 0.222391 0.068265 0.050061
2 0.314169 0.219357 0.031857 0.050061
2 0.241353 0.220874 0.065231 0.062197
2 0.153368 0.327063 0.098604 0.080400
2 0.140473 0.397603 0.063714 0.048544
2 0.084345 0.361195 0.036408 0.048544
2 0.524272 0.416566 0.078883 0.037925
2 0.559921 0.455249 0.074333 0.066748
2 0.680522 0.487106 0.069782 0.063714
2 0.746511 0.933101 0.219964 0.127427
0 0.035042 0.320237 0.065231 0.124393
0 0.069933 0.423392 0.107706 0.057646
0 0.355127 0.399879 0.113774 0.092536
0 0.444630 0.443113 0.089502 0.078883
0 0.382433 0.349818 0.083434 0.077367
0 0.488623 0.330097 0.068265 0.077367
2 0.437045 0.304308 0.065231 0.050061
2 0.756371 0.185983 0.075850 0.098604
