2 0.272821 0.030222 0.060650 0.051398
2 0.360197 0.048211 0.060650 0.044202
2 0.218853 0.372533 0.057566 0.057566
2 0.242496 0.428557 0.049342 0.050370
2 0.231188 0.454256 0.059622 0.062706
2 0.318051 0.414165 0.056538 0.066817
2 0.788343 0.126850 0.045230 0.047286
2 0.780633 0.172595 0.052426 0.052426
2 0.900905 0.206517 0.050370 0.058594
2 0.864926 0.220395 0.046258 0.055510
2 0.960012 0.178762 0.051398 0.058594
2 0.945621 0.251234 0.063734 0.045230
2 0.935855 0.346834 0.050370 0.055510
2 0.924548 0.304174 0.054482 0.046258
2 0.870580 0.365851 0.047286 0.042146
2 0.964124 0.799137 0.057566 0.049342
2 0.980006 0.913573 0.039988 0.070566
2 0.739001 0.493832 0.037007 0.051398
2 0.702508 0.520559 0.044202 0.049342
2 0.536493 0.569901 0.053454 0.055510
2 0.576583 0.531867 0.041118 0.065789
2 0.542146 0.506168 0.038035 0.039062
2 0.570415 0.471217 0.045230 0.051398
