2 0.478428 0.235308 0.041978 0.030317
2 0.466768 0.157183 0.051306 0.046642
2 0.364156 0.452775 0.032649 0.038479
2 0.410798 0.616021 0.030317 0.029151
2 0.937267 0.044660 0.047808 0.045476
2 0.465602 0.653918 0.034981 0.032649
2 0.716301 0.308769 0.034981 0.041978
2 0.667910 0.283699 0.022155 0.024487
2 0.699394 0.358326 0.033815 0.029151
2 0.708139 0.395639 0.027985 0.029151
2 0.744869 0.423041 0.029151 0.039646
2 0.866138 0.401469 0.040812 0.045476
2 0.237640 0.465019 0.045476 0.044310
2 0.293610 0.583955 0.045476 0.051306
2 0.186917 0.715135 0.034981 0.040812
2 0.103545 0.824743 0.054804 0.050140
2 0.063899 0.885961 0.043144 0.053638
2 0.046409 0.852729 0.038479 0.047808
2 0.128615 0.637010 0.044310 0.047808
2 0.150770 0.677822 0.044310 0.054804
2 0.241721 0.751283 0.044310 0.045476
2 0.295942 0.766441 0.033815 0.033815
2 0.315182 0.753032 0.053638 0.055970
2 0.385145 0.797341 0.027985 0.046642
2 0.245219 0.690065 0.053638 0.039646
2 0.182253 0.629431 0.039646 0.037313
2 0.162430 0.606693 0.039646 0.045476
2 0.090718 0.353661 0.045476 0.050140
2 0.066814 0.380480 0.032649 0.043144
2 0.137943 0.357160 0.034981 0.024487
2 0.146105 0.402052 0.046642 0.041978
2 0.228895 0.396222 0.034981 0.037313
2 0.254548 0.382229 0.032649 0.051306
2 0.295359 0.407882 0.046642 0.039646
2 0.258046 0.421875 0.044310 0.032649
2 0.289529 0.451026 0.039646 0.037313
2 0.210238 0.430620 0.041978 0.040812
2 0.154268 0.477262 0.055970 0.059468
2 0.160681 0.520406 0.061800 0.047808
2 0.358326 0.550140 0.046642 0.030317
2 0.300606 0.527402 0.040812 0.033815
2 0.367071 0.612523 0.036147 0.040812
2 0.394473 0.644007 0.041978 0.040812
2 0.403801 0.915112 0.046642 0.051306
2 0.440532 0.902868 0.050140 0.050140
2 0.509911 0.844566 0.048974 0.043144
2 0.424790 0.815415 0.037313 0.052472
2 0.394473 0.971082 0.058302 0.046642
2 0.525070 0.669076 0.041978 0.046642
2 0.480177 0.698811 0.047808 0.031483
2 0.421292 0.569380 0.037313 0.036147
2 0.545476 0.629431 0.045476 0.032649
2 0.667910 0.460938 0.038479 0.047808
2 0.764109 0.470266 0.034981 0.026819
2 0.786264 0.440532 0.027985 0.034981
2 0.565882 0.416045 0.041978 0.041978
2 0.578125 0.378731 0.043144 0.041978
2 0.430037 0.239389 0.040812 0.045476
2 0.547808 0.258046 0.033815 0.043144
2 0.586870 0.259212 0.032649 0.052472
2 0.377565 0.505830 0.050140 0.039646
2 0.310518 0.492421 0.046642 0.031483
2 0.143190 0.241721 0.033815 0.036147
2 0.153102 0.282533 0.048974 0.036147
2 0.256880 0.277285 0.032649 0.039646
2 0.395639 0.147854 0.041978 0.048974
2 0.321595 0.126866 0.033815 0.037313
2 0.297108 0.229478 0.038479 0.032649
2 0.065648 0.200910 0.046642 0.040812
2 0.053988 0.241138 0.032649 0.041978
2 0.041744 0.292444 0.038479 0.027985
2 0.098298 0.267374 0.037313 0.036147
2 0.101796 0.235891 0.041978 0.038479
2 0.087220 0.322761 0.054804 0.030317
2 0.029501 0.367654 0.039646 0.045476
2 0.055154 0.352495 0.046642 0.040812
2 0.379897 0.259795 0.043144 0.025653
2 0.339669 0.158349 0.044310 0.046642
2 0.379897 0.174674 0.036147 0.037313
2 0.193913 0.241138 0.037313 0.030317
2 0.204991 0.265042 0.043144 0.040812
2 0.166511 0.100630 0.047808 0.036147
2 0.224813 0.087803 0.040812 0.036147
2 0.583955 0.449860 0.040812 0.041978
2 0.618354 0.460354 0.041978 0.039646
2 0.813666 0.820662 0.033815 0.037313
2 0.882463 0.361241 0.038479 0.034981
2 0.713386 0.215485 0.040812 0.044310
2 0.766441 0.234142 0.058302 0.051306
2 0.727379 0.035331 0.054804 0.036147
2 0.606110 0.718633 0.036147 0.033815
2 0.474347 0.941348 0.050140 0.043144
2 0.564132 0.851562 0.045476 0.036147
2 0.537896 0.809585 0.039646 0.045476
2 0.699977 0.785681 0.039646 0.037313
2 0.748951 0.775770 0.048974 0.071129
2 0.834072 0.870219 0.044310 0.040812
2 0.698228 0.952425 0.078125 0.058302
2 0.775187 0.894123 0.045476 0.048974
2 0.873717 0.889459 0.037313 0.044310
2 0.888293 0.933186 0.045476 0.047808
2 0.938433 0.871385 0.031483 0.033815
2 0.834072 0.956507 0.051306 0.043144
2 0.913363 0.962337 0.034981 0.045476
2 0.964669 0.965835 0.051306 0.038479
2 0.796175 0.764692 0.043144 0.039646
2 0.870802 0.778102 0.036147 0.040812
