0 0.107127 0.234150 0.059577 0.061826
0 0.186938 0.298786 0.077563 0.040468
0 0.148719 0.437612 0.091052 0.059577
0 0.071156 0.531475 0.088804 0.026978
0 0.161084 0.544964 0.057329 0.047212
0 0.156587 0.602855 0.093300 0.057329
0 0.102630 0.665243 0.075315 0.060701
0 0.036308 0.715265 0.064074 0.111286
0 0.109375 0.723134 0.082059 0.032599
0 0.212792 0.731003 0.037095 0.059577
0 0.279114 0.754609 0.075315 0.097797
0 0.017199 0.931093 0.028103 0.068570
2 0.107689 0.890625 0.076439 0.043840
2 0.216165 0.394897 0.061826 0.043840
0 0.026754 0.442671 0.040468 0.058453
