2 0.065648 0.210238 0.076959 0.075793
2 0.490089 0.339669 0.083955 0.080457
2 0.117537 0.546642 0.057136 0.053638
2 0.545476 0.431203 0.064132 0.065299
2 0.543144 0.537896 0.078125 0.078125
2 0.484258 0.072062 0.067631 0.081623
2 0.555970 0.052239 0.092118 0.076959
0 0.767607 0.137943 0.100280 0.131763
0 0.674324 0.130947 0.086287 0.122435
2 0.472015 0.478428 0.057136 0.054804
2 0.617771 0.445779 0.071129 0.061800
2 0.880714 0.143773 0.093284 0.092118
2 0.846315 0.046992 0.073461 0.073461
2 0.423624 0.362407 0.053638 0.062966
2 0.381063 0.434701 0.038479 0.051306
0 0.637593 0.689482 0.099114 0.101446
2 0.131530 0.112290 0.120103 0.094450
2 0.199160 0.040578 0.108442 0.076959
2 0.221315 0.505247 0.052472 0.043144
2 0.191581 0.624767 0.051306 0.044310
