2 0.134105 0.071718 0.066322 0.067446
2 0.197617 0.099820 0.071942 0.069694
2 0.136915 0.150405 0.074191 0.056205
2 0.053170 0.070031 0.064074 0.059577
2 0.095324 0.030688 0.049460 0.043840
2 0.084645 0.124550 0.041592 0.047212
2 0.652878 0.083521 0.051709 0.057329
2 0.708521 0.090265 0.055081 0.043840
2 0.696156 0.035184 0.070818 0.052833
2 0.819245 0.081272 0.083183 0.057329
1 0.825427 0.249326 0.082059 0.096673
1 0.153215 0.533723 0.057329 0.067446
1 0.138602 0.600607 0.068570 0.068570
1 0.967626 0.836106 0.053957 0.125899
