1 0.897068 0.197165 0.120812 0.165915
1 0.872101 0.471811 0.128866 0.144974
1 0.854381 0.595039 0.096649 0.095039
1 0.682023 0.528995 0.090206 0.124034
1 0.585374 0.588595 0.106314 0.127255
1 0.702159 0.626450 0.098260 0.086985
1 0.414626 0.636115 0.099871 0.096649
1 0.392075 0.470200 0.106314 0.135309
1 0.602287 0.235825 0.098260 0.114369
2 0.728737 0.076353 0.138531 0.136920
2 0.730348 0.193138 0.090206 0.099871
2 0.806057 0.243073 0.083763 0.132088
2 0.493557 0.479059 0.077320 0.136920
2 0.297036 0.670747 0.109536 0.091817
2 0.164143 0.699742 0.114369 0.107925
2 0.101321 0.632088 0.085374 0.104704
2 0.107764 0.530606 0.088595 0.075709
2 0.043009 0.637414 0.086018 0.142375
2 0.313144 0.474227 0.074098 0.098260
2 0.148035 0.374356 0.117590 0.114369
2 0.164143 0.214884 0.114369 0.098260
2 0.520941 0.183473 0.074098 0.122423
2 0.531411 0.076353 0.091817 0.143363
2 0.438789 0.041720 0.122423 0.077320
2 0.032539 0.255926 0.065077 0.099940
