2 0.269965 0.235966 0.072338 0.065104
2 0.424045 0.078993 0.036169 0.060764
1 0.031250 0.375579 0.060764 0.037616
1 0.026910 0.476852 0.049190 0.063657
1 0.066696 0.504340 0.047743 0.046296
1 0.025463 0.541233 0.040509 0.056424
1 0.032697 0.611400 0.043403 0.057870
2 0.037037 0.728588 0.046296 0.046296
2 0.047888 0.771991 0.044850 0.046296
2 0.016059 0.763310 0.027488 0.046296
1 0.133970 0.698206 0.063657 0.054977
1 0.133970 0.760417 0.052083 0.060764
1 0.191840 0.730758 0.057870 0.067998
1 0.246094 0.717737 0.053530 0.056424
2 0.197627 0.781395 0.040509 0.041956
2 0.247541 0.776331 0.044850 0.049190
2 0.316985 0.782118 0.062211 0.054977
2 0.356047 0.749566 0.062211 0.059317
1 0.444300 0.715567 0.059317 0.060764
2 0.558594 0.731481 0.059317 0.054977
1 0.513021 0.669271 0.049190 0.060764
1 0.478299 0.600550 0.057870 0.053530
2 0.266348 0.549913 0.047743 0.047743
2 0.273582 0.496383 0.059317 0.053530
2 0.511574 0.863860 0.060764 0.041956
2 0.416088 0.918113 0.060764 0.043403
2 0.761863 0.816840 0.081019 0.057870
2 0.773437 0.880498 0.083912 0.075231
2 0.767650 0.957176 0.095486 0.078125
2 0.935475 0.858073 0.081019 0.082465
2 0.980035 0.701844 0.039931 0.096974
2 0.978154 0.832755 0.039062 0.101273
2 0.855631 0.977141 0.077581 0.045718
2 0.973524 0.937183 0.052951 0.084436
