2 0.454655 0.498361 0.039336 0.042614
2 0.465581 0.527316 0.054633 0.045892
2 0.507102 0.514751 0.039336 0.046984
2 0.527863 0.434441 0.039336 0.039336
2 0.568291 0.379261 0.039336 0.040428
2 0.592330 0.339379 0.045892 0.045892
2 0.614729 0.367242 0.033872 0.044799
2 0.586320 0.029065 0.060096 0.045892
2 0.651333 0.055835 0.054633 0.055726
2 0.514751 0.027426 0.054633 0.040428
2 0.221919 0.234484 0.048077 0.026224
2 0.143247 0.353584 0.034965 0.043706
2 0.041630 0.310970 0.037150 0.041521
2 0.025787 0.340472 0.038243 0.054633
2 0.056927 0.123580 0.037150 0.029502
2 0.089161 0.289663 0.036058 0.040428
2 0.518575 0.620739 0.038243 0.040428
2 0.596154 0.622924 0.040428 0.042614
2 0.573754 0.647509 0.050262 0.037150
2 0.539336 0.656250 0.031687 0.039336
2 0.524585 0.699410 0.048077 0.040428
2 0.923405 0.440450 0.045892 0.049170
2 0.916849 0.412587 0.039336 0.043706
2 0.942526 0.378715 0.038243 0.054633
2 0.880791 0.203890 0.045892 0.050262
2 0.913024 0.186407 0.066652 0.065559
2 0.844187 0.182583 0.029502 0.031687
2 0.831075 0.220280 0.042614 0.045892
2 0.829983 0.548623 0.038243 0.062281
2 0.873689 0.503278 0.046984 0.045892
2 0.939248 0.518029 0.044799 0.040428
2 0.911932 0.546984 0.055726 0.050262
2 0.645323 0.572662 0.071023 0.044799
2 0.695586 0.624563 0.060096 0.043706
2 0.726180 0.605441 0.046984 0.044799
2 0.776989 0.610905 0.041521 0.051355
2 0.678649 0.660621 0.048077 0.043706
2 0.638221 0.667177 0.032780 0.045892
2 0.631665 0.918488 0.059003 0.034965
2 0.557911 0.923951 0.036058 0.039336
