1 0.259174 0.025516 0.063073 0.047305
1 0.312930 0.048452 0.058773 0.061640
1 0.224771 0.055619 0.040138 0.055906
1 0.404673 0.027666 0.038704 0.043005
1 0.383171 0.074255 0.061640 0.050172
1 0.357368 0.108658 0.055906 0.061640
1 0.411841 0.108658 0.044438 0.038704
1 0.440510 0.062070 0.047305 0.051606
1 0.301462 0.365252 0.030103 0.035837
2 0.105075 0.828268 0.053039 0.058773
2 0.074971 0.849771 0.044438 0.053039
1 0.039134 0.874140 0.044438 0.053039
2 0.024083 0.856221 0.040138 0.063073
0 0.429759 0.540138 0.040138 0.041571
0 0.466313 0.522219 0.044438 0.045872
0 0.529386 0.530103 0.044438 0.038704
0 0.559490 0.511468 0.044438 0.041571
0 0.783830 0.909260 0.054472 0.048739
1 0.712156 0.871990 0.057339 0.054472
1 0.780963 0.864822 0.054472 0.051606
1 0.735092 0.967317 0.054472 0.055906
1 0.503584 0.861955 0.044438 0.060206
1 0.486382 0.717890 0.061640 0.050172
