0 0.090253 0.589052 0.016390 0.025131
0 0.677557 0.180944 0.045892 0.041521
0 0.756228 0.220280 0.080857 0.063374
0 0.743116 0.168378 0.056818 0.044799
0 0.703781 0.155267 0.048077 0.036058
0 0.569384 0.540975 0.037150 0.029502
0 0.661167 0.503278 0.041521 0.026224
0 0.545345 0.661713 0.039336 0.034965
0 0.544253 0.709244 0.034965 0.040428
0 0.468313 0.676464 0.027316 0.040428
0 0.491805 0.645870 0.054633 0.051355
0 0.441543 0.643684 0.019668 0.022946
0 0.478693 0.620739 0.041521 0.031687
0 0.331731 0.618007 0.055726 0.034965
0 0.306600 0.674825 0.031687 0.037150
0 0.240494 0.626202 0.054633 0.027316
0 0.109921 0.657889 0.031687 0.029502
1 0.222465 0.680835 0.042614 0.038243
1 0.040538 0.852382 0.041521 0.071023
1 0.036713 0.780267 0.042614 0.042614
1 0.075503 0.879698 0.030594 0.033872
1 0.117024 0.917395 0.065559 0.045892
0 0.191871 0.787915 0.038243 0.038243
0 0.135599 0.802666 0.059003 0.045892
0 0.136691 0.744755 0.039336 0.045892
0 0.197334 0.733282 0.042614 0.033872
0 0.253059 0.744755 0.042614 0.032780
0 0.313156 0.723995 0.057911 0.045892
0 0.356862 0.757867 0.051355 0.039336
0 0.371613 0.809768 0.056818 0.040428
0 0.350852 0.858938 0.063374 0.044799
0 0.291302 0.809222 0.051355 0.037150
0 0.303322 0.785184 0.060096 0.034965
0 0.209353 0.852382 0.051355 0.036058
0 0.189139 0.918488 0.087413 0.069930
0 0.158545 0.966018 0.067745 0.033872
0 0.433343 0.882741 0.035837 0.027236
0 0.453412 0.929329 0.044438 0.043005
0 0.416141 0.963016 0.018635 0.021502
0 0.369553 0.955132 0.017202 0.034404
