2 0.073396 0.933799 0.083265 0.053454
2 0.104235 0.973376 0.079153 0.050370
2 0.037418 0.968236 0.056538 0.056538
2 0.531867 0.791427 0.044202 0.046258
2 0.575041 0.759560 0.050370 0.060650
2 0.619757 0.689145 0.100740 0.061678
2 0.627981 0.744655 0.100740 0.059622
2 0.511308 0.703536 0.079153 0.055510
2 0.597142 0.866468 0.071957 0.042146
2 0.678865 0.861842 0.044202 0.030839
2 0.587891 0.903475 0.049342 0.038035
2 0.645970 0.896279 0.033923 0.029811
2 0.701480 0.899877 0.040090 0.026727
2 0.666530 0.931229 0.066817 0.042146
2 0.554482 0.938425 0.048314 0.035979
2 0.592002 0.955387 0.041118 0.051398
2 0.534437 0.978516 0.061678 0.038035
2 0.479120 0.974095 0.053841 0.051809
2 0.945107 0.362253 0.060650 0.065789
2 0.956414 0.405428 0.050370 0.034951
2 0.993370 0.406792 0.013261 0.045902
2 0.975432 0.473787 0.037007 0.056538
2 0.919408 0.431127 0.058594 0.057566
1 0.041016 0.456826 0.057566 0.080181
2 0.051295 0.390008 0.063734 0.051398
2 0.081106 0.364309 0.069901 0.051398
2 0.115029 0.399260 0.047286 0.080181
2 0.104235 0.466591 0.064762 0.050370
2 0.133532 0.496402 0.057566 0.060650
2 0.147924 0.434725 0.061678 0.052426
2 0.174137 0.369449 0.075041 0.055510
2 0.187500 0.470189 0.042146 0.055510
2 0.239926 0.499486 0.062706 0.046258
2 0.224507 0.416221 0.068873 0.062706
2 0.251748 0.454770 0.059622 0.049342
2 0.314967 0.469161 0.066817 0.065789
2 0.331928 0.425987 0.069901 0.061678
2 0.385382 0.446032 0.057566 0.062706
2 0.309827 0.384868 0.054482 0.039063
2 0.268195 0.403372 0.059622 0.063734
2 0.296464 0.309827 0.077097 0.053454
2 0.287212 0.351974 0.066817 0.034951
2 0.339124 0.350946 0.063734 0.051398
2 0.372019 0.307257 0.047286 0.050370
2 0.382812 0.381785 0.064762 0.051398
2 0.422389 0.337582 0.059622 0.045230
2 0.421875 0.276419 0.058594 0.066817
2 0.507710 0.340666 0.055510 0.043174
2 0.551398 0.322677 0.048314 0.048314
2 0.552426 0.275905 0.052426 0.047286
2 0.682463 0.312397 0.063734 0.064762
2 0.733861 0.339124 0.051398 0.056538
2 0.780633 0.329359 0.048314 0.061678
2 0.624897 0.375103 0.055510 0.044202
2 0.644942 0.412623 0.079153 0.034951
2 0.219367 0.097039 0.081209 0.061678
2 0.357627 0.190070 0.063734 0.054482
2 0.472245 0.135588 0.054482 0.056538
2 0.353516 0.086760 0.067845 0.067845
2 0.282586 0.099609 0.057566 0.064762
2 0.226049 0.150493 0.082237 0.059622
2 0.167455 0.119141 0.053454 0.050370
2 0.278988 0.045127 0.083265 0.060650
2 0.237870 0.030222 0.068873 0.051398
2 0.360197 0.027138 0.070929 0.053454
2 0.461965 0.032278 0.107936 0.059622
2 0.446546 0.081106 0.066817 0.046258
2 0.572471 0.023026 0.057566 0.026727
2 0.632607 0.037932 0.046258 0.044202
2 0.716386 0.045127 0.049342 0.048314
2 0.596628 0.446032 0.058594 0.035979
2 0.631065 0.473273 0.047286 0.041118
2 0.770868 0.090358 0.049342 0.064762
2 0.771382 0.043586 0.064762 0.059622
2 0.828433 0.071340 0.067845 0.057566
2 0.807360 0.017373 0.042146 0.031867
2 0.866982 0.023026 0.064762 0.039062
