1 0.436780 0.646998 0.061678 0.057566
1 0.404400 0.703536 0.050370 0.045230
1 0.384354 0.655222 0.045230 0.039062
1 0.328845 0.418791 0.047286 0.030839
1 0.534951 0.488178 0.054482 0.046258
1 0.878803 0.183388 0.067845 0.067845
1 0.849507 0.127878 0.068873 0.051398
2 0.941509 0.068771 0.065789 0.068873
2 0.639803 0.164371 0.072985 0.052426
2 0.625411 0.213199 0.066817 0.047286
2 0.700452 0.200863 0.058594 0.053454
2 0.690687 0.252775 0.055510 0.042146
2 0.685547 0.094470 0.065789 0.052426
2 0.883429 0.034334 0.062706 0.049342
2 0.473273 0.521587 0.058594 0.051398
2 0.682463 0.344778 0.051398 0.051398
2 0.514391 0.892681 0.058594 0.053454
2 0.491262 0.930715 0.063734 0.045230
2 0.564762 0.885485 0.042146 0.045230
2 0.908614 0.974404 0.039062 0.031867
2 0.627981 0.352488 0.057566 0.054482
2 0.825863 0.191098 0.042146 0.068873
2 0.748252 0.107833 0.055510 0.054482
2 0.756476 0.213713 0.047286 0.054482
