1 0.754096 0.378641 0.047027 0.056129
1 0.774575 0.320237 0.051578 0.045510
1 0.774575 0.351335 0.036408 0.037925
1 0.801123 0.381675 0.034891 0.028823
1 0.720722 0.396845 0.043993 0.059163
1 0.792779 0.295965 0.060680 0.042476
1 0.834496 0.311135 0.031857 0.051578
1 0.848908 0.301274 0.042476 0.068265
1 0.896693 0.307342 0.037925 0.034891
2 0.706311 0.881523 0.039442 0.036408
2 0.745752 0.896693 0.057646 0.045510
2 0.754096 0.858768 0.059163 0.045510
2 0.709345 0.776092 0.021238 0.031857
2 0.735133 0.731341 0.039442 0.048544
