0 0.308903 0.843413 0.094424 0.097797
0 0.408948 0.850157 0.098921 0.097797
0 0.449415 0.943458 0.092176 0.091052
0 0.536533 0.918165 0.079811 0.085432
0 0.524730 0.832172 0.092176 0.070818
0 0.388152 0.775405 0.059577 0.047212
0 0.675922 0.273494 0.057329 0.050585
0 0.204362 0.155463 0.069694 0.084308
0 0.977068 0.551513 0.045863 0.064807
0 0.661871 0.947392 0.065198 0.056205
2 0.338129 0.102068 0.080935 0.085432
2 0.493817 0.172887 0.059577 0.053957
2 0.589928 0.165580 0.074191 0.066322
2 0.384218 0.231902 0.076439 0.075315
2 0.514613 0.257194 0.094424 0.085432
2 0.606790 0.230778 0.074191 0.048336
2 0.674236 0.218975 0.058453 0.038219
2 0.319582 0.295976 0.073067 0.059577
2 0.102630 0.206610 0.064074 0.060701
2 0.106003 0.410634 0.068570 0.061826
2 0.028552 0.388943 0.057104 0.062492
2 0.316772 0.369042 0.056205 0.041592
2 0.331947 0.445481 0.064074 0.086556
2 0.453912 0.307779 0.053957 0.071942
2 0.516862 0.347122 0.074191 0.058453
2 0.585432 0.384780 0.074191 0.061826
2 0.407824 0.524168 0.085432 0.075315
2 0.362860 0.600607 0.071942 0.075315
2 0.440985 0.593300 0.064074 0.060701
2 0.924910 0.544964 0.038219 0.040468
2 0.927158 0.599483 0.060701 0.048336
2 0.177945 0.772594 0.079811 0.061826
2 0.818121 0.933341 0.058453 0.048336
2 0.199303 0.026754 0.070818 0.044964
2 0.238647 0.034622 0.061826 0.047212
1 0.431430 0.161646 0.067446 0.056205
1 0.247639 0.453912 0.088804 0.067446
1 0.775967 0.520234 0.064074 0.058453
1 0.860274 0.563512 0.059577 0.057329
