2 0.277344 0.486719 0.087500 0.085938
2 0.215625 0.452344 0.073438 0.085938
2 0.121875 0.314844 0.067187 0.067187
2 0.164844 0.287500 0.062500 0.043750
2 0.221875 0.313281 0.060937 0.064062
2 0.150781 0.250000 0.062500 0.056250
2 0.092969 0.507812 0.084375 0.090625
2 0.162500 0.552344 0.076563 0.073438
2 0.139844 0.492188 0.075000 0.065625
2 0.412500 0.539062 0.079687 0.100000
2 0.492188 0.564844 0.076563 0.089063
2 0.560156 0.605469 0.093750 0.095312
2 0.682031 0.709375 0.090625 0.084375
2 0.751563 0.740625 0.073438 0.090625
2 0.685937 0.785156 0.085938 0.076563
2 0.810937 0.815625 0.110937 0.078125
2 0.798438 0.937500 0.060937 0.053125
2 0.745313 0.960938 0.073438 0.059375
2 0.657813 0.883594 0.076563 0.064062
2 0.664844 0.850000 0.056250 0.050000
2 0.514062 0.885156 0.070312 0.057813
2 0.510156 0.826562 0.075000 0.059375
2 0.425000 0.835156 0.060937 0.048438
2 0.382812 0.870313 0.064062 0.056250
2 0.260156 0.896875 0.081250 0.071875
2 0.421094 0.692187 0.090625 0.100000
2 0.477344 0.647656 0.084375 0.089063
2 0.371094 0.625000 0.096875 0.078125
2 0.360156 0.681250 0.075000 0.068750
2 0.335156 0.717187 0.059375 0.053125
2 0.048438 0.272656 0.060937 0.060937
2 0.914844 0.410156 0.081250 0.082812
2 0.923438 0.466406 0.051562 0.076563
2 0.877344 0.959375 0.065625 0.065625
2 0.585938 0.774219 0.076563 0.092188
2 0.027734 0.211287 0.055469 0.078824
2 0.093750 0.601562 0.045312 0.056250
