2 0.147727 0.135653 0.130682 0.115057
2 0.075284 0.061080 0.119318 0.122159
2 0.146307 0.083807 0.076705 0.085227
2 0.422585 0.378551 0.095170 0.106534
2 0.504972 0.350852 0.117898 0.082386
2 0.544034 0.087358 0.053977 0.058239
2 0.453125 0.100142 0.048295 0.055398
2 0.421875 0.119318 0.053977 0.039773
2 0.480114 0.147017 0.042614 0.063920
2 0.397727 0.019176 0.062500 0.038352
0 0.798295 0.066051 0.170455 0.123580
0 0.503551 0.232955 0.149148 0.142045
0 0.357244 0.276278 0.143466 0.117898
0 0.355824 0.129972 0.072443 0.063920
0 0.348722 0.188920 0.044034 0.034091
0 0.321733 0.224432 0.035511 0.042614
0 0.289062 0.028409 0.078125 0.053977
0 0.500710 0.105114 0.058239 0.051136
1 0.404830 0.484375 0.065341 0.056818
2 0.287642 0.822443 0.115057 0.099432
