2 0.247636 0.056435 0.086349 0.083265
2 0.364823 0.084704 0.088405 0.117188
2 0.895765 0.191098 0.068873 0.066817
2 0.709704 0.411595 0.093544 0.090461
2 0.809416 0.505654 0.138775 0.124383
2 0.672697 0.496402 0.146998 0.116160
2 0.489206 0.679379 0.111020 0.112048
2 0.581209 0.699424 0.128495 0.137747
2 0.718442 0.758018 0.121299 0.117188
2 0.484067 0.787315 0.119243 0.083265
2 0.420847 0.841283 0.081209 0.102796
2 0.509766 0.872122 0.082237 0.061678
2 0.585835 0.816098 0.084293 0.093544
2 0.661390 0.829975 0.099712 0.113076
2 0.706620 0.892167 0.091488 0.107936
2 0.559108 0.906044 0.092516 0.094572
2 0.199322 0.560650 0.080181 0.096628
2 0.252775 0.539062 0.071957 0.061678
2 0.314967 0.567331 0.079153 0.068873
2 0.348890 0.605880 0.075041 0.051398
2 0.289268 0.651624 0.107936 0.079153
2 0.211143 0.864926 0.062706 0.067845
2 0.196752 0.804790 0.087377 0.052426
2 0.220395 0.373047 0.060650 0.058594
2 0.164371 0.358655 0.059622 0.056538
2 0.151007 0.392578 0.053454 0.048314
2 0.046669 0.344778 0.038035 0.034951
2 0.078536 0.316509 0.054482 0.031867
2 0.098581 0.346834 0.051398 0.039062
2 0.066715 0.376131 0.041118 0.029811
2 0.029708 0.422903 0.034951 0.034951
2 0.089330 0.038446 0.028783 0.030839
2 0.962531 0.080222 0.074938 0.095889
2 0.910156 0.253289 0.083265 0.071957
2 0.620271 0.204461 0.083265 0.068873
2 0.609992 0.275905 0.062706 0.047286
2 0.168997 0.270765 0.101768 0.059622
2 0.156147 0.147410 0.030839 0.057566
2 0.062603 0.077508 0.051398 0.045230
2 0.025596 0.079564 0.034951 0.045230
2 0.119141 0.087788 0.043174 0.041118
2 0.149465 0.070312 0.038035 0.055510
2 0.103721 0.014803 0.051398 0.022615
2 0.081620 0.100637 0.035979 0.038035
2 0.101151 0.123766 0.044202 0.024671
2 0.126850 0.125308 0.027755 0.040090
2 0.206003 0.255345 0.064762 0.045230
2 0.023026 0.464535 0.044202 0.038035
2 0.049753 0.443462 0.050370 0.026727
2 0.497944 0.373561 0.052426 0.061678
