2 0.353415 0.036888 0.090206 0.070876
2 0.443621 0.024807 0.090206 0.046714
2 0.414626 0.090045 0.083763 0.090206
0 0.495973 0.075548 0.091817 0.099871
2 0.525773 0.161727 0.083763 0.075709
2 0.452481 0.193943 0.098260 0.091817
0 0.499195 0.226160 0.098260 0.078930
0 0.214884 0.184278 0.080541 0.082152
0 0.180251 0.264014 0.101482 0.093428
0 0.305896 0.226160 0.111147 0.107925
0 0.268847 0.284149 0.082152 0.075709
0 0.239852 0.335696 0.120812 0.085374
2 0.374356 0.270457 0.064433 0.077320
1 0.353415 0.323615 0.103093 0.090206
0 0.450064 0.293814 0.103093 0.107925
0 0.558795 0.258376 0.091817 0.095039
0 0.702964 0.173808 0.106314 0.083763
2 0.637726 0.206830 0.062822 0.075709
0 0.589401 0.310728 0.101482 0.090206
0 0.581347 0.368718 0.098260 0.080541
0 0.636920 0.408183 0.061211 0.072487
0 0.727932 0.253544 0.101482 0.091817
2 0.192332 0.131121 0.064433 0.056379
