2 0.069285 0.122225 0.038035 0.042146
2 0.106805 0.111431 0.032895 0.043174
2 0.164885 0.096012 0.031867 0.037007
2 0.181332 0.074938 0.033923 0.040090
2 0.214741 0.091900 0.043174 0.032895
2 0.134560 0.163343 0.047286 0.025699
2 0.259971 0.126336 0.039062 0.046258
2 0.306229 0.143298 0.047286 0.049342
2 0.328845 0.207031 0.039062 0.032895
2 0.629009 0.024054 0.034951 0.039062
2 0.052837 0.563220 0.046258 0.046258
2 0.014289 0.551912 0.024671 0.042146
2 0.108861 0.866468 0.043174 0.038035
2 0.120169 0.915810 0.037007 0.040090
2 0.180304 0.832031 0.038035 0.032895
2 0.404914 0.565275 0.041118 0.038035
2 0.445004 0.586863 0.045230 0.040090
2 0.285156 0.713816 0.044202 0.034951
