2 0.232251 0.213289 0.089502 0.059163
2 0.165504 0.210255 0.059163 0.037925
2 0.183708 0.253489 0.068265 0.048544
2 0.210255 0.307342 0.060680 0.034891
2 0.204945 0.328580 0.043993 0.071299
2 0.322512 0.319478 0.066748 0.071299
2 0.304308 0.358920 0.066748 0.043993
2 0.295965 0.406705 0.062197 0.069782
2 0.305825 0.453732 0.072816 0.069782
2 0.376365 0.471177 0.050061 0.059163
2 0.413532 0.481796 0.060680 0.062197
2 0.420358 0.424909 0.037925 0.045510
2 0.462075 0.480279 0.039442 0.059163
2 0.458283 0.536408 0.062197 0.077367
2 0.419600 0.569782 0.063714 0.053095
2 0.388501 0.604672 0.065231 0.056129
2 0.295965 0.644114 0.053095 0.056129
2 0.278519 0.568265 0.054612 0.062197
2 0.327822 0.567506 0.071299 0.066748
2 0.280795 0.543993 0.074333 0.056129
2 0.265625 0.496966 0.040959 0.053095
2 0.242870 0.427943 0.059163 0.087985
2 0.236802 0.451456 0.043993 0.043993
2 0.204945 0.456766 0.047027 0.057646
2 0.185983 0.486347 0.063714 0.047027
2 0.116201 0.449181 0.072816 0.054612
2 0.051729 0.543993 0.059163 0.062197
2 0.094964 0.484830 0.051578 0.047027
2 0.043386 0.499242 0.057646 0.039442
2 0.531098 0.044903 0.043993 0.059163
2 0.317203 0.119994 0.080400 0.066748
2 0.247421 0.083586 0.031857 0.039442
2 0.248938 0.114684 0.056129 0.043993
2 0.450698 0.271693 0.053095 0.060680
2 0.502275 0.280036 0.050061 0.047027
2 0.503034 0.347542 0.060680 0.066748
2 0.533374 0.380916 0.051578 0.075850
2 0.560680 0.297482 0.045510 0.051578
2 0.574333 0.175364 0.033374 0.071299
2 0.799606 0.115443 0.037925 0.021238
2 0.622876 0.512894 0.072816 0.057646
2 0.580400 0.620601 0.066748 0.063714
2 0.611499 0.663076 0.050061 0.036408
2 0.449181 0.914138 0.068265 0.068265
2 0.380916 0.908829 0.053095 0.051578
2 0.375607 0.944478 0.057646 0.071299
2 0.308859 0.954339 0.072816 0.066748
2 0.258040 0.973301 0.071299 0.016687
2 0.370297 0.956614 0.071299 0.037925
2 0.452973 0.972542 0.078883 0.051578
2 0.719964 0.537166 0.060680 0.063714
2 0.716171 0.472694 0.040959 0.053095
2 0.766990 0.510619 0.057646 0.059163
2 0.771541 0.559921 0.063714 0.051578
2 0.696450 0.576608 0.050061 0.039442
2 0.680522 0.518204 0.033374 0.053095
2 0.873180 0.446147 0.060680 0.060680
2 0.931584 0.481038 0.050061 0.072816
2 0.972998 0.428288 0.054005 0.073507
2 0.927033 0.384709 0.007585 0.068265
2 0.917172 0.385467 0.030340 0.039442
2 0.928550 0.439320 0.053095 0.080400
2 0.882282 0.402154 0.033374 0.078883
2 0.855734 0.945995 0.065231 0.022755
2 0.848908 0.967233 0.045510 0.034891
2 0.892900 0.980127 0.045510 0.033374
2 0.729824 0.936893 0.050061 0.043993
2 0.721481 0.970267 0.048544 0.010619
2 0.732100 0.982403 0.048544 0.022755
2 0.622118 0.933859 0.040959 0.043993
2 0.588744 0.936135 0.056129 0.039442
2 0.720722 0.235285 0.037925 0.039442
2 0.758647 0.252731 0.037925 0.056129
2 0.682797 0.301274 0.043993 0.043993
2 0.648665 0.294448 0.024272 0.030340
2 0.630461 0.310376 0.039442 0.034891
2 0.506826 0.242112 0.074333 0.059163
2 0.484072 0.034284 0.043993 0.062197
2 0.864078 0.117718 0.036408 0.053095
2 0.050971 0.148817 0.048544 0.039442
2 0.051729 0.054005 0.050061 0.040959
2 0.100273 0.049454 0.043993 0.037925
2 0.894417 0.887591 0.048544 0.045510
