2 0.625899 0.317334 0.053957 0.064074
2 0.786084 0.110499 0.059577 0.050585
2 0.808566 0.153215 0.048336 0.057329
2 0.931093 0.134105 0.055081 0.048336
2 0.920976 0.195369 0.073067 0.051709
2 0.960881 0.242019 0.058453 0.075315
2 0.964254 0.421313 0.056205 0.078687
2 0.978192 0.356493 0.043615 0.065955
2 0.899618 0.372415 0.050585 0.055081
2 0.867019 0.421875 0.052833 0.066322
2 0.669739 0.438174 0.049460 0.067446
1 0.498314 0.394897 0.059577 0.061826
2 0.870391 0.577563 0.059577 0.065198
2 0.931655 0.579249 0.056205 0.057329
2 0.965378 0.547212 0.042716 0.060701
2 0.811938 0.736623 0.048336 0.066322
2 0.867581 0.697280 0.058453 0.061826
2 0.899056 0.817558 0.060701 0.066322
2 0.958071 0.813062 0.061826 0.086556
2 0.977068 0.890397 0.045863 0.092845
2 0.859712 0.881632 0.074191 0.082059
2 0.935589 0.888377 0.043840 0.100045
2 0.659060 0.888939 0.064074 0.071942
2 0.642761 0.792828 0.058453 0.088804
1 0.875450 0.956947 0.071942 0.073067
2 0.790580 0.944020 0.061826 0.076439
2 0.795076 0.856340 0.048336 0.062950
2 0.708521 0.823741 0.050585 0.065198
