2 0.258943 0.358141 0.059622 0.059622
2 0.211657 0.323705 0.043174 0.042146
2 0.175678 0.300062 0.047286 0.056538
2 0.079050 0.476871 0.055510 0.042146
2 0.312911 0.362253 0.046258 0.049342
2 0.168483 0.511822 0.041118 0.046258
2 0.189556 0.614618 0.044202 0.054482
2 0.228618 0.619757 0.038035 0.038035
2 0.256887 0.666530 0.047286 0.055510
2 0.315481 0.630551 0.053454 0.053454
2 0.200863 0.370991 0.056538 0.052426
2 0.313939 0.972348 0.064762 0.046258
2 0.239926 0.968236 0.056538 0.056538
2 0.341180 0.946649 0.063734 0.060650
2 0.240440 0.911184 0.061678 0.039062
2 0.158717 0.454770 0.046258 0.037007
2 0.353002 0.681949 0.050370 0.049342
2 0.305201 0.685547 0.039062 0.048314
