2 0.264312 0.638524 0.081408 0.064338
2 0.188813 0.692358 0.085347 0.066964
2 0.431723 0.696954 0.082721 0.084034
2 0.224265 0.773109 0.101103 0.068277
2 0.285320 0.708114 0.073529 0.069590
2 0.357537 0.735032 0.070903 0.078782
2 0.177652 0.557117 0.044643 0.045956
2 0.226891 0.573529 0.040704 0.055147
2 0.249212 0.492778 0.048582 0.056460
2 0.276786 0.568277 0.064338 0.063025
2 0.369354 0.832195 0.086660 0.057773
2 0.768514 0.515756 0.076155 0.078782
2 0.830882 0.475053 0.061712 0.044643
2 0.385110 0.488183 0.081408 0.047269
2 0.435662 0.514443 0.059086 0.052521
2 0.360819 0.912290 0.074842 0.060399
2 0.199974 0.906381 0.055147 0.056460
2 0.232799 0.879464 0.068277 0.078782
2 0.484244 0.844013 0.061712 0.068277
2 0.181400 0.969932 0.062642 0.060137
2 0.132353 0.698267 0.035452 0.073529
