2 0.283116 0.171175 0.051306 0.055970
2 0.292444 0.123951 0.065299 0.052472
2 0.267957 0.070313 0.062966 0.054804
2 0.223647 0.053405 0.058302 0.062966
2 0.467351 0.058069 0.062966 0.062966
2 0.540812 0.065648 0.111940 0.103778
2 0.624184 0.112873 0.110774 0.100280
2 0.768773 0.108792 0.087453 0.094450
2 0.712803 0.075560 0.099114 0.095616
2 0.810751 0.189832 0.073461 0.074627
2 0.922108 0.197411 0.104944 0.082789
2 0.964086 0.331507 0.055970 0.073461
2 0.943097 0.509328 0.086287 0.079291
2 0.424207 0.468517 0.051306 0.062966
2 0.240555 0.189249 0.059468 0.052472
2 0.219566 0.154851 0.066465 0.053638
2 0.483092 0.165928 0.059468 0.061800
2 0.473764 0.506996 0.068797 0.060634
2 0.692980 0.170009 0.089785 0.102612
2 0.905784 0.265042 0.076959 0.080457
