1 0.325721 0.395651 0.059003 0.062281
1 0.392920 0.354677 0.068837 0.074301
1 0.288024 0.205529 0.049170 0.055726
1 0.368335 0.230660 0.050262 0.062281
1 0.440450 0.277644 0.072115 0.060096
1 0.509834 0.348121 0.075393 0.072115
1 0.662260 0.303868 0.061189 0.075393
1 0.736560 0.045455 0.059003 0.076486
1 0.619646 0.033982 0.048077 0.046984
1 0.787915 0.347028 0.043706 0.045892
0 0.736014 0.333370 0.057911 0.055726
1 0.936517 0.479240 0.041521 0.065559
1 0.904283 0.529502 0.042614 0.078671
1 0.885708 0.572662 0.068837 0.077579
1 0.828344 0.500546 0.021853 0.053540
1 0.765516 0.581949 0.040428 0.067745
1 0.755682 0.726726 0.071023 0.108173
1 0.980223 0.766608 0.017483 0.087413
1 0.705420 0.792832 0.073208 0.093969
1 0.566106 0.722356 0.041521 0.066652
1 0.498361 0.708698 0.059003 0.076486
1 0.565013 0.659528 0.039336 0.052448
1 0.672094 0.662806 0.063374 0.059003
1 0.670455 0.604895 0.042614 0.056818
1 0.462303 0.464489 0.072115 0.088505
0 0.470498 0.442089 0.016390 0.043706
0 0.389642 0.467220 0.053540 0.076486
