2 0.872721 0.269965 0.045573 0.034722
2 0.915039 0.299262 0.039062 0.045573
2 0.874891 0.311198 0.043403 0.043403
2 0.478299 0.511393 0.031467 0.035807
2 0.503798 0.577040 0.034722 0.036892
2 0.528212 0.668728 0.044488 0.048828
2 0.706163 0.798394 0.035807 0.041233
2 0.735156 0.917188 0.040625 0.043750
2 0.672656 0.953906 0.046875 0.051562
2 0.687500 0.886719 0.035937 0.045312
2 0.788281 0.901563 0.037500 0.040625
2 0.587500 0.788281 0.045312 0.048438
2 0.753906 0.831250 0.046875 0.043750
2 0.812500 0.931250 0.035937 0.043750
2 0.717969 0.950781 0.037500 0.032813
2 0.637500 0.874219 0.032813 0.048438
