1 0.504027 0.486308 0.088595 0.096649
1 0.450064 0.604704 0.090206 0.098260
1 0.404156 0.537049 0.104704 0.104704
1 0.565238 0.603093 0.107925 0.107925
1 0.651418 0.556379 0.106314 0.088595
2 0.744040 0.125483 0.075709 0.099871
1 0.549936 0.172197 0.086985 0.077320
2 0.456508 0.172197 0.090206 0.080541
1 0.533022 0.292204 0.095039 0.101482
2 0.507249 0.214079 0.107925 0.125644
2 0.258376 0.283344 0.103093 0.096649
1 0.055412 0.270457 0.109536 0.096649
1 0.064272 0.399323 0.107925 0.112758
1 0.173808 0.475838 0.091817 0.059601
1 0.102932 0.579736 0.124034 0.096649
1 0.272874 0.591817 0.119201 0.085374
1 0.151256 0.665110 0.156250 0.086985
1 0.925258 0.732764 0.077320 0.067655
1 0.910760 0.788338 0.099871 0.111147
