2 0.495404 0.073529 0.064338 0.068015
2 0.482537 0.178309 0.075368 0.064338
2 0.125919 0.024816 0.079044 0.044118
2 0.109375 0.079963 0.064338 0.062500
2 0.038603 0.079963 0.066176 0.062500
2 0.040441 0.022059 0.073529 0.038603
2 0.280331 0.115809 0.060662 0.071691
2 0.224265 0.143382 0.073529 0.079044
2 0.213235 0.233456 0.051471 0.075368
2 0.244485 0.217831 0.062500 0.066176
2 0.193934 0.431066 0.056985 0.047794
2 0.258272 0.402574 0.049632 0.049632
2 0.252757 0.463235 0.042279 0.053309
2 0.409007 0.469669 0.045956 0.047794
2 0.419118 0.521140 0.051471 0.040441
2 0.395221 0.261029 0.073529 0.071691
2 0.397059 0.148897 0.058824 0.068015
2 0.342831 0.206801 0.068015 0.062500
2 0.300551 0.259191 0.071691 0.071691
2 0.367647 0.464154 0.040441 0.047794
0 0.193934 0.569853 0.042279 0.038603
0 0.164522 0.598346 0.042279 0.036765
0 0.074449 0.647059 0.038603 0.034926
0 0.028493 0.656250 0.034926 0.038603
0 0.180147 0.526654 0.025735 0.029412
2 0.218750 0.055147 0.044118 0.064338
2 0.789522 0.931066 0.034926 0.029412
2 0.943015 0.575368 0.036765 0.045956
2 0.746324 0.975184 0.040441 0.033088
2 0.761949 0.953125 0.056985 0.047794
2 0.551471 0.854779 0.040441 0.038603
2 0.977941 0.628676 0.033088 0.023897
2 0.172794 0.085478 0.044118 0.047794
