2 0.120302 0.668269 0.074301 0.039336
2 0.129043 0.694493 0.043706 0.061189
2 0.198973 0.690669 0.056818 0.042614
2 0.289663 0.861123 0.045892 0.042614
2 0.710337 0.788462 0.054633 0.056818
2 0.722356 0.727273 0.041521 0.034965
2 0.675372 0.679742 0.052448 0.042614
2 0.652972 0.646962 0.038243 0.040428
2 0.760599 0.632212 0.067745 0.069930
2 0.770979 0.679742 0.040428 0.066652
2 0.767701 0.743116 0.055726 0.042614
2 0.656250 0.830529 0.064467 0.040428
2 0.698317 0.857299 0.045892 0.045892
2 0.634943 0.876420 0.061189 0.040428
2 0.684659 0.893903 0.046984 0.049170
2 0.772072 0.824519 0.046984 0.054633
2 0.929961 0.895542 0.063374 0.056818
2 0.963833 0.923405 0.039336 0.040428
2 0.941434 0.519122 0.036058 0.029502
2 0.943619 0.544253 0.046984 0.049170
