1 0.496149 0.121479 0.137544 0.113336
1 0.577575 0.278279 0.181558 0.140845
1 0.617738 0.413622 0.178257 0.162852
1 0.479643 0.431228 0.146347 0.162852
1 0.379511 0.347601 0.113336 0.151849
1 0.349252 0.503301 0.169454 0.152949
1 0.525858 0.516505 0.133143 0.159551
1 0.402069 0.619938 0.160651 0.119938
1 0.892276 0.833407 0.139745 0.170555
1 0.770136 0.927487 0.157350 0.127641
1 0.243068 0.473592 0.115537 0.183759
2 0.769586 0.489547 0.121039 0.140845
2 0.728873 0.584727 0.123239 0.130942
1 0.646347 0.715669 0.134243 0.135343
1 0.726122 0.674956 0.115537 0.106734
