1 0.651586 0.255131 0.085121 0.083955
1 0.728545 0.255131 0.061800 0.069963
1 0.748951 0.180504 0.069963 0.065299
1 0.671992 0.190998 0.086287 0.060634
1 0.630597 0.027752 0.087453 0.046642
1 0.710471 0.034165 0.058302 0.057136
2 0.079641 0.206740 0.067631 0.061800
2 0.190415 0.217817 0.069963 0.065299
2 0.452775 0.192164 0.060634 0.051306
2 0.456856 0.136194 0.061800 0.055970
2 0.298274 0.132696 0.064132 0.060634
2 0.183419 0.163013 0.069963 0.062966
2 0.136777 0.234725 0.058302 0.068797
2 0.127449 0.167677 0.051306 0.060634
2 0.210821 0.021339 0.071129 0.038479
2 0.375233 0.532649 0.057136 0.065299
2 0.621269 0.898204 0.075793 0.082789
2 0.794684 0.971875 0.087805 0.056250
2 0.840625 0.863281 0.079687 0.085938
2 0.684375 0.871875 0.079687 0.068750
2 0.153125 0.031250 0.073438 0.050000
2 0.735938 0.782813 0.067187 0.075000
2 0.976953 0.901740 0.046094 0.062855
2 0.050000 0.719531 0.060937 0.048438
2 0.687500 0.935156 0.076563 0.067187
