2 0.862956 0.683919 0.048828 0.037435
2 0.836100 0.732747 0.043945 0.060221
2 0.791341 0.755534 0.052083 0.063477
2 0.955729 0.842611 0.058594 0.068359
2 0.894694 0.874349 0.060221 0.063477
2 0.906901 0.906901 0.058594 0.053711
2 0.883301 0.963053 0.066732 0.052083
2 0.963867 0.906087 0.058594 0.058594
2 0.977051 0.929954 0.045898 0.054244
2 0.933757 0.957357 0.053711 0.060221
2 0.941380 0.020915 0.061250 0.041829
2 0.956543 0.150065 0.060221 0.060221
2 0.942708 0.089030 0.065104 0.055339
2 0.979492 0.080678 0.041016 0.067932
2 0.963867 0.208659 0.061849 0.056966
2 0.907715 0.250977 0.056966 0.073242
2 0.641748 0.025798 0.071323 0.051595
2 0.876790 0.139486 0.076497 0.061849
2 0.231445 0.759603 0.048828 0.048828
