2 0.198808 0.652138 0.052426 0.041118
2 0.127364 0.561164 0.055510 0.058594
2 0.068771 0.459396 0.041118 0.056538
2 0.043586 0.311883 0.048314 0.047286
2 0.088816 0.303146 0.040090 0.042146
2 0.064659 0.378701 0.039062 0.053454
2 0.030736 0.565789 0.041118 0.039062
2 0.047697 0.599712 0.033923 0.037007
2 0.017373 0.692743 0.030839 0.042146
2 0.042558 0.721012 0.054482 0.041118
2 0.019428 0.769840 0.034951 0.044202
2 0.054893 0.768298 0.029811 0.043174
2 0.028680 0.823294 0.039062 0.048314
2 0.073910 0.846937 0.041118 0.046258
2 0.108861 0.826891 0.049342 0.041118
2 0.083162 0.783717 0.055510 0.039062
2 0.077508 0.895765 0.048314 0.047286
2 0.116571 0.885999 0.040090 0.056538
2 0.025596 0.966694 0.045230 0.041118
2 0.064659 0.929174 0.045230 0.048314
2 0.083162 0.957442 0.041118 0.043174
2 0.031764 0.905016 0.037007 0.051398
2 0.090358 0.691715 0.047286 0.056538
2 0.135588 0.716386 0.045230 0.038035
2 0.175678 0.700966 0.045230 0.052426
2 0.245066 0.519017 0.054482 0.044202
2 0.293380 0.496402 0.052426 0.050370
2 0.295950 0.533409 0.049342 0.038035
2 0.261513 0.433697 0.052426 0.048314
2 0.364823 0.342208 0.037007 0.040090
2 0.393606 0.360197 0.037007 0.057566
2 0.374075 0.397204 0.045230 0.037007
2 0.412623 0.431127 0.042146 0.051398
2 0.455284 0.405428 0.049342 0.043174
2 0.600226 0.584293 0.051398 0.053454
2 0.608450 0.659334 0.051398 0.047286
2 0.391036 0.766756 0.054482 0.058594
2 0.356600 0.831003 0.039062 0.047286
2 0.314967 0.839227 0.048314 0.043174
2 0.313939 0.792455 0.054482 0.040090
2 0.302118 0.726151 0.051398 0.047286
2 0.862356 0.497944 0.047286 0.055510
2 0.851562 0.460424 0.054482 0.038035
2 0.890111 0.446032 0.059622 0.054482
2 0.942023 0.473787 0.054482 0.046258
2 0.907586 0.530325 0.037007 0.048314
2 0.970292 0.534437 0.049342 0.054482
2 0.128906 0.671155 0.044202 0.042146
2 0.345806 0.728721 0.027755 0.048314
2 0.069285 0.636205 0.052426 0.048314
2 0.222965 0.405428 0.041118 0.047286
