1 0.026754 0.478080 0.042716 0.097797
1 0.190310 0.464591 0.075315 0.070818
1 0.272370 0.505621 0.073067 0.060701
1 0.240333 0.586556 0.065198 0.069694
1 0.376349 0.344874 0.065198 0.049460
1 0.397707 0.266187 0.038219 0.047212
1 0.449415 0.290917 0.033723 0.060701
1 0.492131 0.251574 0.058453 0.051709
1 0.497752 0.191434 0.069694 0.055081
1 0.537657 0.289793 0.021358 0.071942
1 0.452788 0.538219 0.058453 0.051709
1 0.524730 0.567446 0.047212 0.044964
1 0.510117 0.626461 0.051709 0.048336
1 0.469087 0.652878 0.052833 0.058453
1 0.427496 0.589928 0.052833 0.035971
1 0.332509 0.557329 0.033723 0.040468
1 0.376911 0.590490 0.034847 0.055081
1 0.253260 0.701776 0.028103 0.034847
1 0.302720 0.700652 0.028103 0.043840
1 0.348246 0.703462 0.031475 0.035971
1 0.396021 0.676484 0.048336 0.060701
1 0.404451 0.729317 0.049460 0.033723
1 0.014388 0.733251 0.024730 0.066322
