2 0.225979 0.379314 0.079291 0.068797
2 0.191581 0.437034 0.073461 0.074627
2 0.261544 0.427122 0.066465 0.073461
2 0.258046 0.497085 0.075793 0.071129
2 0.260961 0.582789 0.074627 0.069963
2 0.312267 0.621269 0.076959 0.079291
2 0.336171 0.683652 0.089785 0.073461
2 0.253965 0.673741 0.081623 0.069963
2 0.606110 0.651586 0.076959 0.076959
2 0.543727 0.662080 0.066465 0.076959
2 0.504664 0.695896 0.079291 0.060634
2 0.554221 0.731460 0.068797 0.080457
2 0.598531 0.793260 0.089785 0.075793
2 0.572878 0.848064 0.082789 0.068797
2 0.781017 0.869636 0.081623 0.086287
2 0.847481 0.889459 0.072295 0.088619
2 0.897038 0.917444 0.073461 0.093284
2 0.874300 0.711054 0.067631 0.067631
2 0.955340 0.690065 0.059468 0.062966
2 0.947178 0.756530 0.064132 0.062966
2 0.679571 0.594450 0.069963 0.083955
2 0.735541 0.624767 0.079291 0.079291
2 0.743703 0.688899 0.076959 0.060634
2 0.841068 0.564132 0.075793 0.081623
2 0.878382 0.477845 0.073461 0.083955
2 0.918027 0.427705 0.066465 0.069963
2 0.913363 0.367071 0.071129 0.065299
