2 0.161084 0.084645 0.095549 0.086556
2 0.116120 0.176259 0.091052 0.096673
2 0.058790 0.280238 0.095549 0.073067
2 0.431430 0.146470 0.101169 0.106790
2 0.551709 0.168952 0.112410 0.122527
2 0.421313 0.046425 0.107914 0.066322
2 0.544964 0.076214 0.105665 0.098921
2 0.919852 0.383656 0.106790 0.084308
2 0.890625 0.249888 0.086556 0.084308
2 0.914231 0.095886 0.077563 0.057329
2 0.935589 0.062163 0.043840 0.070818
2 0.983363 0.085207 0.029227 0.044964
2 0.931655 0.456722 0.078687 0.075315
2 0.769784 0.643323 0.083183 0.075315
2 0.851844 0.682666 0.053957 0.088804
2 0.698404 0.677608 0.091052 0.083183
2 0.791704 0.734375 0.064074 0.077563
2 0.873201 0.741682 0.060701 0.069694
2 0.058228 0.555081 0.071942 0.076439
2 0.092513 0.526978 0.091052 0.089928
2 0.342626 0.387028 0.076439 0.075315
2 0.227968 0.243143 0.096673 0.113534
2 0.209982 0.342626 0.087680 0.101169
2 0.323516 0.469649 0.074191 0.058453
2 0.425247 0.475270 0.091052 0.076439
2 0.417379 0.407824 0.057329 0.047212
2 0.436488 0.379721 0.079811 0.083183
2 0.434802 0.324078 0.067446 0.055081
2 0.521358 0.306093 0.067446 0.070818
2 0.444357 0.244267 0.111286 0.113534
2 0.263939 0.397707 0.065198 0.058453
2 0.269559 0.467963 0.062950 0.075315
2 0.123426 0.643323 0.076439 0.068570
2 0.040243 0.664681 0.065198 0.102293
2 0.049236 0.172887 0.080935 0.134892
2 0.053732 0.345436 0.051709 0.052833
2 0.320144 0.224595 0.094424 0.092176
2 0.242581 0.036308 0.085432 0.057329
2 0.288669 0.088579 0.092176 0.069694
2 0.108813 0.039119 0.121403 0.076439
