2 0.200000 0.843750 0.101562 0.075000
2 0.190365 0.971094 0.072917 0.054688
2 0.257472 0.968750 0.085256 0.059375
2 0.871875 0.881250 0.051562 0.059375
2 0.768750 0.930469 0.057813 0.045312
0 0.817969 0.967969 0.059375 0.042188
0 0.107031 0.953125 0.118750 0.081250
0 0.278125 0.889844 0.070312 0.060937
0 0.191406 0.925000 0.071875 0.053125
0 0.258594 0.933594 0.068750 0.051562
0 0.968359 0.453516 0.060156 0.103906
2 0.037500 0.707031 0.073438 0.079687
2 0.023828 0.776866 0.047656 0.100608
2 0.436719 0.186719 0.053125 0.045312
2 0.466406 0.167187 0.053125 0.031250
1 0.887500 0.921875 0.054688 0.037500
