2 0.485503 0.620812 0.086985 0.072487
2 0.564433 0.656250 0.064433 0.075709
2 0.654639 0.670747 0.074098 0.062822
2 0.705380 0.513692 0.072487 0.080541
2 0.969878 0.411798 0.060245 0.070052
2 0.947809 0.353415 0.064433 0.059601
2 0.931701 0.210857 0.051546 0.051546
2 0.439594 0.326836 0.056379 0.061211
2 0.686050 0.264014 0.046714 0.070876
2 0.372745 0.263209 0.077320 0.046714
2 0.386437 0.313950 0.049936 0.051546
2 0.264820 0.296231 0.054768 0.045103
2 0.197970 0.346972 0.059601 0.046714
2 0.375161 0.038499 0.033827 0.045103
2 0.340528 0.025612 0.054768 0.045103
2 0.272874 0.077964 0.048325 0.056379
2 0.303479 0.057829 0.048325 0.054768
2 0.288177 0.024001 0.043492 0.028995
2 0.228576 0.077159 0.043492 0.048325
2 0.026901 0.037941 0.053802 0.049439
2 0.128705 0.274485 0.049936 0.049936
2 0.095683 0.315561 0.045103 0.035438
2 0.120651 0.348582 0.053157 0.037049
2 0.019974 0.841495 0.035438 0.040271
2 0.049774 0.934923 0.043492 0.037049
2 0.014014 0.979422 0.028028 0.035035
2 0.014820 0.945071 0.029639 0.036082
2 0.009987 0.893757 0.019974 0.038839
2 0.575709 0.823776 0.090206 0.107925
2 0.713434 0.822165 0.059601 0.069265
