2 0.761949 0.569853 0.060662 0.060662
2 0.717831 0.614890 0.064338 0.044118
2 0.828125 0.585478 0.053309 0.069853
2 0.559743 0.639706 0.053309 0.071691
2 0.382353 0.909926 0.062500 0.049632
2 0.523897 0.803309 0.047794 0.045956
2 0.492647 0.794118 0.047794 0.042279
2 0.532169 0.844669 0.056985 0.047794
2 0.862132 0.799632 0.055147 0.045956
1 0.244485 0.118566 0.091912 0.095588
1 0.138787 0.049632 0.090074 0.090074
1 0.060662 0.111213 0.099265 0.099265
1 0.057904 0.047794 0.075368 0.060662
2 0.180147 0.174632 0.084559 0.082721
2 0.263787 0.212316 0.071691 0.069853
2 0.282169 0.293199 0.097426 0.088235
1 0.214154 0.361213 0.093750 0.088235
1 0.122243 0.395221 0.104779 0.090074
2 0.086397 0.258272 0.055147 0.051471
1 0.027574 0.339154 0.055147 0.099265
1 0.130515 0.492647 0.091912 0.097426
2 0.214154 0.447610 0.075368 0.077206
2 0.225184 0.567096 0.068015 0.044118
2 0.306985 0.573529 0.062500 0.056985
2 0.261949 0.616728 0.053309 0.051471
2 0.292279 0.660846 0.044118 0.055147
1 0.142463 0.840074 0.071691 0.075368
1 0.205882 0.900735 0.051471 0.060662
1 0.314338 0.927390 0.077206 0.069853
2 0.497243 0.655331 0.068015 0.069853
2 0.512868 0.551471 0.073529 0.064338
2 0.456801 0.606618 0.064338 0.064338
2 0.700368 0.414522 0.055147 0.040441
2 0.698529 0.451287 0.044118 0.033088
1 0.606618 0.136029 0.095588 0.090074
1 0.530331 0.052390 0.097426 0.099265
2 0.431985 0.128676 0.069853 0.068015
1 0.352941 0.102941 0.069853 0.068015
1 0.315257 0.156250 0.056985 0.064338
1 0.628676 0.034926 0.055147 0.053309
1 0.526654 0.185662 0.079044 0.071691
2 0.571691 0.269301 0.091912 0.088235
2 0.674632 0.289522 0.073529 0.088235
2 0.893382 0.381434 0.084559 0.088235
2 0.699449 0.112132 0.075368 0.086397
2 0.704044 0.034926 0.066176 0.068015
2 0.757353 0.060662 0.051471 0.056985
2 0.752757 0.229779 0.097426 0.104779
2 0.862132 0.452206 0.047794 0.049632
2 0.761949 0.425551 0.045956 0.051471
1 0.690257 0.382353 0.045956 0.027574
2 0.843750 0.488051 0.047794 0.051471
2 0.911765 0.776654 0.040441 0.051471
2 0.975184 0.781250 0.049632 0.045956
