0 0.557664 0.169829 0.100446 0.078125
0 0.485119 0.586496 0.078125 0.070685
0 0.878534 0.361421 0.079985 0.085565
0 0.602307 0.573475 0.070685 0.078125
1 0.556734 0.616257 0.083705 0.063244
1 0.047061 0.785528 0.083705 0.074405
1 0.471168 0.315848 0.072545 0.053943
1 0.546503 0.248884 0.048363 0.050223
0 0.127046 0.127046 0.072545 0.074405
0 0.120536 0.180990 0.081845 0.048363
0 0.182850 0.189360 0.046503 0.057664
0 0.441406 0.169829 0.042783 0.052083
0 0.486049 0.184710 0.068824 0.063244
0 0.533482 0.893415 0.081845 0.066964
0 0.477679 0.933408 0.081845 0.068824
0 0.376302 0.962240 0.076265 0.066964
0 0.872954 0.940848 0.087426 0.102307
0 0.646019 0.428385 0.050223 0.044643
0 0.104725 0.618118 0.046503 0.055804
0 0.969494 0.301835 0.061012 0.096602
2 0.644159 0.100074 0.087426 0.068824
2 0.400484 0.101004 0.053943 0.048363
2 0.455357 0.086124 0.040923 0.048363
2 0.901786 0.267485 0.085565 0.065104
1 0.945499 0.187500 0.072545 0.072545
2 0.956659 0.805990 0.065104 0.070685
2 0.912016 0.855283 0.072545 0.072545
2 0.815290 0.865513 0.061384 0.063244
2 0.854353 0.855283 0.068824 0.053943
2 0.802269 0.953869 0.042783 0.057664
0 0.967634 0.911952 0.064732 0.092877
2 0.051711 0.575335 0.059524 0.063244
2 0.050781 0.850632 0.079985 0.055804
0 0.017299 0.452567 0.027902 0.078125
0 0.058222 0.021949 0.035342 0.024182
0 0.604167 0.031250 0.048363 0.042783
0 0.975074 0.125578 0.049851 0.056588
0 0.849702 0.298177 0.070685 0.055804
0 0.859003 0.694382 0.063244 0.055804
0 0.944568 0.724144 0.044643 0.055804
0 0.019159 0.686012 0.031622 0.068824
2 0.100074 0.712984 0.052083 0.037202
2 0.149368 0.668341 0.068824 0.033482
2 0.175409 0.733445 0.072545 0.063244
2 0.058222 0.451637 0.031622 0.053943
2 0.098214 0.382812 0.070685 0.042783
