2 0.523251 0.226563 0.210193 0.180432
2 0.458147 0.428385 0.199033 0.137649
2 0.848772 0.234933 0.228795 0.156250
2 0.308408 0.401414 0.119048 0.117188
2 0.685082 0.325149 0.154390 0.113467
2 0.841332 0.065662 0.180432 0.119048
2 0.954613 0.117663 0.090774 0.122604
2 0.568824 0.500930 0.115327 0.119048
2 0.473028 0.597656 0.120908 0.133929
2 0.356771 0.604167 0.171131 0.150670
2 0.240513 0.663690 0.150670 0.158110
2 0.545573 0.872954 0.180432 0.178571
2 0.380952 0.811570 0.152530 0.111607
2 0.374442 0.932478 0.228795 0.130208
2 0.273065 0.770647 0.100446 0.074405
2 0.194940 0.814360 0.081845 0.132068
2 0.240513 0.923177 0.113467 0.130208
