2 0.535409 0.517424 0.057329 0.055081
2 0.497190 0.453912 0.064074 0.067446
2 0.317896 0.316210 0.056205 0.082059
2 0.238085 0.365670 0.083183 0.059577
2 0.078462 0.376349 0.058453 0.053957
2 0.114996 0.397145 0.061826 0.066322
2 0.176259 0.474708 0.080935 0.097797
2 0.202113 0.431992 0.085432 0.091052
2 0.297662 0.455036 0.098921 0.060701
2 0.384218 0.416817 0.087680 0.083183
2 0.345998 0.362860 0.067446 0.065198
2 0.410072 0.511241 0.047212 0.058453
2 0.397145 0.473022 0.046088 0.058453
2 0.312275 0.552271 0.089928 0.070818
2 0.275180 0.509555 0.083183 0.073067
2 0.068345 0.528665 0.071942 0.061826
2 0.030126 0.477518 0.044964 0.053957
2 0.035746 0.593862 0.065198 0.073067
2 0.103192 0.606790 0.087680 0.051709
2 0.039119 0.685477 0.062950 0.083183
2 0.368480 0.581497 0.060701 0.055081
2 0.483138 0.550585 0.051709 0.056205
2 0.460656 0.585432 0.089928 0.060701
2 0.415130 0.647257 0.093300 0.076439
2 0.472460 0.665243 0.061826 0.069694
2 0.324078 0.647819 0.066322 0.057329
2 0.390962 0.713017 0.069694 0.064074
2 0.924348 0.610724 0.034847 0.052833
2 0.976619 0.605665 0.035971 0.049460
2 0.680980 0.098696 0.062950 0.056205
2 0.739433 0.104317 0.076439 0.071942
2 0.753485 0.024505 0.102293 0.029227
2 0.962567 0.039681 0.064074 0.057329
2 0.337005 0.089141 0.114658 0.050585
2 0.302720 0.136353 0.059577 0.055081
2 0.213916 0.162208 0.034847 0.052833
2 0.191996 0.215040 0.042716 0.048336
2 0.108813 0.234150 0.062950 0.039344
2 0.123988 0.269559 0.048336 0.040468
2 0.081835 0.061601 0.051709 0.042716
2 0.118930 0.063287 0.053957 0.039344
