1 0.322341 0.041767 0.098407 0.081130
2 0.227945 0.028771 0.087379 0.057542
2 0.203275 0.124023 0.061599 0.059345
2 0.178861 0.090219 0.042819 0.047326
2 0.132662 0.125150 0.057091 0.055589
2 0.078200 0.141677 0.054838 0.061599
2 0.025616 0.186749 0.050331 0.060096
2 0.043269 0.144681 0.055589 0.057091
2 0.031626 0.060922 0.062350 0.057843
2 0.019231 0.106370 0.033053 0.048077
2 0.087966 0.083083 0.054838 0.061599
2 0.050406 0.016602 0.063852 0.029297
2 0.100361 0.028996 0.064603 0.052584
2 0.157452 0.022611 0.051082 0.042819
2 0.122521 0.270508 0.056340 0.036809
2 0.104117 0.297927 0.051082 0.048077
2 0.158579 0.293795 0.039814 0.036809
2 0.155574 0.334360 0.050331 0.044321
2 0.162335 0.379808 0.054838 0.042067
2 0.080078 0.397837 0.046575 0.042067
2 0.128906 0.411734 0.052584 0.047326
2 0.225060 0.402344 0.060096 0.058594
2 0.193134 0.457933 0.054838 0.043570
2 0.146184 0.488356 0.048077 0.045823
2 0.201773 0.511644 0.048077 0.047326
2 0.252103 0.454177 0.042067 0.036058
2 0.178861 0.552584 0.045823 0.048077
2 0.219426 0.579627 0.044321 0.057091
2 0.135291 0.595403 0.051833 0.043570
2 0.155198 0.640850 0.055589 0.033804
2 0.211914 0.622070 0.045823 0.036809
2 0.750901 0.166466 0.043570 0.040565
2 0.673152 0.278020 0.050331 0.044321
2 0.779823 0.236328 0.062350 0.064603
2 0.835787 0.202524 0.061599 0.060096
2 0.905273 0.221304 0.068359 0.054087
2 0.857572 0.298678 0.061599 0.057091
2 0.871469 0.345628 0.074369 0.047326
2 0.919922 0.316331 0.060096 0.066857
2 0.962740 0.374925 0.057091 0.071364
2 0.890625 0.392578 0.093149 0.057091
2 0.824519 0.401217 0.069111 0.039814
1 0.803861 0.357272 0.072867 0.045072
2 0.745643 0.353516 0.046575 0.072115
2 0.728741 0.252855 0.042819 0.081130
2 0.528170 0.950346 0.056340 0.068359
2 0.440072 0.985877 0.054424 0.028245
2 0.385376 0.984375 0.047194 0.031250
2 0.346379 0.919546 0.053335 0.039814
2 0.348257 0.962740 0.048077 0.036058
2 0.490234 0.847806 0.048077 0.049579
2 0.512770 0.805364 0.042067 0.047326
2 0.458308 0.875601 0.038311 0.040565
2 0.410983 0.872221 0.051833 0.044321
2 0.396710 0.829026 0.044321 0.040565
2 0.437275 0.823392 0.042819 0.048828
2 0.384315 0.765925 0.045072 0.052584
2 0.423753 0.768930 0.048828 0.048077
2 0.809120 0.958233 0.042819 0.045072
2 0.042142 0.809120 0.044321 0.044321
2 0.048903 0.848933 0.051833 0.033804
2 0.080078 0.782828 0.045072 0.045823
2 0.092473 0.827900 0.039814 0.038311
2 0.679537 0.837290 0.034555 0.037560
