2 0.430037 0.606110 0.045476 0.039646
2 0.444613 0.655667 0.060634 0.036147
2 0.901702 0.973414 0.058302 0.044310
2 0.821828 0.955340 0.068797 0.071129
2 0.934352 0.494753 0.081623 0.085121
2 0.932603 0.376982 0.085121 0.087453
2 0.878965 0.429454 0.071129 0.078125
2 0.764109 0.435285 0.081623 0.068797
2 0.785098 0.547225 0.088619 0.108442
2 0.841651 0.582789 0.071129 0.062966
2 0.731460 0.498251 0.067631 0.061800
2 0.479011 0.614272 0.038479 0.041978
2 0.698228 0.041161 0.066465 0.043144
2 0.257463 0.150187 0.050140 0.041978
2 0.055154 0.147271 0.048974 0.045476
2 0.102379 0.098298 0.045476 0.043144
2 0.076726 0.059235 0.050140 0.030317
