0 0.792677 0.055154 0.124767 0.099114
0 0.801423 0.164762 0.109608 0.124767
0 0.703475 0.168843 0.121269 0.125933
0 0.641091 0.385728 0.110774 0.118937
0 0.555970 0.455690 0.124767 0.114272
0 0.552472 0.312850 0.122435 0.082789
0 0.078475 0.485424 0.144590 0.129431
0 0.098298 0.605527 0.128265 0.110774
0 0.419543 0.769356 0.071129 0.072295
0 0.749534 0.893540 0.115438 0.101446
0 0.873134 0.776936 0.115438 0.080457
2 0.094799 0.378148 0.088619 0.103778
2 0.178172 0.429454 0.089785 0.101446
2 0.665578 0.088969 0.047808 0.043144
2 0.912780 0.572878 0.092118 0.087453
2 0.966010 0.649470 0.067980 0.061067
2 0.796175 0.695312 0.052472 0.047808
2 0.852146 0.738456 0.066465 0.061800
2 0.767024 0.729711 0.064132 0.058302
2 0.711637 0.781017 0.055970 0.062966
2 0.673741 0.810168 0.066465 0.058302
2 0.958256 0.912197 0.082789 0.092118
2 0.879548 0.942514 0.074627 0.092118
2 0.377565 0.896455 0.078125 0.072295
2 0.281950 0.705224 0.054804 0.051306
2 0.310518 0.558885 0.058302 0.052472
2 0.161264 0.342584 0.060634 0.062966
