2 0.556108 0.022727 0.063920 0.039773
2 0.485795 0.120739 0.079545 0.071023
2 0.585937 0.427557 0.083807 0.073864
2 0.590909 0.496449 0.073864 0.083807
2 0.120739 0.183239 0.076705 0.051136
2 0.202415 0.208807 0.066761 0.051136
2 0.333097 0.279830 0.049716 0.042614
2 0.308949 0.308239 0.046875 0.048295
2 0.382812 0.318892 0.078125 0.072443
2 0.838778 0.529119 0.069602 0.078125
2 0.901989 0.325284 0.065341 0.073864
2 0.934659 0.281250 0.062500 0.051136
2 0.132812 0.451705 0.069602 0.065341
2 0.090909 0.481534 0.065341 0.048295
2 0.129972 0.542614 0.069602 0.090909
2 0.288352 0.396307 0.053977 0.056818
2 0.169034 0.782670 0.102273 0.099432
2 0.096591 0.779830 0.073864 0.082386
2 0.056818 0.843750 0.093750 0.076705
2 0.380682 0.812500 0.062500 0.053977
1 0.394886 0.725852 0.099432 0.088068
1 0.419744 0.666903 0.075284 0.061080
1 0.718040 0.653409 0.106534 0.105114
1 0.842330 0.902699 0.093750 0.098011
2 0.183949 0.158381 0.069602 0.044034
0 0.247159 0.303267 0.076705 0.069602
0 0.170455 0.307528 0.079545 0.080966
0 0.186790 0.534091 0.095170 0.088068
0 0.054688 0.532670 0.092330 0.096591
0 0.331676 0.372159 0.080966 0.065341
0 0.441761 0.455256 0.079545 0.075284
0 0.681108 0.502131 0.103693 0.123580
0 0.606534 0.656960 0.125000 0.112216
0 0.070312 0.955966 0.103693 0.076705
0 0.142756 0.926847 0.083807 0.061080
0 0.857955 0.975852 0.147727 0.048295
0 0.937500 0.926847 0.116477 0.095170
0 0.867188 0.137074 0.109375 0.100852
0 0.808239 0.127131 0.099432 0.083807
0 0.762074 0.042614 0.146307 0.079545
0 0.632102 0.082386 0.167614 0.110795
0 0.539062 0.083807 0.086648 0.102273
0 0.465199 0.061790 0.112216 0.098011
0 0.091619 0.137074 0.063920 0.072443
