2 0.060245 0.777062 0.054768 0.059601
2 0.072326 0.868073 0.069265 0.057990
2 0.036888 0.913177 0.066044 0.045103
2 0.093267 0.908344 0.062822 0.054768
2 0.040110 0.951836 0.069265 0.054768
2 0.115818 0.953447 0.091817 0.061211
2 0.079575 0.689272 0.061211 0.064433
2 0.130316 0.526579 0.078930 0.067655
2 0.223744 0.533022 0.095039 0.077320
2 0.130316 0.447648 0.078930 0.067655
2 0.215689 0.471005 0.069265 0.056379
2 0.194749 0.419459 0.059601 0.053157
2 0.255960 0.440399 0.056379 0.069265
2 0.297036 0.396907 0.057990 0.075709
2 0.345361 0.437178 0.057990 0.072487
2 0.077159 0.400129 0.072487 0.046714
2 0.305896 0.346166 0.066044 0.070876
2 0.375161 0.360664 0.066044 0.064433
2 0.402545 0.396102 0.078930 0.074098
2 0.387242 0.458119 0.080541 0.062822
2 0.038499 0.053802 0.043492 0.046714
2 0.039304 0.098905 0.041881 0.049936
2 0.095683 0.062661 0.038660 0.038660
2 0.114207 0.099710 0.069265 0.048325
2 0.144008 0.044137 0.045103 0.066044
2 0.189111 0.021585 0.057990 0.040271
2 0.187500 0.055412 0.057990 0.040271
2 0.193943 0.085213 0.070876 0.051546
2 0.306701 0.038499 0.064433 0.064433
2 0.040110 0.144008 0.043492 0.040271
2 0.400129 0.222133 0.054768 0.045103
2 0.437178 0.203608 0.057990 0.043492
2 0.462146 0.239046 0.040271 0.059601
2 0.506443 0.236630 0.054768 0.077320
