2 0.634838 0.028356 0.048611 0.056713
2 0.846644 0.023727 0.064815 0.042824
2 0.964988 0.029730 0.070023 0.045571
2 0.927083 0.056134 0.049769 0.047454
2 0.869213 0.082755 0.035880 0.056713
2 0.833333 0.050347 0.047454 0.042824
2 0.735532 0.065972 0.039352 0.057870
2 0.771991 0.096065 0.042824 0.057870
2 0.813079 0.102431 0.041667 0.061343
2 0.908565 0.116898 0.056713 0.055556
2 0.961227 0.111111 0.046296 0.053241
2 0.563079 0.229745 0.046296 0.049769
2 0.776620 0.355324 0.065972 0.060185
2 0.814236 0.410880 0.046296 0.050926
2 0.752315 0.423032 0.065972 0.070602
2 0.814815 0.486111 0.077546 0.067130
2 0.914352 0.568287 0.035880 0.060185
2 0.949653 0.592593 0.032407 0.053241
2 0.877315 0.682870 0.035880 0.055556
2 0.890046 0.785880 0.052083 0.074074
2 0.708912 0.921875 0.057870 0.082176
2 0.390046 0.927662 0.038194 0.031250
2 0.423611 0.937500 0.033565 0.050926
2 0.432870 0.851852 0.038194 0.057870
2 0.460069 0.828704 0.037037 0.050926
2 0.430556 0.803819 0.033565 0.031250
2 0.403356 0.811343 0.032407 0.043981
2 0.357639 0.802662 0.052083 0.054398
2 0.373843 0.887153 0.042824 0.042824
2 0.369213 0.962963 0.063657 0.041667
2 0.456019 0.706019 0.056713 0.062500
2 0.458333 0.671296 0.059028 0.043981
2 0.409144 0.422454 0.055556 0.050926
2 0.389468 0.460069 0.050926 0.038194
