2 0.673611 0.614294 0.063657 0.060764
2 0.753906 0.565828 0.067998 0.070891
2 0.730035 0.607060 0.060764 0.054977
2 0.718461 0.659867 0.046296 0.041956
2 0.635995 0.669994 0.060764 0.062211
2 0.692419 0.703993 0.057870 0.054977
2 0.747396 0.715567 0.049190 0.054977
2 0.676505 0.750289 0.072338 0.049190
2 0.669271 0.081163 0.063657 0.065104
2 0.382089 0.400897 0.067998 0.067998
2 0.310475 0.194734 0.060764 0.057870
2 0.128183 0.599103 0.054977 0.062211
2 0.062355 0.646846 0.076678 0.067998
2 0.022569 0.594039 0.031829 0.060764
2 0.071759 0.580295 0.052083 0.053530
