2 0.127950 0.318073 0.080857 0.090691
2 0.598885 0.869865 0.059003 0.055726
2 0.264532 0.867679 0.072115 0.073208
2 0.191871 0.855660 0.064467 0.044799
2 0.185861 0.918488 0.074301 0.069930
2 0.161823 0.967657 0.085227 0.050262
2 0.757867 0.904283 0.071023 0.078671
2 0.644231 0.943619 0.086320 0.048077
2 0.690122 0.962194 0.088505 0.021853
2 0.791193 0.970389 0.074301 0.046984
2 0.943619 0.109921 0.079764 0.080857
2 0.958370 0.237762 0.067745 0.104895
2 0.922858 0.316434 0.055726 0.072115
2 0.972629 0.336558 0.054742 0.066473
