2 0.276042 0.181250 0.045139 0.040972
2 0.347569 0.184375 0.047917 0.031944
2 0.375694 0.131944 0.040278 0.047917
2 0.304861 0.174653 0.033333 0.041667
2 0.254861 0.238542 0.055556 0.038889
2 0.253819 0.420486 0.038194 0.040278
2 0.495833 0.179861 0.056944 0.050694
2 0.653125 0.183681 0.071528 0.072222
2 0.392708 0.182292 0.036806 0.054167
2 0.545139 0.198611 0.041667 0.045139
2 0.861806 0.297917 0.065278 0.054861
2 0.835069 0.361111 0.049306 0.049306
2 0.887153 0.385764 0.065972 0.063889
2 0.220162 0.486758 0.042373 0.034428
2 0.210893 0.451006 0.045021 0.038842
2 0.200742 0.515448 0.047669 0.060028
2 0.287253 0.590484 0.049435 0.047669
2 0.300053 0.663312 0.052083 0.048552
1 0.444386 0.838542 0.086511 0.086511
2 0.836776 0.662871 0.052083 0.049435
1 0.891508 0.830597 0.066208 0.063559
1 0.852225 0.878266 0.047669 0.052966
1 0.845604 0.934322 0.067973 0.053849
1 0.903425 0.936088 0.045904 0.045021
2 0.848746 0.989892 0.056603 0.020215
1 0.323446 0.937412 0.065325 0.065325
1 0.329184 0.985523 0.066208 0.027366
2 0.515890 0.819562 0.056497 0.053849
1 0.528249 0.874294 0.056497 0.052083
