1 0.376349 0.752923 0.060701 0.047212
2 0.777091 0.688849 0.032599 0.040468
2 0.940647 0.328575 0.038219 0.052833
2 0.937837 0.434802 0.043840 0.047212
2 0.825989 0.424685 0.049460 0.038219
2 0.773719 0.461219 0.050585 0.037095
2 0.102630 0.191434 0.059577 0.037095
2 0.093638 0.242019 0.055081 0.028103
2 0.167266 0.151529 0.042716 0.042716
2 0.063849 0.618031 0.044964 0.044964
2 0.061601 0.680418 0.053957 0.041592
2 0.647257 0.192558 0.024730 0.052833
2 0.468525 0.018885 0.071942 0.031475
2 0.741120 0.746740 0.048336 0.034847
2 0.781025 0.741682 0.044964 0.065198
2 0.693345 0.761353 0.042716 0.039344
2 0.724258 0.772032 0.043840 0.035971
2 0.732689 0.809128 0.040468 0.020234
2 0.813062 0.238085 0.039344 0.033723
