2 0.568866 0.184028 0.050926 0.048611
2 0.606481 0.216435 0.031250 0.041667
2 0.647569 0.235532 0.046296 0.049769
2 0.700810 0.256366 0.050926 0.056713
2 0.712384 0.301505 0.050926 0.047454
2 0.462963 0.069444 0.040509 0.055556
2 0.498264 0.096644 0.041667 0.052083
2 0.758681 0.162616 0.053241 0.042824
2 0.751157 0.098958 0.052083 0.042824
2 0.630208 0.608218 0.043981 0.047454
2 0.629051 0.667824 0.046296 0.041667
2 0.639468 0.774884 0.041667 0.033565
2 0.677662 0.714699 0.048611 0.059028
1 0.633681 0.876157 0.039352 0.043981
1 0.568866 0.895833 0.046296 0.048611
1 0.558449 0.940394 0.046296 0.061343
1 0.496528 0.950231 0.042824 0.043981
1 0.605324 0.928819 0.054398 0.049769
1 0.826389 0.935764 0.040509 0.045139
1 0.937500 0.891204 0.040509 0.043981
1 0.964699 0.938657 0.053241 0.041667
1 0.833912 0.974537 0.046296 0.041667
1 0.576389 0.833912 0.045139 0.045139
2 0.794560 0.771412 0.048611 0.038194
2 0.697338 0.806713 0.043981 0.046296
2 0.857060 0.808449 0.043981 0.045139
2 0.911458 0.834491 0.043981 0.043981
2 0.872685 0.868056 0.052083 0.041667
1 0.127894 0.171296 0.043981 0.037037
1 0.160301 0.225694 0.046296 0.050926
1 0.148148 0.263310 0.040509 0.052083
1 0.175926 0.282407 0.049769 0.034722
1 0.116898 0.228588 0.033565 0.042824
1 0.086806 0.218750 0.035880 0.055556
1 0.132523 0.120370 0.046296 0.050926
1 0.292245 0.204282 0.046296 0.040509
1 0.332176 0.215856 0.042824 0.033565
1 0.310185 0.164352 0.040509 0.043981
1 0.310185 0.121528 0.038194 0.043981
1 0.408565 0.310764 0.047454 0.049769
1 0.405671 0.369792 0.043981 0.045139
1 0.450231 0.358218 0.052083 0.059028
1 0.468171 0.322917 0.048611 0.041667
1 0.528356 0.301505 0.060185 0.047454
1 0.514468 0.343750 0.055556 0.039352
1 0.526620 0.398148 0.059028 0.055556
1 0.376736 0.233796 0.050926 0.046296
1 0.335648 0.252315 0.049769 0.039352
1 0.585648 0.252315 0.038194 0.060185
1 0.629630 0.263310 0.026620 0.042824
