2 0.089141 0.580935 0.034847 0.038219
2 0.136353 0.735499 0.052833 0.043840
1 0.877136 0.095886 0.025854 0.055081
1 0.926034 0.081272 0.033723 0.032599
1 0.252136 0.543840 0.039344 0.031475
1 0.231340 0.570818 0.022482 0.020234
1 0.230778 0.604541 0.030351 0.020234
1 0.354429 0.864209 0.050585 0.051709
1 0.412320 0.850719 0.042716 0.035971
1 0.438174 0.895121 0.044964 0.041592
1 0.384218 0.950202 0.040468 0.028103
2 0.440423 0.929969 0.040468 0.032599
1 0.112747 0.932217 0.066322 0.048336
1 0.064411 0.955823 0.048336 0.048336
1 0.167828 0.977743 0.046088 0.038219
1 0.107689 0.981677 0.044964 0.028103
