0 0.426892 0.573108 0.074541 0.087443
1 0.176749 0.370986 0.064507 0.090310
0 0.295728 0.634748 0.075975 0.073108
0 0.193951 0.695671 0.053039 0.040138
0 0.020499 0.826118 0.035837 0.068807
0 0.059203 0.827552 0.030103 0.068807
0 0.102208 0.835436 0.053039 0.078842
0 0.397506 0.788131 0.067374 0.073108
0 0.604644 0.737959 0.065940 0.070241
0 0.669151 0.774513 0.054472 0.071674
0 0.814650 0.927896 0.021502 0.065940
0 0.194667 0.965166 0.083142 0.060206
0 0.257741 0.938647 0.065940 0.038704
0 0.393205 0.847620 0.078842 0.040138
0 0.394639 0.892775 0.081709 0.044438
2 0.356651 0.935780 0.065940 0.061640
2 0.509318 0.942231 0.067374 0.068807
2 0.478498 0.741542 0.057339 0.057339
2 0.442661 0.782397 0.051606 0.050172
2 0.646216 0.892058 0.054472 0.071674
2 0.705705 0.821101 0.032970 0.032970
