1 0.366898 0.429977 0.107639 0.105324
1 0.280093 0.362269 0.098380 0.099537
1 0.493634 0.167245 0.106481 0.121528
1 0.590278 0.099537 0.103009 0.104167
1 0.412037 0.109375 0.079861 0.098380
1 0.412616 0.199653 0.101852 0.098380
1 0.504630 0.071181 0.086806 0.072917
1 0.629051 0.046875 0.136574 0.079861
1 0.776620 0.552662 0.091435 0.128472
0 0.718750 0.622685 0.086806 0.101852
1 0.651042 0.572338 0.101852 0.100694
1 0.627894 0.657407 0.081019 0.097222
2 0.914931 0.660301 0.069444 0.098380
2 0.840278 0.703125 0.061343 0.082176
1 0.788194 0.840278 0.100694 0.090278
1 0.707755 0.828125 0.060185 0.091435
1 0.690972 0.928241 0.103009 0.106481
1 0.616898 0.895833 0.091435 0.111111
1 0.779514 0.934028 0.074074 0.092593
1 0.304398 0.827546 0.084491 0.101852
1 0.225116 0.811343 0.092593 0.099537
1 0.240741 0.679398 0.089120 0.104167
1 0.174769 0.630208 0.091435 0.103009
1 0.188079 0.721644 0.094907 0.086806
1 0.461227 0.520255 0.097222 0.100694
1 0.434606 0.606481 0.104167 0.090278
1 0.347801 0.587963 0.097222 0.099537
2 0.528356 0.548032 0.087963 0.096065
1 0.516204 0.030093 0.091435 0.057870
