0 0.048324 0.690915 0.096233 0.096233
0 0.308050 0.388762 0.116929 0.104512
0 0.438431 0.452918 0.116929 0.085886
0 0.159044 0.042632 0.108651 0.082781
0 0.149731 0.333402 0.116929 0.093129
0 0.349441 0.153353 0.087955 0.093129
2 0.792322 0.190604 0.092094 0.074503
2 0.421875 0.365480 0.096233 0.080712
2 0.504139 0.340128 0.084851 0.092094
2 0.275973 0.301842 0.110720 0.067260
2 0.212852 0.614342 0.108651 0.090025
2 0.035389 0.596751 0.060017 0.067260
2 0.032802 0.836300 0.063121 0.078642
2 0.030215 0.479305 0.057947 0.062086
0 0.095406 0.140935 0.115894 0.060017
1 0.093336 0.068502 0.097268 0.088990
