2 0.336554 0.399260 0.056538 0.055510
2 0.278988 0.446546 0.066817 0.059622
2 0.366879 0.442434 0.063734 0.053454
2 0.434211 0.365337 0.070929 0.065789
2 0.434211 0.433183 0.062706 0.074013
2 0.366879 0.381271 0.061678 0.058594
2 0.293380 0.341694 0.066817 0.051398
2 0.107319 0.696340 0.054482 0.047286
2 0.516447 0.867496 0.060650 0.066817
2 0.525185 0.948705 0.055510 0.054482
2 0.045127 0.797595 0.053454 0.038035
2 0.027138 0.881373 0.044202 0.041118
2 0.018914 0.939453 0.031867 0.054482
2 0.360197 0.328845 0.060650 0.033923
2 0.403886 0.312397 0.055510 0.044202
