2 0.066201 0.049753 0.038035 0.028783
2 0.041016 0.066201 0.041118 0.034951
2 0.895765 0.242496 0.023643 0.033923
2 0.882401 0.350946 0.048314 0.043174
2 0.930715 0.366365 0.038035 0.051398
2 0.867496 0.553968 0.041118 0.029811
2 0.736431 0.152035 0.038035 0.042146
2 0.846423 0.174650 0.042146 0.035979
2 0.915810 0.217311 0.041118 0.041118
2 0.918894 0.257401 0.039062 0.032895
2 0.780633 0.211657 0.048314 0.050370
2 0.854132 0.230160 0.041118 0.040090
2 0.921464 0.319593 0.044202 0.038035
2 0.853618 0.851049 0.033923 0.038035
2 0.939967 0.850535 0.029811 0.028783
