2 0.075548 0.521746 0.075709 0.067655
2 0.233409 0.603093 0.082152 0.101482
2 0.102126 0.665915 0.067655 0.088595
2 0.458119 0.355831 0.083763 0.054768
2 0.463756 0.304285 0.088595 0.064433
2 0.483892 0.256765 0.067655 0.049936
2 0.496778 0.222133 0.054768 0.064433
2 0.541881 0.193138 0.067655 0.070876
2 0.468589 0.161727 0.066044 0.053157
2 0.454897 0.120651 0.057990 0.064433
2 0.476643 0.102932 0.066044 0.061211
2 0.455702 0.027223 0.056379 0.051546
2 0.586985 0.037693 0.057990 0.059601
2 0.546714 0.069910 0.054768 0.049936
2 0.583763 0.089240 0.064433 0.056379
2 0.644974 0.085213 0.077320 0.070876
2 0.552352 0.121456 0.053157 0.056379
2 0.605509 0.135148 0.069265 0.061211
