2 0.233026 0.034060 0.039344 0.028103
2 0.281924 0.060477 0.047212 0.047212
2 0.012140 0.771470 0.022482 0.064074
2 0.049236 0.770346 0.053957 0.066322
2 0.091389 0.808566 0.052833 0.055081
2 0.099820 0.861398 0.087680 0.043840
2 0.137478 0.900180 0.066322 0.053957
2 0.091389 0.925472 0.077563 0.070818
2 0.021133 0.910297 0.035971 0.080935
2 0.758543 0.842289 0.053957 0.050585
2 0.968188 0.929406 0.052833 0.058453
2 0.972092 0.971448 0.045025 0.057104
2 0.550585 0.947392 0.080935 0.076439
2 0.370166 0.725944 0.050585 0.040468
2 0.340378 0.698966 0.040468 0.062950
