1 0.644176 0.230114 0.086648 0.079545
1 0.596591 0.281250 0.093750 0.068182
1 0.722301 0.269886 0.075284 0.085227
1 0.582386 0.816051 0.099432 0.100852
1 0.578125 0.910511 0.105114 0.093750
1 0.626420 0.885653 0.102273 0.083807
1 0.389915 0.916903 0.089489 0.078125
1 0.469460 0.933239 0.058239 0.082386
1 0.576521 0.978693 0.096224 0.042614
2 0.515625 0.495028 0.062500 0.075284
2 0.448153 0.510653 0.080966 0.063920
2 0.782670 0.910511 0.099432 0.099432
2 0.826705 0.840909 0.110795 0.102273
2 0.433239 0.676136 0.076705 0.088068
2 0.446733 0.848011 0.069602 0.073864
