0 0.550172 0.879874 0.088876 0.087443
2 0.219753 0.098624 0.058773 0.047305
2 0.191800 0.146646 0.063073 0.060206
2 0.160981 0.191800 0.053039 0.055906
2 0.260608 0.158830 0.054472 0.055906
2 0.219753 0.206852 0.064507 0.060206
2 0.277810 0.209002 0.051606 0.047305
2 0.211869 0.297162 0.071674 0.068807
2 0.796732 0.378870 0.048739 0.043005
2 0.813933 0.406823 0.043005 0.041571
2 0.870556 0.362385 0.070241 0.093177
2 0.917861 0.323681 0.058773 0.064507
2 0.853354 0.237672 0.047305 0.044438
2 0.982225 0.385444 0.035550 0.064753
2 0.962873 0.431033 0.074255 0.075656
2 0.396072 0.836869 0.067374 0.064507
2 0.426175 0.885608 0.067374 0.053039
2 0.454845 0.805333 0.070241 0.061640
2 0.529386 0.798165 0.075975 0.067374
2 0.531537 0.961583 0.097477 0.067374
2 0.985808 0.706809 0.028383 0.065281
2 0.718607 0.954415 0.073108 0.070241
2 0.800315 0.892058 0.070241 0.063073
1 0.864106 0.920728 0.100344 0.100344
1 0.940797 0.886325 0.064507 0.057339
