0 0.166714 0.138045 0.107511 0.114679
1 0.550889 0.354501 0.118979 0.120413
0 0.105791 0.388188 0.111812 0.124713
0 0.263475 0.741542 0.129014 0.123280
0 0.494983 0.487815 0.124713 0.114679
2 0.593893 0.523653 0.093177 0.091743
1 0.667718 0.418291 0.097477 0.093177
2 0.866972 0.503584 0.091743 0.074541
1 0.849054 0.579558 0.087443 0.086009
2 0.429042 0.894925 0.075975 0.065940
0 0.886325 0.634748 0.098911 0.096044
2 0.947964 0.672735 0.084576 0.106078
0 0.241972 0.411124 0.088876 0.118979
0 0.373136 0.858372 0.067374 0.055906
