2 0.454861 0.261574 0.059028 0.062500
2 0.511574 0.303819 0.063657 0.054398
2 0.345486 0.310185 0.053241 0.055556
2 0.405093 0.320602 0.040509 0.064815
2 0.457176 0.339120 0.035880 0.046296
2 0.469907 0.397569 0.084491 0.063657
2 0.410880 0.419560 0.065972 0.063657
2 0.366898 0.375000 0.070602 0.050926
2 0.315972 0.365741 0.056713 0.062500
2 0.337384 0.427662 0.064815 0.059028
2 0.254051 0.427662 0.060185 0.072917
2 0.311343 0.481481 0.063657 0.087963
2 0.384838 0.504051 0.055556 0.038194
2 0.328125 0.568866 0.074074 0.075231
2 0.392940 0.594907 0.078704 0.060185
2 0.807292 0.356481 0.039352 0.050926
2 0.042824 0.780671 0.049769 0.059028
2 0.030093 0.736690 0.038194 0.045139
2 0.029514 0.877894 0.048611 0.054398
2 0.102431 0.756366 0.060185 0.061343
2 0.166667 0.771991 0.049769 0.064815
2 0.227431 0.760995 0.067130 0.054398
2 0.217014 0.809606 0.053241 0.059028
2 0.142361 0.844329 0.056713 0.054398
2 0.177083 0.892361 0.061343 0.046296
2 0.097222 0.890625 0.059028 0.049769
2 0.149884 0.925926 0.057870 0.034722
