2 0.314854 0.173052 0.056721 0.071704
2 0.388164 0.171447 0.064212 0.068493
2 0.445955 0.201413 0.042808 0.057791
2 0.482877 0.189640 0.043878 0.059932
2 0.582406 0.945741 0.043878 0.073844
2 0.985717 0.501314 0.028566 0.061073
2 0.950262 0.524153 0.044728 0.055463
2 0.974684 0.566460 0.050632 0.061354
2 0.947579 0.607049 0.044132 0.047114
2 0.930582 0.668774 0.059041 0.062023
2 0.982139 0.667351 0.035723 0.057985
2 0.936248 0.736462 0.050095 0.054270
2 0.927898 0.786856 0.064408 0.073950
2 0.945491 0.849475 0.069776 0.075143
2 0.890029 0.902552 0.054270 0.067987
2 0.530011 0.880145 0.044779 0.043826
2 0.535728 0.846799 0.039062 0.047637
