2 0.413194 0.384259 0.107639 0.111111
2 0.328125 0.440972 0.090278 0.108796
2 0.248264 0.393519 0.081019 0.106481
2 0.134838 0.418403 0.111111 0.098380
2 0.206597 0.678241 0.069444 0.092593
2 0.276042 0.703125 0.074074 0.059028
2 0.101273 0.678241 0.064815 0.076389
2 0.710648 0.481481 0.056713 0.076389
2 0.407407 0.222801 0.033565 0.056713
2 0.450231 0.120370 0.033565 0.064815
2 0.886574 0.379630 0.084491 0.094907
2 0.961227 0.383102 0.076389 0.092593
2 0.957755 0.439236 0.046296 0.052083
2 0.892940 0.459491 0.099537 0.081019
2 0.833912 0.440394 0.055556 0.063657
2 0.784722 0.800926 0.059028 0.081019
2 0.843750 0.776042 0.070602 0.079861
2 0.883102 0.715856 0.056713 0.070602
2 0.755208 0.726852 0.076389 0.064815
2 0.711227 0.781829 0.062500 0.075231
2 0.705440 0.693866 0.053241 0.079861
2 0.675926 0.638889 0.065972 0.069444
2 0.822338 0.663194 0.062500 0.087963
2 0.817708 0.597801 0.055556 0.065972
1 0.885417 0.662616 0.075231 0.084491
2 0.723958 0.591435 0.069444 0.062500
2 0.607060 0.934606 0.067130 0.065972
