1 0.380354 0.946897 0.059003 0.067745
1 0.308239 0.652972 0.085227 0.061189
1 0.365057 0.652972 0.061189 0.074301
1 0.327906 0.722902 0.080857 0.061189
1 0.579218 0.684659 0.065559 0.074301
1 0.935424 0.845280 0.080857 0.076486
1 0.843641 0.789554 0.083042 0.076486
1 0.651879 0.709790 0.068837 0.085227
0 0.723995 0.600524 0.077579 0.078671
0 0.743116 0.721809 0.061189 0.059003
0 0.776989 0.849650 0.054633 0.054633
0 0.872050 0.881884 0.072115 0.062281
0 0.869318 0.957277 0.064467 0.036058
0 0.816871 0.961648 0.062281 0.049170
1 0.629480 0.916849 0.061189 0.057911
1 0.671547 0.859484 0.079764 0.074301
1 0.593422 0.876420 0.059003 0.051355
1 0.737107 0.881884 0.033872 0.053540
1 0.507649 0.922312 0.055726 0.051355
1 0.410402 0.880791 0.046984 0.044799
