2 0.734892 0.417219 0.033113 0.037252
2 0.721440 0.378415 0.039321 0.040356
2 0.753001 0.444123 0.038286 0.037252
2 0.688845 0.416701 0.032078 0.038286
2 0.613307 0.297185 0.040356 0.035182
2 0.714714 0.274421 0.038286 0.039321
2 0.683671 0.777318 0.044495 0.033113
2 0.650559 0.843026 0.063121 0.038286
2 0.415149 0.951676 0.045530 0.048634
2 0.355650 0.338576 0.052773 0.062086
2 0.396523 0.356685 0.053808 0.048634
2 0.394454 0.415666 0.057947 0.046565
2 0.281147 0.381519 0.046565 0.048634
2 0.220095 0.396006 0.056912 0.054843
2 0.206126 0.459644 0.060017 0.047599
2 0.182844 0.594681 0.050704 0.052773
2 0.133692 0.816122 0.066225 0.044495
2 0.057637 0.883382 0.050704 0.048634
2 0.034872 0.930981 0.056912 0.038286
2 0.012003 0.830160 0.024007 0.064018
2 0.051428 0.831643 0.044495 0.042425
2 0.026594 0.789735 0.038286 0.053808
2 0.036424 0.745240 0.055877 0.037252
2 0.269247 0.942881 0.039321 0.055877
2 0.253725 0.847682 0.043460 0.041391
2 0.262521 0.815604 0.044495 0.039321
2 0.205091 0.923220 0.043460 0.053808
2 0.163183 0.967715 0.056912 0.043460
