2 0.204408 0.325093 0.072295 0.069963
2 0.287197 0.274953 0.062966 0.058302
2 0.284865 0.331507 0.072295 0.064132
2 0.214902 0.230061 0.065299 0.061800
2 0.095965 0.315765 0.062966 0.060634
2 0.024837 0.371735 0.044310 0.062966
2 0.210238 0.383396 0.074627 0.062966
2 0.121035 0.267374 0.059468 0.047808
2 0.121035 0.213153 0.068797 0.065299
2 0.446094 0.947656 0.043750 0.054688
2 0.757812 0.932813 0.051562 0.059375
2 0.705469 0.899219 0.062500 0.054688
2 0.340625 0.932813 0.045312 0.050000
2 0.293750 0.922656 0.048438 0.051562
2 0.162500 0.300000 0.048438 0.059375
2 0.380469 0.911719 0.050000 0.042188
2 0.496094 0.958594 0.050000 0.048438
2 0.248438 0.253125 0.051562 0.043750
2 0.324219 0.874219 0.056250 0.051562
