2 0.064659 0.196752 0.067845 0.059622
2 0.138158 0.158203 0.070929 0.066817
2 0.156147 0.201891 0.057566 0.045230
2 0.117599 0.225535 0.050370 0.051398
2 0.102693 0.172081 0.063734 0.041118
2 0.138672 0.320107 0.051398 0.047286
2 0.146896 0.378187 0.067845 0.066817
2 0.177220 0.290810 0.058594 0.060650
2 0.206003 0.267167 0.056538 0.062706
2 0.215769 0.217825 0.071957 0.060650
2 0.267681 0.277447 0.056538 0.056538
2 0.307257 0.312397 0.061678 0.062706
2 0.318565 0.257401 0.041118 0.045230
2 0.273335 0.122225 0.045230 0.054482
2 0.265111 0.072368 0.051398 0.059622
2 0.308285 0.083162 0.049342 0.052426
2 0.338096 0.062089 0.055510 0.045230
2 0.370991 0.064659 0.041118 0.050370
2 0.354544 0.108347 0.059622 0.049342
2 0.542660 0.050267 0.069901 0.054482
2 0.382812 0.225021 0.068873 0.062706
2 0.436780 0.262027 0.053454 0.046258
2 0.445518 0.225021 0.052426 0.038035
2 0.494346 0.247636 0.063734 0.068873
2 0.441920 0.313939 0.069901 0.041118
2 0.605880 0.329873 0.062706 0.052426
2 0.388980 0.368935 0.048314 0.033923
2 0.356086 0.402858 0.054482 0.054482
2 0.412109 0.412623 0.057566 0.041118
2 0.485095 0.394634 0.051398 0.048314
2 0.535979 0.425987 0.072985 0.067845
2 0.469161 0.443462 0.070929 0.053454
2 0.406970 0.464021 0.067845 0.049342
2 0.352488 0.465049 0.061678 0.047286
2 0.363281 0.520045 0.068873 0.054482
2 0.417763 0.520559 0.062706 0.053454
2 0.316509 0.499486 0.053454 0.042146
2 0.306229 0.439350 0.063734 0.043174
2 0.254317 0.451686 0.054482 0.047286
2 0.373047 0.738487 0.071957 0.063734
2 0.417249 0.687089 0.053454 0.049342
2 0.146382 0.721012 0.066817 0.059622
2 0.071854 0.677837 0.061678 0.061678
2 0.047697 0.513877 0.054482 0.058594
2 0.323705 0.920436 0.057566 0.061678
2 0.748766 0.574013 0.046258 0.053454
2 0.795025 0.605366 0.048314 0.054482
2 0.744655 0.632093 0.062706 0.060650
2 0.868524 0.632093 0.049342 0.052426
2 0.901933 0.590975 0.083265 0.062706
2 0.827405 0.656764 0.051398 0.054482
2 0.716900 0.477385 0.040090 0.047286
2 0.740029 0.525185 0.063734 0.038035
2 0.706106 0.554996 0.057566 0.046258
2 0.683491 0.507196 0.053454 0.051398
2 0.752878 0.457340 0.048314 0.050370
2 0.745683 0.404914 0.040090 0.048314
2 0.830489 0.923006 0.074013 0.056538
2 0.703825 0.970498 0.053004 0.059005
2 0.592002 0.836657 0.049342 0.050370
2 0.607936 0.433697 0.050370 0.044202
2 0.624383 0.256373 0.038035 0.047286
2 0.598684 0.194182 0.052426 0.044202
2 0.648026 0.220909 0.042146 0.038035
2 0.637747 0.184416 0.056538 0.034951
2 0.668072 0.250206 0.047286 0.049342
2 0.685547 0.282072 0.045230 0.030839
2 0.659848 0.357113 0.028783 0.034951
2 0.717414 0.358141 0.051398 0.039062
2 0.696854 0.315481 0.057566 0.040090
2 0.636205 0.110917 0.043174 0.046258
2 0.754420 0.131476 0.065789 0.046258
2 0.730263 0.170025 0.056538 0.045230
2 0.802734 0.156661 0.065789 0.045230
2 0.949219 0.103721 0.054482 0.054482
2 0.972296 0.072317 0.055407 0.055407
2 0.972348 0.020456 0.053454 0.038035
2 0.982062 0.167856 0.035876 0.106683
2 0.578125 0.083162 0.058594 0.052426
2 0.650082 0.068257 0.070929 0.049342
2 0.682977 0.018400 0.062706 0.035979
2 0.690173 0.088816 0.040090 0.034951
2 0.781661 0.101151 0.048314 0.041118
2 0.680921 0.127364 0.035979 0.035979
2 0.928146 0.299034 0.067845 0.038035
2 0.875206 0.379215 0.048314 0.038035
2 0.919408 0.201377 0.035979 0.027755
2 0.953331 0.245580 0.040090 0.054482
2 0.958984 0.166427 0.045230 0.040090
2 0.280530 0.963610 0.059622 0.045230
2 0.608450 0.374589 0.065789 0.041118
