2 0.044100 0.058491 0.071957 0.077097
2 0.199836 0.062089 0.058594 0.069901
2 0.301604 0.073910 0.072985 0.087377
2 0.378187 0.056949 0.069901 0.067845
2 0.381271 0.131476 0.067845 0.060650
2 0.296464 0.168997 0.079153 0.051398
2 0.601254 0.163857 0.080181 0.088405
2 0.657792 0.221423 0.067845 0.059622
2 0.691715 0.337582 0.063734 0.059622
1 0.753392 0.385382 0.059622 0.075041
2 0.801192 0.342208 0.066817 0.079153
2 0.801706 0.406970 0.043174 0.046258
2 0.677837 0.685547 0.091488 0.070929
2 0.730777 0.657278 0.055510 0.080181
2 0.788343 0.663446 0.061678 0.074013
2 0.806846 0.620785 0.080181 0.072985
2 0.859272 0.560650 0.059622 0.059622
2 0.886513 0.615132 0.097656 0.078125
2 0.675781 0.744141 0.097656 0.060650
2 0.761102 0.763672 0.072985 0.072985
2 0.812500 0.789371 0.054482 0.075041
2 0.907072 0.763158 0.091488 0.086349
2 0.875720 0.824836 0.080181 0.074013
2 0.859786 0.949733 0.081209 0.079153
2 0.914268 0.894223 0.064762 0.075041
2 0.958470 0.853618 0.075041 0.063734
