2 0.857299 0.590691 0.092876 0.102710
2 0.872050 0.698864 0.063374 0.080857
2 0.914117 0.737107 0.068837 0.067745
2 0.964379 0.773164 0.062281 0.085227
2 0.876967 0.787915 0.068837 0.071023
2 0.820695 0.791740 0.100524 0.109266
2 0.912478 0.840363 0.069930 0.079764
2 0.859484 0.231206 0.055726 0.069930
2 0.905376 0.279830 0.053540 0.073208
2 0.968750 0.298405 0.055726 0.090691
2 0.928322 0.195695 0.049170 0.079764
2 0.790101 0.276552 0.087413 0.068837
2 0.775350 0.368335 0.053540 0.060096
2 0.762784 0.403300 0.069930 0.064467
2 0.543160 0.503824 0.065559 0.077579
2 0.795017 0.539336 0.062281 0.067745
2 0.691761 0.529502 0.067745 0.063374
