2 0.770597 0.073153 0.072443 0.072443
2 0.835227 0.095170 0.059659 0.056818
2 0.825284 0.037642 0.062500 0.069602
2 0.882812 0.053977 0.061080 0.079545
2 0.806108 0.124290 0.075284 0.089489
2 0.556818 0.515625 0.076705 0.059659
2 0.544034 0.566051 0.079545 0.046875
2 0.450284 0.590199 0.073864 0.069602
2 0.394176 0.612216 0.072443 0.065341
2 0.363636 0.730824 0.071023 0.044034
2 0.306108 0.713778 0.063920 0.078125
2 0.369318 0.936790 0.076705 0.083807
1 0.075994 0.732244 0.092330 0.080966
1 0.039773 0.794744 0.073864 0.109375
1 0.112926 0.818182 0.089489 0.085227
1 0.163352 0.928977 0.102273 0.090909
1 0.253551 0.785511 0.049716 0.068182
1 0.264915 0.872869 0.083807 0.080966
1 0.254261 0.946023 0.073864 0.079545
1 0.211648 0.975852 0.051136 0.048295
1 0.423295 0.124290 0.082386 0.098011
