2 0.339816 0.079024 0.043840 0.050585
2 0.381407 0.090265 0.046088 0.048336
2 0.322392 0.131295 0.060701 0.056205
2 0.271246 0.092513 0.061826 0.050585
2 0.120054 0.066659 0.049460 0.055081
2 0.967626 0.511803 0.056205 0.077563
2 0.937275 0.569694 0.044964 0.053957
2 0.838354 0.740558 0.074191 0.074191
2 0.881632 0.831048 0.066322 0.068570
2 0.827113 0.871515 0.067446 0.064074
2 0.799955 0.935151 0.062590 0.060949
2 0.898438 0.915625 0.046875 0.046875
2 0.982031 0.810937 0.026562 0.056250
2 0.968750 0.954688 0.062500 0.065625
2 0.908594 0.971875 0.060937 0.050000
2 0.941406 0.919531 0.064062 0.060937
2 0.893750 0.183594 0.046875 0.060937
