2 0.134233 0.232955 0.049716 0.045455
2 0.208807 0.245028 0.045455 0.052557
2 0.254261 0.097301 0.053977 0.063920
2 0.271307 0.022017 0.076705 0.038352
2 0.183949 0.019176 0.075284 0.035511
2 0.308949 0.209517 0.095170 0.075284
2 0.387074 0.218040 0.080966 0.049716
2 0.416903 0.268466 0.063920 0.071023
2 0.887074 0.281250 0.063920 0.071023
2 0.866477 0.350852 0.068182 0.065341
2 0.936790 0.340909 0.075284 0.079545
2 0.972301 0.323864 0.052557 0.085227
2 0.946733 0.500000 0.063920 0.056818
2 0.974432 0.514053 0.051136 0.070721
2 0.959517 0.582386 0.061080 0.071023
2 0.767045 0.453835 0.071023 0.069602
2 0.730114 0.508523 0.090909 0.062500
2 0.668324 0.593040 0.075284 0.049716
2 0.682528 0.643466 0.061080 0.053977
2 0.654830 0.667614 0.059659 0.039773
2 0.501420 0.777699 0.051136 0.052557
2 0.441761 0.811790 0.073864 0.061080
2 0.531960 0.850852 0.069602 0.062500
2 0.676847 0.932528 0.078125 0.066761
2 0.622159 0.925426 0.088068 0.063920
2 0.653409 0.974432 0.119318 0.045455
2 0.603693 0.955256 0.093750 0.052557
2 0.762074 0.267045 0.075284 0.056818
2 0.520597 0.286932 0.078125 0.065341
2 0.344460 0.505682 0.078125 0.053977
2 0.355114 0.448864 0.068182 0.053977
2 0.237926 0.556818 0.063920 0.062500
2 0.061080 0.383523 0.062500 0.048295
2 0.137074 0.381392 0.069602 0.052557
2 0.174006 0.403409 0.063920 0.051136
2 0.144886 0.438920 0.082386 0.062500
