2 0.080592 0.510794 0.038035 0.038035
2 0.158717 0.492804 0.044202 0.049342
2 0.039988 0.880859 0.039062 0.044202
2 0.019942 0.664474 0.033923 0.032895
2 0.048211 0.684005 0.030839 0.032895
2 0.015831 0.698910 0.027755 0.029811
2 0.485609 0.487150 0.029811 0.040090
2 0.517475 0.498458 0.035979 0.042146
2 0.601768 0.530839 0.033923 0.049342
2 0.620785 0.549856 0.034951 0.042146
2 0.648540 0.571443 0.030839 0.033923
2 0.601254 0.582237 0.037007 0.034951
2 0.597656 0.616674 0.040090 0.040090
2 0.638775 0.613590 0.038035 0.046258
2 0.834601 0.578639 0.043174 0.038035
2 0.841283 0.617701 0.042146 0.040090
2 0.874692 0.608450 0.032895 0.042146
2 0.895765 0.583779 0.035979 0.050370
2 0.925576 0.558594 0.025699 0.043174
2 0.956414 0.582237 0.038035 0.041118
2 0.362253 0.971320 0.035979 0.038035
2 0.354030 0.947677 0.042146 0.040090
2 0.488692 0.892167 0.040090 0.042146
2 0.493318 0.974404 0.049342 0.035979
2 0.748766 0.907586 0.035979 0.038035
2 0.883429 0.961554 0.038035 0.041118
2 0.946823 0.980263 0.043522 0.039474
2 0.926604 0.945621 0.050370 0.042146
2 0.978516 0.943051 0.039062 0.037007
2 0.917352 0.903988 0.044202 0.039062
2 0.941509 0.880345 0.039062 0.039062
2 0.960012 0.910156 0.034951 0.037007
2 0.986688 0.901950 0.026624 0.037042
2 0.984632 0.868997 0.030736 0.024589
2 0.957442 0.835115 0.027755 0.028783
2 0.945107 0.790399 0.031867 0.044202
