0 0.219733 0.359594 0.087413 0.077579
0 0.303322 0.399476 0.099432 0.078671
0 0.525677 0.318073 0.061189 0.071023
0 0.699956 0.171110 0.062281 0.069930
0 0.957823 0.224650 0.053540 0.093969
0 0.603802 0.040538 0.143138 0.068837
0 0.514751 0.064576 0.104895 0.079764
0 0.855660 0.035621 0.063374 0.043706
0 0.168925 0.803759 0.079764 0.063374
0 0.585774 0.872050 0.098339 0.075393
0 0.660621 0.885708 0.077579 0.080857
2 0.460664 0.244318 0.057911 0.059003
2 0.435533 0.330638 0.073208 0.078671
2 0.362872 0.302229 0.059003 0.050262
2 0.533326 0.713068 0.054633 0.050262
