2 0.076353 0.246295 0.099871 0.086985
2 0.040110 0.328447 0.078930 0.080541
2 0.199581 0.208441 0.078930 0.075709
2 0.156089 0.303479 0.085374 0.078930
2 0.862214 0.028914 0.090650 0.057829
2 0.825387 0.083602 0.080541 0.077320
2 0.742429 0.031250 0.075709 0.043492
2 0.753705 0.079575 0.075709 0.066044
2 0.957474 0.098905 0.051546 0.075709
2 0.901901 0.115013 0.075709 0.066044
2 0.706186 0.187500 0.074098 0.056379
2 0.748872 0.193138 0.075709 0.074098
2 0.674774 0.159311 0.085374 0.070876
2 0.592622 0.369523 0.085374 0.075709
2 0.590206 0.327642 0.070876 0.059601
2 0.509665 0.414626 0.048325 0.049936
2 0.857603 0.239046 0.077320 0.075709
2 0.818138 0.309117 0.078930 0.096649
2 0.877738 0.311534 0.069265 0.098260
1 0.479681 0.974307 0.117223 0.051385
2 0.918814 0.211662 0.083763 0.098260
2 0.953447 0.268847 0.069265 0.086985
2 0.982764 0.210752 0.034472 0.067445
2 0.920425 0.313950 0.048325 0.083763
2 0.769719 0.956588 0.101294 0.086823
2 0.851021 0.982361 0.060933 0.035277
2 0.468589 0.839884 0.088595 0.095039
2 0.987597 0.146818 0.024807 0.071664
2 0.683473 0.974307 0.102771 0.051385
