1 0.738309 0.023381 0.098921 0.040468
1 0.701214 0.054294 0.051709 0.052833
1 0.754609 0.062725 0.057329 0.051709
1 0.802383 0.034060 0.051709 0.064074
1 0.627023 0.073966 0.044964 0.056205
1 0.563512 0.215603 0.100045 0.056205
2 0.510117 0.248763 0.056205 0.068570
2 0.446605 0.302720 0.057329 0.034847
2 0.523044 0.330261 0.077563 0.071942
2 0.170638 0.442671 0.110162 0.076439
2 0.283611 0.474708 0.084308 0.066322
2 0.388714 0.493817 0.085432 0.075315
2 0.429744 0.525854 0.050585 0.058453
2 0.321268 0.537095 0.067446 0.076439
2 0.195369 0.538781 0.087680 0.086556
2 0.045863 0.561263 0.056205 0.111286
2 0.104879 0.589366 0.068570 0.093300
2 0.221223 0.848471 0.085432 0.074191
2 0.267311 0.889501 0.047212 0.064074
2 0.344874 0.898494 0.092176 0.075315
2 0.317334 0.921538 0.073067 0.078687
2 0.505058 0.860274 0.066322 0.075315
2 0.487073 0.904114 0.070818 0.070818
2 0.590490 0.847347 0.075315 0.080935
2 0.727630 0.841165 0.068570 0.070818
2 0.702900 0.881632 0.073067 0.057329
2 0.736623 0.938399 0.095549 0.078687
2 0.161646 0.886691 0.096673 0.074191
2 0.121178 0.917603 0.087680 0.066322
2 0.191434 0.933903 0.088804 0.056205
2 0.052608 0.900742 0.083183 0.070818
2 0.043615 0.962567 0.051709 0.059577
2 0.100944 0.967064 0.067446 0.061826
2 0.182442 0.974371 0.093300 0.049460
2 0.325202 0.967064 0.127023 0.059577
