2 0.524168 0.201551 0.234937 0.225944
2 0.376911 0.086893 0.214703 0.169739
2 0.194245 0.055980 0.260791 0.092176
2 0.592738 0.035746 0.142761 0.065198
2 0.091389 0.209420 0.165243 0.234937
2 0.239209 0.287545 0.134892 0.272032
2 0.238647 0.512927 0.223696 0.122527
2 0.082959 0.684353 0.159622 0.236061
2 0.276304 0.649505 0.224820 0.204586
2 0.513489 0.520796 0.211331 0.174236
2 0.624213 0.718076 0.223696 0.240558
2 0.728192 0.684915 0.197842 0.237185
2 0.415130 0.826551 0.219200 0.183228
2 0.526978 0.904676 0.283273 0.161871
