1 0.171175 0.048741 0.064132 0.053638
1 0.181087 0.111124 0.053638 0.054804
1 0.235308 0.086637 0.057136 0.054804
1 0.211404 0.037080 0.060634 0.051306
1 0.069146 0.138526 0.060634 0.065299
1 0.023671 0.149604 0.046642 0.047808
1 0.174090 0.222481 0.062966 0.069963
1 0.445779 0.231227 0.067631 0.066465
1 0.421875 0.283116 0.038479 0.053638
1 0.281367 0.632929 0.039646 0.053638
1 0.241721 0.609025 0.039646 0.033815
1 0.209655 0.595033 0.047808 0.029151
1 0.224230 0.649254 0.041978 0.060634
2 0.452775 0.627682 0.051306 0.045476
2 0.149604 0.895289 0.083955 0.072295
2 0.146105 0.950676 0.051306 0.043144
2 0.078475 0.922108 0.065299 0.048974
2 0.832812 0.957812 0.079687 0.053125
2 0.616406 0.717969 0.059375 0.064062
2 0.635156 0.769531 0.059375 0.039062
2 0.582031 0.780469 0.040625 0.057813
2 0.852344 0.907031 0.071875 0.042188
2 0.072656 0.967187 0.037500 0.046875
2 0.386719 0.778125 0.050000 0.059375
