0 0.284342 0.035319 0.112305 0.068359
2 0.227376 0.484538 0.086263 0.091146
2 0.302246 0.539876 0.083008 0.078125
2 0.203776 0.570801 0.074870 0.081380
2 0.084961 0.587077 0.110677 0.130208
2 0.274577 0.797852 0.092773 0.096029
2 0.211914 0.932129 0.130208 0.126953
2 0.442220 0.722982 0.109049 0.109049
2 0.502441 0.648926 0.073242 0.094401
2 0.438151 0.571615 0.055339 0.073242
2 0.299805 0.648112 0.081380 0.083008
2 0.225749 0.687174 0.089518 0.092773
2 0.917480 0.756348 0.096029 0.094401
1 0.964844 0.854018 0.070312 0.110705
1 0.484538 0.805176 0.105794 0.100911
0 0.367350 0.758789 0.105794 0.115560
0 0.107747 0.753092 0.123698 0.117188
0 0.128906 0.895508 0.120443 0.128581
1 0.033529 0.746745 0.067057 0.100586
