2 0.188920 0.176847 0.099432 0.095170
2 0.847301 0.204545 0.120739 0.090909
2 0.609375 0.845881 0.096591 0.075284
2 0.615057 0.899148 0.082386 0.071023
2 0.754261 0.918324 0.093750 0.061080
2 0.735085 0.207386 0.075284 0.073864
2 0.120028 0.739347 0.098011 0.066761
0 0.199574 0.689631 0.123580 0.106534
0 0.331676 0.687500 0.123580 0.119318
0 0.458097 0.718750 0.154830 0.142045
0 0.045455 0.832386 0.090909 0.122159
0 0.034801 0.762744 0.069602 0.051217
0 0.076705 0.225142 0.150568 0.180398
0 0.169744 0.090909 0.098011 0.102273
0 0.757102 0.284091 0.116477 0.170455
0 0.797585 0.340909 0.132102 0.147727
0 0.948864 0.335296 0.102273 0.147864
0 0.914062 0.578835 0.083807 0.098011
0 0.867898 0.642045 0.107955 0.096591
0 0.945312 0.656960 0.063920 0.086648
0 0.982244 0.703458 0.035511 0.114302
0 0.129261 0.016335 0.144886 0.026989
