2 0.430620 0.049907 0.067631 0.072295
2 0.490089 0.042910 0.053638 0.053638
2 0.504808 0.072716 0.063702 0.066106
2 0.420673 0.120793 0.063702 0.058894
2 0.790865 0.250000 0.044471 0.043269
2 0.817308 0.378005 0.042067 0.046875
2 0.859976 0.368990 0.050481 0.048077
2 0.908654 0.359375 0.039663 0.052885
2 0.959135 0.422476 0.070913 0.063702
2 0.912260 0.485577 0.085337 0.093750
2 0.865385 0.539663 0.054087 0.057692
2 0.961839 0.569356 0.076322 0.081019
2 0.915264 0.627404 0.069712 0.074519
2 0.858774 0.634014 0.062500 0.066106
2 0.805288 0.670072 0.061298 0.063702
2 0.863582 0.184495 0.050481 0.042067
2 0.819111 0.322716 0.031250 0.030048
2 0.977764 0.240986 0.031250 0.042067
2 0.850962 0.415264 0.046875 0.039663
2 0.795072 0.602163 0.064904 0.062500
2 0.745192 0.655649 0.051683 0.056490
2 0.689303 0.685697 0.055288 0.051683
2 0.668269 0.644832 0.073317 0.073317
2 0.724760 0.590745 0.068510 0.070913
2 0.728365 0.533053 0.056490 0.049279
2 0.435697 0.807692 0.057692 0.048077
2 0.444712 0.778245 0.058894 0.046875
2 0.763221 0.834135 0.046875 0.050481
2 0.798077 0.879808 0.061298 0.057692
2 0.867788 0.835337 0.044471 0.057692
2 0.825721 0.934495 0.061298 0.058894
2 0.765625 0.923678 0.054087 0.054087
2 0.573918 0.953726 0.038462 0.046875
2 0.634615 0.954327 0.049279 0.050481
2 0.470553 0.863582 0.048077 0.054087
2 0.689303 0.829928 0.052885 0.058894
2 0.798678 0.177885 0.038462 0.036058
2 0.835337 0.153245 0.044471 0.054087
