0 0.431250 0.281250 0.098437 0.106250
0 0.356250 0.184375 0.060937 0.068750
0 0.316406 0.160156 0.078125 0.073438
0 0.045312 0.053125 0.045312 0.075000
0 0.117969 0.050000 0.050000 0.059375
0 0.883594 0.046875 0.093750 0.090625
0 0.767969 0.269531 0.096875 0.101562
0 0.525781 0.121875 0.081250 0.084375
0 0.451562 0.102344 0.073438 0.073438
0 0.313281 0.304688 0.100000 0.093750
0 0.341406 0.456250 0.093750 0.084375
0 0.481250 0.336719 0.054688 0.054688
0 0.519531 0.923438 0.078125 0.053125
0 0.705469 0.882031 0.059375 0.054688
1 0.360156 0.245312 0.087500 0.059375
1 0.714844 0.828906 0.071875 0.064062
2 0.239063 0.360938 0.079687 0.075000
2 0.257031 0.433594 0.087500 0.085938
2 0.350000 0.400781 0.064062 0.057813
2 0.407031 0.357031 0.065625 0.060937
2 0.411719 0.413281 0.068750 0.057813
2 0.563281 0.287500 0.084375 0.087500
2 0.629687 0.318750 0.060937 0.071875
2 0.753125 0.369531 0.070312 0.089063
2 0.678125 0.200781 0.070312 0.064062
2 0.896094 0.196094 0.062500 0.054688
2 0.961328 0.162322 0.074219 0.071520
2 0.900000 0.131250 0.073438 0.068750
2 0.421875 0.132812 0.082812 0.071875
2 0.506250 0.206250 0.073438 0.062500
0 0.438281 0.210156 0.075000 0.064062
2 0.651563 0.860156 0.064062 0.064062
2 0.530469 0.867188 0.065625 0.053125
2 0.451562 0.764062 0.070312 0.043750
2 0.511719 0.285156 0.059375 0.064062
2 0.835325 0.028125 0.068412 0.056250
2 0.089844 0.049219 0.065625 0.057813
2 0.048438 0.016406 0.095312 0.032813
2 0.291406 0.377344 0.059375 0.060937
2 0.798438 0.250781 0.092188 0.070312
