0 0.280201 0.287780 0.083955 0.072295
0 0.352495 0.392141 0.081623 0.085121
0 0.434701 0.438200 0.087453 0.074627
0 0.522738 0.386894 0.095616 0.093284
0 0.717467 0.383396 0.088619 0.083955
0 0.805504 0.354244 0.101446 0.079291
0 0.395056 0.578708 0.094450 0.068797
0 0.427705 0.670826 0.101446 0.075793
2 0.355410 0.637010 0.057136 0.054804
0 0.305271 0.725630 0.108442 0.089785
0 0.232393 0.758862 0.093284 0.079291
0 0.258629 0.614272 0.087453 0.076959
2 0.194496 0.606110 0.038479 0.053638
0 0.711637 0.106460 0.065299 0.071129
1 0.688899 0.176423 0.073461 0.071129
2 0.411381 0.234725 0.043144 0.040812
