2 0.680154 0.417794 0.144590 0.150420
2 0.724219 0.338281 0.115625 0.117188
2 0.064844 0.080469 0.093750 0.101562
2 0.362500 0.746094 0.157812 0.120313
2 0.385937 0.842969 0.160938 0.145313
2 0.506250 0.724219 0.135937 0.120313
2 0.572656 0.704688 0.100000 0.109375
2 0.593750 0.642969 0.098437 0.101562
2 0.640625 0.719531 0.085938 0.070312
2 0.739844 0.722656 0.106250 0.098437
2 0.692969 0.762500 0.087500 0.090625
2 0.658594 0.808594 0.093750 0.064062
2 0.670312 0.655469 0.092188 0.070312
2 0.507031 0.960938 0.071875 0.040625
