2 0.402344 0.151007 0.083265 0.075041
2 0.467105 0.171053 0.105880 0.080181
2 0.507710 0.126336 0.092516 0.087377
2 0.571443 0.184930 0.100740 0.087377
2 0.640317 0.223479 0.125411 0.088405
2 0.657792 0.306229 0.098684 0.093544
2 0.486637 0.253289 0.093544 0.092516
2 0.557052 0.267167 0.067845 0.093544
2 0.391036 0.236328 0.103824 0.079153
2 0.429071 0.332442 0.109992 0.086349
2 0.460938 0.414165 0.075041 0.052426
2 0.515933 0.332956 0.074013 0.064762
2 0.533409 0.408512 0.071957 0.080181
2 0.583265 0.388466 0.072985 0.087377
2 0.908614 0.054893 0.092516 0.061678
2 0.956877 0.127061 0.086246 0.090883
2 0.170539 0.412109 0.051398 0.040090
2 0.201377 0.435238 0.037007 0.039062
2 0.067743 0.284642 0.041118 0.035979
2 0.035362 0.329359 0.052426 0.065789
2 0.356086 0.712788 0.085321 0.090461
2 0.412623 0.691715 0.058594 0.070929
2 0.613590 0.825350 0.063734 0.064762
2 0.654708 0.681949 0.055510 0.057566
2 0.671155 0.805818 0.074013 0.070929
2 0.677323 0.886513 0.055510 0.078125
2 0.744141 0.876234 0.069901 0.063734
2 0.758532 0.553454 0.059622 0.047286
2 0.375617 0.974918 0.033923 0.045230
2 0.422852 0.976151 0.062603 0.047697
2 0.149979 0.554482 0.047286 0.049342
2 0.232730 0.515933 0.058594 0.054482
2 0.509252 0.028680 0.042146 0.044202
0 0.373561 0.032792 0.021587 0.027755
0 0.405428 0.027138 0.035979 0.024671
