2 0.369449 0.340666 0.052426 0.059622
2 0.256373 0.462993 0.060650 0.055510
2 0.160259 0.511822 0.067845 0.042146
2 0.028166 0.634663 0.054482 0.063734
2 0.539062 0.704564 0.056538 0.082237
2 0.318051 0.393606 0.062706 0.052426
2 0.326789 0.444490 0.063734 0.043174
2 0.382812 0.137644 0.064762 0.048314
2 0.346834 0.093956 0.062706 0.055510
2 0.402858 0.086760 0.055510 0.047286
2 0.397204 0.040502 0.066817 0.055510
2 0.482525 0.142270 0.062706 0.057566
2 0.561678 0.128392 0.070929 0.058594
2 0.566817 0.175164 0.062706 0.049342
2 0.685033 0.481497 0.075041 0.057566
2 0.661904 0.433183 0.080181 0.065789
2 0.843853 0.644428 0.055510 0.054482
2 0.890111 0.614104 0.051398 0.053454
2 0.937911 0.651110 0.066817 0.053454
1 0.747738 0.409539 0.058594 0.074013
2 0.796053 0.370991 0.056538 0.054482
2 0.819182 0.459396 0.051398 0.072985
2 0.871094 0.468647 0.038035 0.066817
2 0.903988 0.483039 0.031867 0.048314
2 0.900391 0.428043 0.034951 0.055510
2 0.940481 0.450144 0.030839 0.056538
2 0.827405 0.303660 0.055510 0.061678
2 0.611534 0.258943 0.049342 0.048314
2 0.134046 0.648540 0.052426 0.060650
2 0.106291 0.923520 0.066817 0.059622
2 0.189556 0.957956 0.064762 0.066817
2 0.066201 0.954873 0.064762 0.056538
2 0.432669 0.334498 0.049342 0.055510
2 0.447060 0.394634 0.059622 0.068873
