2 0.090567 0.119502 0.083912 0.072338
2 0.092737 0.172309 0.079572 0.070891
2 0.031250 0.207031 0.052083 0.065104
2 0.071036 0.227286 0.067998 0.067998
2 0.052951 0.274306 0.078125 0.069444
2 0.386429 0.542679 0.079572 0.070891
2 0.359664 0.614294 0.063657 0.052083
2 0.387153 0.480469 0.089699 0.056424
2 0.450810 0.544126 0.046296 0.059317
2 0.141204 0.645399 0.060764 0.073785
2 0.065972 0.653356 0.083912 0.072338
2 0.019676 0.703993 0.031829 0.081019
2 0.107205 0.782841 0.067998 0.062211
2 0.076823 0.720631 0.065104 0.056424
2 0.024740 0.838542 0.047743 0.069444
2 0.034867 0.905816 0.056424 0.047743
2 0.047888 0.962963 0.085359 0.063657
2 0.199797 0.866753 0.062211 0.067998
2 0.369792 0.289497 0.081019 0.059317
2 0.352431 0.166522 0.075231 0.079572
2 0.339410 0.086227 0.069444 0.075231
2 0.411024 0.099971 0.076678 0.082465
2 0.447193 0.042824 0.094039 0.081019
2 0.534722 0.038484 0.101273 0.060764
2 0.504340 0.107205 0.098380 0.091146
2 0.434896 0.222946 0.075231 0.088252
2 0.492766 0.193287 0.072338 0.072338
2 0.560764 0.191117 0.057870 0.056424
2 0.473235 0.293837 0.076678 0.062211
2 0.623698 0.267795 0.062211 0.070891
2 0.620804 0.330729 0.079572 0.049190
2 0.225116 0.442130 0.054977 0.069444
