2 0.323608 0.498779 0.080566 0.087891
2 0.398071 0.521362 0.075684 0.079346
2 0.380371 0.472534 0.084229 0.076904
2 0.462158 0.523804 0.074463 0.079346
2 0.449341 0.596436 0.083008 0.085449
2 0.349854 0.340698 0.067139 0.067139
2 0.320557 0.380371 0.064697 0.063477
2 0.105103 0.462769 0.080566 0.067139
2 0.470703 0.302856 0.054932 0.050049
2 0.516479 0.678833 0.065918 0.079346
2 0.447510 0.670898 0.072021 0.065918
2 0.383423 0.964478 0.095215 0.067139
2 0.305908 0.961426 0.074463 0.063477
2 0.451172 0.458496 0.059814 0.063477
