2 0.025659 0.744601 0.051319 0.068425
2 0.114392 0.808200 0.091743 0.087443
2 0.178182 0.760894 0.070241 0.061640
2 0.117976 0.687787 0.044438 0.064507
2 0.211869 0.612529 0.045872 0.034404
2 0.214736 0.688503 0.086009 0.071674
2 0.312930 0.644065 0.096044 0.100344
2 0.399656 0.654100 0.086009 0.080275
2 0.365969 0.745126 0.098911 0.098911
2 0.453412 0.701405 0.078842 0.094610
2 0.583142 0.512185 0.111812 0.103211
2 0.601061 0.621846 0.116112 0.107511
2 0.706422 0.581709 0.106078 0.104644
2 0.673452 0.685636 0.108945 0.111812
2 0.743693 0.431193 0.080275 0.081709
2 0.824685 0.446961 0.073108 0.070241
2 0.793865 0.509318 0.097477 0.077408
2 0.903526 0.464880 0.087443 0.088876
2 0.940080 0.434060 0.077408 0.081709
2 0.827552 0.092173 0.067374 0.068807
2 0.841170 0.160981 0.074541 0.060206
2 0.916428 0.168148 0.073108 0.074541
2 0.948681 0.122276 0.074541 0.080275
2 0.889192 0.231938 0.067374 0.058773
2 0.978784 0.205419 0.040138 0.080275
2 0.970040 0.246860 0.059920 0.054213
2 0.247706 0.879874 0.060206 0.064507
2 0.443377 0.968033 0.055906 0.043005
2 0.507167 0.954415 0.057339 0.061640
2 0.577408 0.912127 0.051606 0.048739
2 0.600344 0.848337 0.057339 0.064507
2 0.844037 0.782397 0.071674 0.067374
2 0.908544 0.766628 0.060206 0.064507
2 0.963733 0.757311 0.067374 0.083142
2 0.869839 0.848337 0.054472 0.064507
2 0.925745 0.830419 0.063073 0.065940
2 0.976634 0.825401 0.044438 0.067374
2 0.165998 0.158830 0.054472 0.058773
