1 0.525699 0.171053 0.128495 0.145970
2 0.627467 0.214227 0.095600 0.088405
0 0.907586 0.123252 0.094572 0.097656
2 0.960475 0.214872 0.079050 0.102030
2 0.504112 0.279502 0.087377 0.066817
2 0.586349 0.281044 0.072985 0.078125
2 0.495374 0.340666 0.108964 0.071957
2 0.584293 0.356086 0.077097 0.080181
2 0.552426 0.429071 0.087377 0.076069
2 0.648540 0.458882 0.123355 0.113076
2 0.548828 0.521073 0.139803 0.114104
2 0.778063 0.458368 0.086349 0.087377
2 0.742085 0.507710 0.071957 0.089433
2 0.821752 0.534951 0.103824 0.090461
2 0.856702 0.461451 0.087377 0.101768
2 0.913754 0.471217 0.061678 0.071957
2 0.917866 0.547800 0.069901 0.087377
2 0.851049 0.615132 0.074013 0.076069
2 0.945056 0.623511 0.109889 0.061989
0 0.643400 0.621299 0.041118 0.047286
0 0.703022 0.669100 0.078125 0.060650
0 0.726151 0.755962 0.085321 0.065789
0 0.654194 0.751850 0.068873 0.069901
0 0.605366 0.786287 0.065789 0.056538
2 0.653680 0.810444 0.055510 0.053454
2 0.699938 0.812500 0.049342 0.049342
1 0.589947 0.840769 0.086349 0.081209
0 0.922492 0.818154 0.056538 0.099712
2 0.970755 0.802159 0.058491 0.069779
2 0.975894 0.862173 0.048211 0.054115
2 0.945107 0.888569 0.064762 0.053454
1 0.444490 0.954873 0.105880 0.085321
2 0.511308 0.951789 0.099712 0.079153
2 0.350432 0.958470 0.098684 0.074013
2 0.376645 0.914268 0.089433 0.067845
