2 0.131530 0.319263 0.043144 0.039646
2 0.706973 0.402052 0.062966 0.039646
2 0.452775 0.581623 0.041978 0.037313
2 0.377565 0.666744 0.068797 0.051306
2 0.419543 0.513410 0.047808 0.047808
0 0.584538 0.656250 0.074627 0.055970
1 0.809002 0.645756 0.064132 0.048974
1 0.910448 0.348414 0.052472 0.055970
2 0.871385 0.340252 0.039646 0.051306
0 0.802006 0.720382 0.068797 0.069963
0 0.620103 0.741371 0.050140 0.065299
1 0.295359 0.879548 0.109608 0.094450
1 0.063316 0.893540 0.116604 0.106110
2 0.519240 0.932603 0.046642 0.048974
2 0.547225 0.621269 0.046642 0.053638
1 0.729711 0.867887 0.064132 0.064132
0 0.155434 0.354244 0.065299 0.058302
2 0.119286 0.224813 0.039646 0.030317
