2 0.296538 0.228530 0.092176 0.073067
2 0.337005 0.225157 0.076439 0.068570
2 0.319020 0.284735 0.076439 0.061826
2 0.358363 0.340378 0.080935 0.069694
2 0.410634 0.228530 0.075315 0.077563
2 0.515175 0.102630 0.066322 0.075315
2 0.565198 0.083521 0.074191 0.064074
2 0.560139 0.146470 0.068570 0.070818
2 0.621403 0.116682 0.058453 0.044964
2 0.680980 0.060477 0.056205 0.044964
2 0.617469 0.032374 0.057329 0.053957
2 0.570818 0.026192 0.069694 0.034847
2 0.275180 0.410072 0.087680 0.096673
2 0.255508 0.495504 0.104541 0.076439
2 0.302158 0.541592 0.071942 0.069694
2 0.105441 0.514051 0.080935 0.050585
2 0.146470 0.563512 0.064074 0.061826
2 0.113309 0.672549 0.067446 0.055081
2 0.033498 0.657936 0.038219 0.039344
2 0.030688 0.699528 0.050585 0.041592
2 0.131857 0.756295 0.073067 0.058453
2 0.163894 0.695031 0.056205 0.075315
2 0.208296 0.730441 0.041592 0.047212
2 0.028440 0.760229 0.048336 0.057329
2 0.048674 0.803507 0.068570 0.053957
2 0.097010 0.784960 0.039344 0.048336
2 0.134105 0.819245 0.061826 0.033723
2 0.179631 0.841165 0.051709 0.064074
2 0.127361 0.873763 0.057329 0.043840
2 0.085207 0.849595 0.049460 0.035971
2 0.050922 0.865895 0.048336 0.055081
2 0.039681 0.935589 0.052833 0.046088
2 0.075090 0.906362 0.067446 0.039344
2 0.125112 0.924348 0.046088 0.050585
2 0.162770 0.902990 0.060701 0.041592
2 0.020009 0.874888 0.035971 0.066322
2 0.221785 0.813062 0.055081 0.039344
2 0.229092 0.768098 0.051709 0.052833
2 0.257194 0.734375 0.040468 0.041592
2 0.255508 0.819245 0.041592 0.056205
2 0.301034 0.739996 0.053957 0.057329
2 0.311713 0.688287 0.066322 0.068570
2 0.335881 0.657936 0.031475 0.061826
2 0.371290 0.657936 0.041592 0.064074
2 0.376349 0.757419 0.058453 0.051709
2 0.442671 0.806317 0.060701 0.043840
2 0.264501 0.869829 0.068570 0.026978
2 0.353305 0.860836 0.077563 0.044964
2 0.570256 0.241457 0.075315 0.067446
2 0.584870 0.186938 0.061826 0.043840
2 0.668053 0.206610 0.048336 0.049460
2 0.633768 0.270121 0.062950 0.048336
2 0.670863 0.248763 0.044964 0.025854
2 0.715827 0.286421 0.035971 0.053957
2 0.755733 0.266187 0.041592 0.069694
2 0.729317 0.161084 0.080935 0.068570
2 0.778215 0.163332 0.052833 0.059577
2 0.832734 0.194807 0.044964 0.055081
2 0.860274 0.194245 0.061826 0.080935
2 0.919852 0.190872 0.066322 0.067446
2 0.972684 0.204362 0.052833 0.074191
2 0.981565 0.140275 0.036871 0.067420
2 0.887815 0.126799 0.053957 0.060701
2 0.837230 0.116120 0.062950 0.075315
2 0.863647 0.067221 0.043840 0.080935
2 0.916479 0.061039 0.084308 0.082059
2 0.964816 0.049236 0.061826 0.083183
2 0.973696 0.395425 0.052608 0.085364
2 0.620279 0.339816 0.078687 0.061826
2 0.591614 0.383094 0.064074 0.040468
2 0.591614 0.438174 0.100045 0.051709
2 0.553957 0.521358 0.123651 0.087680
2 0.428620 0.505058 0.077563 0.064074
2 0.384780 0.526978 0.066322 0.053957
2 0.469087 0.584870 0.077563 0.043840
2 0.385342 0.628710 0.049460 0.039344
2 0.387590 0.717513 0.058453 0.025854
2 0.435364 0.686039 0.052833 0.050585
2 0.443795 0.748426 0.056205 0.053957
2 0.496628 0.687725 0.062950 0.047212
2 0.502248 0.726506 0.056205 0.059577
2 0.543278 0.683228 0.052833 0.067446
2 0.597797 0.657374 0.074191 0.062950
2 0.601169 0.703462 0.076439 0.040468
2 0.632082 0.732689 0.073067 0.065198
2 0.666929 0.757419 0.082059 0.065198
2 0.649505 0.796201 0.074191 0.048336
2 0.698966 0.797325 0.042716 0.048336
2 0.590490 0.984487 0.230441 0.022482
2 0.796201 0.959195 0.048336 0.039344
2 0.832172 0.924910 0.070818 0.044964
2 0.849595 0.960319 0.062950 0.043840
2 0.777653 0.609038 0.089928 0.067446
2 0.785522 0.651192 0.071942 0.052833
2 0.857464 0.636016 0.089928 0.080935
2 0.679294 0.338129 0.057329 0.044964
2 0.710769 0.368480 0.041592 0.058453
2 0.754609 0.337005 0.041592 0.040468
2 0.780463 0.381407 0.073067 0.057329
2 0.757981 0.419627 0.086556 0.064074
2 0.835544 0.416254 0.066322 0.082059
2 0.864209 0.521920 0.044964 0.050585
2 0.947954 0.583183 0.059577 0.058453
2 0.938399 0.659622 0.060701 0.078687
2 0.972010 0.632547 0.055980 0.080741
2 0.947392 0.736061 0.083183 0.074191
2 0.867019 0.773719 0.077563 0.059577
2 0.893997 0.848471 0.091052 0.049460
2 0.753485 0.708521 0.077563 0.061826
2 0.662433 0.616344 0.066322 0.059577
2 0.677608 0.543278 0.078687 0.073067
2 0.651754 0.485949 0.060701 0.061826
2 0.650067 0.406138 0.070818 0.070818
2 0.583183 0.588242 0.098921 0.077563
2 0.582059 0.813062 0.067446 0.039344
2 0.917041 0.945706 0.051709 0.055081
