1 0.494170 0.157766 0.120103 0.131763
1 0.583372 0.123951 0.081623 0.106110
1 0.522155 0.269123 0.087453 0.079291
1 0.587453 0.367071 0.101446 0.104944
1 0.491255 0.372318 0.107276 0.082789
1 0.502915 0.473181 0.104944 0.097948
1 0.646339 0.471432 0.076959 0.064132
1 0.600280 0.551306 0.080457 0.104944
1 0.556553 0.683069 0.086287 0.072295
1 0.646922 0.664995 0.099114 0.096782
1 0.706973 0.619520 0.062966 0.075793
1 0.796175 0.644007 0.080457 0.117771
1 0.738456 0.699977 0.065299 0.071129
1 0.614272 0.263876 0.089785 0.092118
1 0.637593 0.037663 0.108442 0.073461
1 0.760611 0.042910 0.100280 0.074627
1 0.712803 0.108209 0.074627 0.104944
1 0.813666 0.146105 0.089785 0.117771
1 0.712803 0.190415 0.111940 0.087453
1 0.789179 0.792094 0.129431 0.075793
1 0.644007 0.761777 0.072295 0.068797
1 0.698228 0.789179 0.061800 0.088619
1 0.490089 0.848064 0.109608 0.131763
1 0.598531 0.868470 0.086287 0.093284
1 0.675490 0.908116 0.076959 0.088619
1 0.746618 0.921525 0.093284 0.108442
1 0.459771 0.913363 0.088619 0.075793
1 0.537313 0.958839 0.101446 0.066465
1 0.678405 0.976912 0.094450 0.034981
