2 0.758279 0.940182 0.066465 0.068797
2 0.671409 0.923857 0.069963 0.064132
2 0.595616 0.921525 0.074627 0.066465
2 0.943097 0.908116 0.067631 0.060634
2 0.814832 0.887127 0.072295 0.065299
2 0.697062 0.885378 0.044310 0.050140
2 0.912780 0.960005 0.058302 0.054804
2 0.947761 0.975746 0.072295 0.044310
2 0.974265 0.949488 0.048344 0.059423
2 0.676073 0.474930 0.055970 0.043144
2 0.681320 0.516325 0.061800 0.044310
2 0.737290 0.541978 0.050140 0.053638
2 0.781017 0.565299 0.039646 0.046642
2 0.827076 0.579874 0.050140 0.052472
2 0.144939 0.633512 0.061800 0.057136
2 0.144356 0.765858 0.069963 0.060634
2 0.134445 0.823577 0.068797 0.057136
2 0.257777 0.612015 0.047803 0.051370
2 0.724386 0.592394 0.057791 0.059218
2 0.593465 0.724030 0.041381 0.044235
2 0.637343 0.726884 0.043522 0.049943
2 0.085474 0.536387 0.068493 0.062785
2 0.728879 0.658213 0.058103 0.043970
2 0.743012 0.875314 0.053392 0.052607
2 0.587940 0.860396 0.057318 0.041614
2 0.035961 0.736338 0.060459 0.052607
2 0.275832 0.725345 0.065955 0.057318
2 0.728486 0.808967 0.055747 0.054962
2 0.591866 0.800330 0.058888 0.040829
2 0.571844 0.757538 0.061244 0.047896
2 0.493719 0.675094 0.055747 0.047896
