2 0.465153 0.745616 0.067446 0.070818
2 0.398269 0.791704 0.086556 0.064074
2 0.385904 0.846785 0.095549 0.061826
2 0.475270 0.839478 0.089928 0.085432
2 0.553957 0.852968 0.076439 0.094424
2 0.541030 0.752361 0.061826 0.091052
2 0.869267 0.489321 0.052833 0.059577
2 0.878260 0.529227 0.037095 0.051709
2 0.940085 0.516862 0.070818 0.087680
2 0.931655 0.596111 0.058453 0.077563
2 0.732689 0.917041 0.053957 0.096673
2 0.809690 0.938399 0.073067 0.083183
2 0.868705 0.962005 0.065198 0.065198
2 0.582059 0.552833 0.069694 0.065198
2 0.668615 0.584870 0.042716 0.055081
2 0.757419 0.527540 0.071942 0.064074
