2 0.592773 0.338257 0.040283 0.040283
2 0.556763 0.340698 0.041504 0.042725
2 0.894897 0.374268 0.063477 0.056152
2 0.959595 0.410889 0.051270 0.053711
2 0.770996 0.211304 0.057373 0.054932
2 0.526855 0.840576 0.076904 0.080566
2 0.622681 0.832031 0.080566 0.083008
2 0.480469 0.924805 0.079346 0.063477
2 0.366333 0.949829 0.095215 0.084229
2 0.700195 0.930298 0.089111 0.079346
2 0.785034 0.930298 0.068359 0.069580
2 0.740479 0.968140 0.064697 0.054932
2 0.862549 0.960205 0.076904 0.063477
2 0.832642 0.026978 0.053711 0.047607
2 0.559204 0.660522 0.043945 0.042725
2 0.579346 0.625122 0.037842 0.045166
2 0.547607 0.621460 0.042725 0.035400
