1 0.409144 0.493056 0.090278 0.108796
1 0.493056 0.543981 0.072917 0.090278
2 0.684606 0.420718 0.125000 0.100694
2 0.663194 0.524884 0.128472 0.114583
2 0.793981 0.528356 0.068287 0.082176
2 0.753472 0.556713 0.059028 0.087963
2 0.862847 0.527778 0.078704 0.081019
2 0.934606 0.516204 0.085648 0.090278
2 0.876157 0.476852 0.079861 0.090278
2 0.833333 0.663773 0.063657 0.086806
2 0.814815 0.593171 0.089120 0.084491
2 0.677662 0.663773 0.090278 0.084491
2 0.424190 0.590278 0.115741 0.104167
2 0.373843 0.688079 0.128472 0.103009
2 0.357639 0.786458 0.093750 0.096065
2 0.404514 0.861690 0.092593 0.077546
2 0.309606 0.861111 0.094907 0.101852
2 0.218171 0.846065 0.113426 0.108796
2 0.214699 0.931134 0.136574 0.091435
2 0.271991 0.666667 0.089120 0.097222
2 0.301505 0.520255 0.099537 0.086806
2 0.347801 0.423032 0.076389 0.070602
2 0.756366 0.220486 0.120370 0.084491
2 0.720486 0.122685 0.078704 0.081019
2 0.820023 0.111111 0.101852 0.090278
2 0.336227 0.056134 0.129630 0.072917
2 0.172454 0.087384 0.068287 0.084491
2 0.090278 0.143519 0.059028 0.067130
2 0.215278 0.270255 0.103009 0.089120
2 0.450810 0.039352 0.081019 0.067130
2 0.076389 0.834491 0.077546 0.078704
