2 0.041406 0.024219 0.048438 0.029687
2 0.013281 0.043750 0.023438 0.037500
2 0.014063 0.090625 0.025000 0.040625
1 0.290625 0.100000 0.053125 0.031250
1 0.278125 0.136719 0.040625 0.035937
1 0.316406 0.132031 0.026562 0.032813
2 0.235156 0.260156 0.032813 0.032813
2 0.252344 0.240625 0.029687 0.031250
2 0.286719 0.221094 0.045312 0.035937
2 0.268750 0.276562 0.037500 0.021875
2 0.275000 0.303906 0.034375 0.042188
2 0.304688 0.291406 0.025000 0.023438
2 0.321094 0.203125 0.026562 0.034375
2 0.321875 0.236719 0.034375 0.039062
2 0.350781 0.181250 0.035937 0.031250
2 0.396094 0.205469 0.026562 0.042188
2 0.426563 0.202344 0.037500 0.042188
2 0.402344 0.226562 0.032813 0.031250
2 0.396094 0.259375 0.042188 0.034375
2 0.363281 0.353906 0.048438 0.026562
2 0.439063 0.320312 0.046875 0.046875
2 0.511719 0.338281 0.032813 0.035937
2 0.448437 0.350781 0.034375 0.026562
2 0.474219 0.382031 0.029687 0.029687
2 0.409375 0.400781 0.031250 0.035937
2 0.370312 0.402344 0.031250 0.029687
2 0.374219 0.437500 0.032813 0.028125
2 0.361719 0.457031 0.023438 0.029687
2 0.468750 0.264062 0.040625 0.040625
2 0.486719 0.299219 0.023438 0.026562
2 0.472656 0.319531 0.029687 0.035937
2 0.521875 0.282031 0.028125 0.035937
2 0.507031 0.307031 0.026562 0.029687
2 0.800781 0.073438 0.032813 0.053125
2 0.753906 0.052344 0.026562 0.032813
2 0.771875 0.075781 0.025000 0.039062
2 0.837500 0.067969 0.031250 0.057813
2 0.725000 0.057813 0.025000 0.040625
2 0.751563 0.014063 0.031250 0.025000
2 0.803125 0.035156 0.031250 0.039062
2 0.060156 0.379688 0.039062 0.043750
2 0.079687 0.442188 0.040625 0.037500
2 0.115625 0.445312 0.034375 0.034375
2 0.089844 0.407031 0.026562 0.026562
2 0.110156 0.385937 0.035937 0.031250
2 0.116406 0.413281 0.023438 0.020313
2 0.087500 0.365625 0.025000 0.031250
2 0.122656 0.524219 0.029687 0.023438
2 0.110937 0.556250 0.028125 0.025000
2 0.118750 0.580469 0.031250 0.026562
2 0.235156 0.446875 0.032813 0.025000
2 0.256250 0.530469 0.046875 0.045312
2 0.209375 0.551562 0.028125 0.034375
2 0.227344 0.577344 0.035937 0.039062
2 0.215625 0.603125 0.037500 0.037500
2 0.678125 0.670312 0.034375 0.031250
2 0.667969 0.699219 0.035937 0.026562
2 0.794531 0.526563 0.032813 0.050000
2 0.814844 0.553906 0.029687 0.039062
2 0.846875 0.346875 0.025000 0.037500
2 0.890625 0.331250 0.028125 0.034375
2 0.969531 0.492188 0.032813 0.043750
2 0.917969 0.527344 0.023438 0.032813
2 0.784375 0.579688 0.021875 0.034375
2 0.983594 0.528125 0.026562 0.034375
2 0.555469 0.413281 0.029687 0.032813
2 0.354687 0.304688 0.034375 0.034375
