1 0.384709 0.766232 0.094053 0.075850
1 0.490898 0.812500 0.045510 0.034891
2 0.446905 0.617567 0.042476 0.072816
2 0.481796 0.621359 0.060680 0.077367
2 0.520479 0.571299 0.043993 0.050061
2 0.584951 0.536408 0.069782 0.071299
2 0.521238 0.761681 0.081917 0.057646
2 0.550819 0.807949 0.062197 0.050061
2 0.591778 0.694175 0.053095 0.047027
2 0.625152 0.682797 0.028823 0.054612
2 0.660801 0.657008 0.112257 0.084951
2 0.757130 0.350576 0.077367 0.051578
2 0.731341 0.295965 0.034891 0.039442
2 0.771541 0.223908 0.081917 0.077367
2 0.815534 0.302033 0.072816 0.060680
2 0.866353 0.265625 0.053095 0.030340
2 0.804915 0.226942 0.027306 0.062197
2 0.846632 0.211013 0.065231 0.063714
