2 0.458609 0.945468 0.082781 0.071399
2 0.584851 0.910803 0.066225 0.062086
2 0.561569 0.866825 0.065190 0.077608
2 0.389280 0.920116 0.053808 0.062086
2 0.088680 0.804222 0.071399 0.064156
2 0.296668 0.515522 0.081747 0.101407
2 0.384106 0.464818 0.064156 0.091060
2 0.313742 0.426531 0.070364 0.109685
2 0.355650 0.530008 0.050704 0.091060
2 0.850786 0.354098 0.066225 0.070364
2 0.910803 0.324089 0.066225 0.066225
2 0.931498 0.580712 0.057947 0.080712
2 0.881312 0.718853 0.052773 0.054843
2 0.901490 0.773696 0.072434 0.079677
2 0.963576 0.771109 0.045530 0.084851
