2 0.343750 0.031250 0.040428 0.048077
2 0.341565 0.067854 0.055726 0.055726
2 0.317526 0.098995 0.060096 0.043706
2 0.342657 0.151442 0.084135 0.054633
2 0.371613 0.175481 0.037150 0.045892
2 0.390734 0.201705 0.038243 0.041521
2 0.428977 0.163462 0.038243 0.065559
2 0.439358 0.127404 0.052448 0.043706
2 0.439358 0.093531 0.045892 0.039336
2 0.433348 0.065122 0.029502 0.037150
2 0.261254 0.158545 0.045892 0.033872
2 0.249235 0.201705 0.041521 0.045892
2 0.206622 0.223558 0.043706 0.048077
2 0.207168 0.274366 0.040428 0.042614
2 0.289663 0.254698 0.034965 0.042614
2 0.290210 0.420236 0.036058 0.039336
2 0.277644 0.471591 0.052448 0.059003
2 0.271635 0.554087 0.040428 0.042614
2 0.224104 0.554633 0.041521 0.041521
2 0.231753 0.608173 0.050262 0.039336
2 0.442635 0.480332 0.043706 0.041521
2 0.424607 0.508195 0.036058 0.025131
2 0.385817 0.631665 0.050262 0.064467
2 0.376530 0.702142 0.051355 0.050262
2 0.329545 0.758413 0.040428 0.031687
2 0.355223 0.773711 0.041521 0.031687
2 0.312609 0.802666 0.030594 0.041521
2 0.291302 0.831075 0.029502 0.037150
2 0.330092 0.882430 0.056818 0.043706
2 0.371613 0.856753 0.048077 0.046984
2 0.219733 0.947990 0.050262 0.063374
2 0.202797 0.891718 0.036058 0.036058
2 0.685752 0.375983 0.038243 0.053540
2 0.657889 0.396744 0.037150 0.027316
2 0.632758 0.420236 0.037150 0.030594
2 0.695039 0.434987 0.039336 0.051355
2 0.739838 0.447006 0.045892 0.042614
2 0.680835 0.475962 0.054633 0.041521
2 0.722356 0.480332 0.050262 0.039336
2 0.631665 0.479786 0.034965 0.033872
2 0.557911 0.332277 0.040428 0.036058
2 0.506556 0.350306 0.036058 0.043706
2 0.465035 0.371066 0.053540 0.039336
2 0.519668 0.383086 0.029502 0.041521
2 0.556818 0.379261 0.031687 0.040428
2 0.900459 0.155813 0.050262 0.050262
2 0.913024 0.172203 0.029502 0.039336
2 0.938702 0.033982 0.045892 0.040428
2 0.980769 0.035074 0.031687 0.036058
