2 0.472245 0.340666 0.035979 0.051398
2 0.647512 0.339124 0.037007 0.029811
2 0.823808 0.812500 0.046258 0.047286
2 0.821752 0.603824 0.038035 0.037007
2 0.770354 0.657792 0.035979 0.046258
2 0.718956 0.670641 0.038035 0.037007
2 0.556538 0.023026 0.046258 0.039062
2 0.565789 0.057463 0.027755 0.023643
2 0.581723 0.103721 0.037007 0.035979
2 0.546772 0.152035 0.041118 0.035979
2 0.512850 0.187500 0.037007 0.034951
2 0.686061 0.336554 0.031867 0.041118
2 0.782689 0.202919 0.044202 0.041118
2 0.733861 0.605366 0.026727 0.029811
1 0.980520 0.431870 0.038960 0.044661
2 0.672183 0.162829 0.047286 0.039062
2 0.666530 0.199322 0.054482 0.040090
2 0.719984 0.194182 0.046258 0.035979
2 0.507196 0.101665 0.033923 0.035979
2 0.536493 0.107833 0.034951 0.029811
1 0.556538 0.407484 0.035979 0.045230
2 0.888569 0.815584 0.042146 0.043174
