2 0.088017 0.595549 0.041592 0.060701
2 0.138040 0.584870 0.035971 0.059577
2 0.958071 0.491569 0.041592 0.064074
2 0.974933 0.544964 0.041592 0.074191
2 0.666929 0.443233 0.050585 0.052833
2 0.353305 0.677608 0.066322 0.071942
2 0.406700 0.724820 0.060701 0.047212
1 0.184128 0.618031 0.074191 0.062950
2 0.277428 0.270121 0.044964 0.068570
2 0.411196 0.337567 0.060701 0.070818
2 0.479766 0.231340 0.056205 0.062950
2 0.516862 0.274056 0.044964 0.069694
2 0.591052 0.229092 0.080935 0.069694
2 0.564636 0.297662 0.046088 0.062950
2 0.602855 0.338129 0.043840 0.056205
2 0.642761 0.378035 0.069694 0.066322
2 0.345436 0.603417 0.079811 0.056205
2 0.312275 0.652316 0.038219 0.046088
2 0.438737 0.700652 0.046088 0.052833
2 0.707397 0.665805 0.057329 0.052833
2 0.656812 0.713017 0.066322 0.077563
2 0.562950 0.772594 0.060701 0.057329
2 0.603979 0.823741 0.055081 0.060701
2 0.641075 0.770346 0.055081 0.059577
2 0.722010 0.729317 0.046088 0.056205
2 0.776529 0.741682 0.049460 0.060701
2 0.718638 0.783835 0.052833 0.046088
2 0.762478 0.860836 0.046088 0.047212
2 0.920976 0.856340 0.061826 0.047212
2 0.940647 0.798449 0.067446 0.059577
2 0.965378 0.666367 0.065198 0.060701
2 0.968188 0.611848 0.043840 0.048336
2 0.122302 0.635454 0.040468 0.048336
