2 0.055737 0.118703 0.101446 0.125933
2 0.052239 0.316931 0.087453 0.195896
2 0.192164 0.251632 0.229711 0.167910
2 0.219566 0.078475 0.212220 0.141091
2 0.409632 0.167094 0.202892 0.197062
2 0.420709 0.057486 0.183069 0.103778
2 0.062150 0.541395 0.109608 0.201726
2 0.085471 0.789762 0.144590 0.243703
2 0.242304 0.665578 0.211054 0.179571
2 0.288946 0.885961 0.213386 0.193563
2 0.439366 0.590951 0.234375 0.235541
2 0.657416 0.837570 0.229711 0.225047
2 0.430620 0.764692 0.135261 0.093284
2 0.871968 0.175840 0.243703 0.149254
2 0.895289 0.330340 0.208722 0.246035
2 0.715135 0.454524 0.179571 0.216884
2 0.813666 0.518074 0.239039 0.218050
2 0.768190 0.704641 0.215718 0.176073
2 0.605527 0.593284 0.125933 0.158582
2 0.971665 0.830574 0.037313 0.199394
