1 0.188046 0.970389 0.024038 0.016390
0 0.090800 0.705966 0.032780 0.029502
0 0.136691 0.734375 0.028409 0.025131
0 0.188046 0.738746 0.039336 0.022946
0 0.286385 0.695039 0.030594 0.040428
0 0.335009 0.728912 0.038243 0.038243
0 0.118663 0.527863 0.029502 0.029502
0 0.093531 0.497268 0.040428 0.038243
0 0.203344 0.501093 0.037150 0.039336
0 0.532780 0.509288 0.029502 0.029502
0 0.562828 0.532780 0.026224 0.037150
0 0.728365 0.635490 0.020760 0.030594
0 0.885162 0.709244 0.037150 0.036058
0 0.911385 0.881884 0.024038 0.038243
0 0.911385 0.909747 0.034965 0.026224
0 0.955092 0.888440 0.026224 0.031687
0 0.774257 0.774257 0.020760 0.021853
0 0.545892 0.626202 0.042614 0.046984
0 0.437719 0.814139 0.081949 0.073208
0 0.339379 0.884615 0.151879 0.113636
0 0.368335 0.568837 0.028409 0.028409
0 0.250874 0.498907 0.029502 0.015297
0 0.265079 0.533326 0.022946 0.020760
0 0.313702 0.497815 0.006556 0.013112
0 0.406578 0.486888 0.006556 0.006556
0 0.339379 0.462850 0.016390 0.008741
0 0.339926 0.879698 0.013112 0.014205
0 0.363418 0.880791 0.018575 0.040428
0 0.306053 0.864948 0.026224 0.030594
0 0.284200 0.904283 0.013112 0.024038
