1 0.731934 0.552083 0.063477 0.066732
0 0.667643 0.541504 0.071615 0.068359
0 0.576497 0.549642 0.094401 0.094401
0 0.622884 0.615560 0.069987 0.060221
2 0.489421 0.581380 0.073242 0.066732
2 0.268066 0.510579 0.073242 0.052083
2 0.196452 0.501628 0.086263 0.050456
2 0.113444 0.677409 0.079753 0.073242
2 0.295736 0.705892 0.063477 0.061849
2 0.240397 0.729492 0.076497 0.066732
2 0.220866 0.795410 0.092773 0.078125
1 0.268066 0.888184 0.102539 0.094401
0 0.308757 0.823079 0.096029 0.078125
0 0.373861 0.799479 0.079753 0.076497
2 0.368978 0.881673 0.073242 0.068359
0 0.052144 0.761628 0.096294 0.092660
1 0.116642 0.840661 0.098110 0.079942
2 0.037609 0.856105 0.070858 0.070858
0 0.183866 0.915153 0.087209 0.069041
2 0.350109 0.963299 0.081759 0.059956
0 0.219295 0.684411 0.089026 0.072674
2 0.173874 0.748910 0.070858 0.056323
