2 0.661133 0.323608 0.064697 0.067139
2 0.684937 0.278442 0.056152 0.064697
2 0.636719 0.288818 0.059814 0.063477
2 0.818604 0.261353 0.050049 0.045166
2 0.705688 0.355347 0.043945 0.045166
2 0.802734 0.456055 0.067139 0.063477
2 0.857666 0.473755 0.057373 0.067139
2 0.911377 0.489014 0.054932 0.068359
2 0.883301 0.027588 0.052490 0.041504
2 0.919922 0.058105 0.054932 0.043945
2 0.790527 0.277832 0.045166 0.053711
2 0.704468 0.551270 0.048828 0.048828
2 0.648926 0.538452 0.057373 0.054932
2 0.324829 0.415161 0.051270 0.054932
2 0.372437 0.415771 0.051270 0.051270
2 0.338867 0.456665 0.040283 0.045166
2 0.285156 0.442017 0.050049 0.052490
2 0.052002 0.608032 0.052490 0.054932
2 0.221069 0.564697 0.036621 0.046387
2 0.260742 0.583618 0.047607 0.045166
2 0.078857 0.246704 0.054932 0.050049
2 0.708740 0.504883 0.057373 0.046387
2 0.203979 0.625732 0.043945 0.041504
2 0.406616 0.064209 0.056152 0.046387
2 0.792358 0.500000 0.075684 0.065918
