2 0.600694 0.054977 0.065972 0.065972
2 0.554977 0.072338 0.043981 0.056713
2 0.689236 0.025463 0.078704 0.048611
2 0.626736 0.148148 0.062500 0.050926
2 0.597222 0.166667 0.070602 0.062500
2 0.603588 0.224537 0.062500 0.050926
2 0.549190 0.231481 0.048611 0.069444
2 0.135417 0.097222 0.035880 0.037037
2 0.101273 0.078125 0.039352 0.040509
2 0.140046 0.344907 0.045139 0.034722
2 0.107060 0.360532 0.034722 0.038194
2 0.165509 0.396991 0.049769 0.039352
2 0.142940 0.432292 0.048611 0.059028
2 0.729745 0.335069 0.053241 0.068287
2 0.391204 0.412037 0.086806 0.087963
2 0.514468 0.432870 0.050926 0.074074
2 0.409722 0.486111 0.082176 0.050926
2 0.549769 0.409722 0.063657 0.076389
2 0.591435 0.453704 0.056713 0.060185
2 0.675926 0.504630 0.061343 0.064815
2 0.724537 0.550347 0.077546 0.068287
2 0.657407 0.563079 0.084491 0.059028
2 0.540509 0.603588 0.077546 0.068287
2 0.619213 0.660880 0.063657 0.067130
2 0.438657 0.819444 0.072917 0.067130
2 0.265625 0.629051 0.064815 0.070602
2 0.329861 0.605324 0.075231 0.053241
2 0.274306 0.574074 0.056713 0.055556
2 0.462963 0.769097 0.068287 0.072917
2 0.932870 0.436921 0.070602 0.059028
2 0.976562 0.501345 0.046875 0.074449
2 0.940394 0.542824 0.050926 0.078704
