2 0.074742 0.195554 0.038660 0.033827
2 0.057023 0.228576 0.041881 0.028995
2 0.020780 0.240657 0.027384 0.037049
2 0.313950 0.012726 0.062822 0.019330
2 0.400129 0.010309 0.064433 0.017719
2 0.556379 0.188305 0.048325 0.048325
2 0.449259 0.237436 0.062822 0.056379
2 0.562017 0.246295 0.043492 0.054768
2 0.379188 0.143202 0.064433 0.048325
2 0.493557 0.207635 0.035438 0.045103
2 0.508054 0.189916 0.048325 0.051546
2 0.463756 0.173808 0.049936 0.048325
2 0.624034 0.244684 0.045103 0.048325
2 0.620006 0.291398 0.053157 0.045103
2 0.665110 0.396907 0.066044 0.056379
2 0.692494 0.348582 0.062822 0.056379
2 0.735986 0.397713 0.072487 0.045103
2 0.710213 0.235825 0.069265 0.069265
2 0.749678 0.209246 0.057990 0.064433
2 0.800419 0.187500 0.053157 0.066044
2 0.813305 0.123872 0.066044 0.054768
2 0.898679 0.418653 0.078930 0.048325
2 0.941366 0.457313 0.048325 0.045103
2 0.983247 0.486308 0.032216 0.099871
2 0.933312 0.504027 0.064433 0.051546
2 0.170586 0.827803 0.082152 0.051546
2 0.244684 0.868073 0.066044 0.061211
2 0.160921 0.921231 0.062822 0.067655
2 0.248711 0.936534 0.080541 0.066044
2 0.190609 0.973502 0.073873 0.052996
2 0.261494 0.977529 0.057783 0.044942
2 0.254349 0.782700 0.049936 0.048325
2 0.280928 0.817332 0.061211 0.053157
2 0.332474 0.884182 0.054768 0.038660
2 0.293814 0.940561 0.064433 0.070876
2 0.354220 0.935728 0.040271 0.048325
2 0.384826 0.930896 0.024162 0.032216
2 0.413821 0.947809 0.037049 0.037049
2 0.404869 0.977529 0.051362 0.044942
2 0.434762 0.969555 0.043492 0.045103
2 0.454091 0.910760 0.040271 0.043492
2 0.566849 0.817332 0.066044 0.062822
2 0.586179 0.905928 0.066044 0.040271
2 0.607925 0.857603 0.045103 0.069265
2 0.622423 0.805251 0.077320 0.051546
2 0.613563 0.951031 0.043492 0.059601
2 0.655445 0.967945 0.040271 0.054768
2 0.640947 0.891430 0.066044 0.072487
2 0.665915 0.838273 0.057990 0.069265
2 0.710213 0.850354 0.037049 0.077320
2 0.653834 0.748067 0.056379 0.056379
2 0.711018 0.737597 0.061211 0.054768
2 0.706991 0.787532 0.088595 0.054768
2 0.752094 0.737597 0.091817 0.070876
2 0.721488 0.698131 0.072487 0.062822
2 0.694104 0.663499 0.059601 0.051546
2 0.761759 0.672358 0.056379 0.053157
2 0.684439 0.617590 0.040271 0.043492
2 0.728737 0.612758 0.051546 0.043492
2 0.758537 0.642558 0.062822 0.061211
2 0.853576 0.566044 0.059601 0.066044
2 0.847938 0.729543 0.057990 0.057990
2 0.943782 0.772229 0.053157 0.056379
2 0.959890 0.846327 0.062822 0.043492
2 0.965528 0.900290 0.067655 0.048325
2 0.826997 0.793976 0.064433 0.038660
2 0.826192 0.834246 0.072487 0.051546
2 0.686050 0.938144 0.062822 0.056379
2 0.698131 0.971972 0.074098 0.043492
2 0.807668 0.948615 0.067655 0.045103
2 0.764175 0.969555 0.048325 0.051546
2 0.822840 0.977529 0.088334 0.044942
