2 0.301505 0.192130 0.041667 0.057870
2 0.787037 0.536458 0.052083 0.045139
2 0.870370 0.519097 0.049769 0.061343
2 0.862847 0.572917 0.043981 0.048611
2 0.943866 0.616319 0.043981 0.049769
2 0.843171 0.625000 0.043981 0.043981
2 0.765046 0.594329 0.042824 0.052083
2 0.817708 0.586227 0.060185 0.045139
2 0.904514 0.585069 0.039352 0.054398
2 0.979832 0.579443 0.037211 0.061663
2 0.910880 0.726852 0.063657 0.060185
2 0.850694 0.715856 0.042824 0.059028
2 0.602431 0.899306 0.057870 0.057870
2 0.547454 0.913194 0.052083 0.053241
2 0.535880 0.954282 0.059028 0.049769
2 0.640625 0.957755 0.041667 0.047454
2 0.294560 0.130787 0.043981 0.053241
2 0.228588 0.165509 0.046296 0.046296
2 0.169560 0.204282 0.048611 0.040509
