1 0.059659 0.431818 0.068182 0.073864
1 0.117188 0.403409 0.063920 0.053977
1 0.051136 0.375000 0.059659 0.045455
1 0.098722 0.466619 0.072443 0.066761
1 0.617898 0.919034 0.090909 0.099432
1 0.560369 0.970881 0.055398 0.058239
1 0.637784 0.980824 0.073864 0.029830
1 0.701705 0.975852 0.071023 0.045455
1 0.270597 0.243608 0.075284 0.055398
1 0.272017 0.137784 0.063920 0.059659
1 0.255682 0.198153 0.042614 0.052557
1 0.241477 0.116477 0.065341 0.068182
2 0.119318 0.083807 0.062500 0.073864
2 0.183949 0.114347 0.041193 0.052557
2 0.704545 0.115767 0.062500 0.078125
2 0.271307 0.873580 0.071023 0.082386
2 0.225142 0.851562 0.069602 0.046875
