2 0.654049 0.078565 0.063820 0.064921
2 0.700264 0.058759 0.059419 0.056118
2 0.733275 0.092320 0.050616 0.059419
2 0.950594 0.194652 0.064921 0.039613
2 0.931338 0.221611 0.037412 0.042914
2 0.981404 0.229313 0.031910 0.040713
2 0.937940 0.265625 0.039613 0.034111
2 0.921435 0.288732 0.037412 0.034111
2 0.965449 0.307438 0.030810 0.040713
2 0.937390 0.343750 0.051717 0.053917
2 0.909331 0.355854 0.055018 0.049516
2 0.951144 0.395467 0.057218 0.042914
2 0.888974 0.393266 0.036312 0.040713
2 0.915383 0.405920 0.027509 0.033011
2 0.898327 0.426827 0.048415 0.037412
2 0.938490 0.454335 0.009903 0.046215
2 0.890075 0.468090 0.051717 0.040713
2 0.572073 0.090119 0.051717 0.057218
2 0.523107 0.157240 0.077025 0.081426
2 0.701915 0.211708 0.045114 0.042914
2 0.920885 0.528059 0.036312 0.048415
2 0.880722 0.508803 0.033011 0.042914
2 0.835607 0.511004 0.041813 0.064921
2 0.903279 0.570423 0.062720 0.056118
2 0.808649 0.538512 0.056118 0.060519
2 0.764635 0.535211 0.045114 0.053917
2 0.637544 0.531910 0.035211 0.047315
2 0.618288 0.501651 0.053917 0.048415
2 0.599582 0.517606 0.029710 0.034111
2 0.392716 0.284331 0.045114 0.053917
2 0.348702 0.264525 0.058319 0.060519
2 0.215559 0.193552 0.042914 0.046215
2 0.244168 0.104974 0.049516 0.040713
2 0.298636 0.118178 0.061620 0.042914
2 0.673305 0.240867 0.038512 0.039613
2 0.497799 0.437830 0.039613 0.028609
2 0.493948 0.727223 0.036312 0.039613
2 0.533561 0.723922 0.040713 0.052817
2 0.564921 0.711268 0.057218 0.042914
2 0.444982 0.562720 0.037412 0.045114
2 0.528059 0.619938 0.040713 0.040713
2 0.537412 0.649098 0.041813 0.035211
2 0.504952 0.635343 0.036312 0.025308
2 0.484595 0.636994 0.022007 0.024208
2 0.512104 0.665053 0.044014 0.034111
2 0.588578 0.268376 0.034111 0.050616
2 0.546215 0.229313 0.052817 0.042914
2 0.444982 0.421325 0.044014 0.037412
2 0.442782 0.443882 0.037412 0.025308
2 0.435079 0.469190 0.048415 0.027509
2 0.466439 0.491197 0.034111 0.029710
2 0.414723 0.506052 0.029710 0.030810
2 0.385013 0.559419 0.025308 0.031910
2 0.410321 0.566571 0.029710 0.037412
2 0.518156 0.531910 0.031910 0.036312
2 0.566021 0.556668 0.022007 0.039613
2 0.618838 0.573724 0.030810 0.045114
2 0.396567 0.648548 0.041813 0.058319
2 0.413072 0.623790 0.039613 0.048415
2 0.407570 0.670555 0.046215 0.036312
2 0.330546 0.559969 0.039613 0.041813
2 0.344300 0.597381 0.040713 0.035211
2 0.310189 0.592430 0.042914 0.049516
2 0.300286 0.684859 0.034111 0.027509
2 0.363556 0.700814 0.033011 0.026408
2 0.352003 0.645246 0.034111 0.036312
2 0.353653 0.723922 0.052817 0.041813
2 0.464789 0.722821 0.048415 0.039613
2 0.500550 0.762984 0.047315 0.036312
2 0.345951 0.679908 0.052817 0.050616
2 0.314591 0.929688 0.047315 0.039613
2 0.274978 0.930238 0.045114 0.042914
