2 0.112926 0.639205 0.063920 0.051136
2 0.120739 0.685369 0.056818 0.049716
2 0.118608 0.725852 0.061080 0.048295
2 0.061080 0.732955 0.051136 0.053977
2 0.063920 0.692472 0.048295 0.049716
2 0.064631 0.650568 0.052557 0.036932
2 0.034091 0.683239 0.051136 0.053977
2 0.443182 0.668324 0.056818 0.052557
2 0.457386 0.626420 0.062500 0.062500
2 0.348722 0.382812 0.055398 0.052557
2 0.266335 0.448153 0.055398 0.049716
2 0.045455 0.142045 0.042614 0.048295
2 0.017756 0.122869 0.035511 0.035511
2 0.024148 0.109375 0.048295 0.048295
2 0.358665 0.078835 0.052557 0.041193
2 0.359375 0.799006 0.071023 0.046875
2 0.372159 0.850852 0.059659 0.056818
2 0.375710 0.942472 0.063920 0.049716
2 0.430398 0.908381 0.059659 0.058239
2 0.522017 0.857244 0.044034 0.049716
2 0.548295 0.893466 0.062500 0.048295
2 0.319602 0.910511 0.068182 0.048295
2 0.240767 0.846591 0.061080 0.045455
2 0.291193 0.836648 0.062500 0.048295
2 0.326705 0.860085 0.053977 0.046875
2 0.164773 0.896307 0.045455 0.042614
2 0.059659 0.886364 0.051136 0.053977
2 0.247869 0.892045 0.063920 0.056818
2 0.284091 0.934659 0.062500 0.039773
2 0.294744 0.964489 0.061080 0.051136
2 0.359405 0.983665 0.096650 0.032670
2 0.262784 0.974432 0.076705 0.045455
2 0.213778 0.929687 0.041193 0.049716
2 0.720881 0.942472 0.063920 0.055398
2 0.776989 0.955966 0.056818 0.053977
2 0.735085 0.975142 0.055398 0.044034
2 0.764205 0.648438 0.034091 0.049716
2 0.727273 0.663352 0.062500 0.048295
2 0.799716 0.683949 0.048295 0.052557
2 0.764205 0.706676 0.056818 0.058239
2 0.647727 0.800426 0.042614 0.055398
2 0.467330 0.723011 0.071023 0.039773
2 0.700284 0.786222 0.053977 0.069602
2 0.665483 0.880682 0.055398 0.034091
2 0.732244 0.872159 0.052557 0.045455
2 0.659801 0.940341 0.058239 0.039773
2 0.183949 0.498580 0.035511 0.031250
2 0.247869 0.479403 0.046875 0.049716
2 0.454545 0.528409 0.045455 0.039773
2 0.597301 0.519176 0.052557 0.041193
2 0.568892 0.585227 0.055398 0.053977
2 0.674006 0.426847 0.058239 0.049716
2 0.389205 0.395597 0.051136 0.041193
2 0.740057 0.416193 0.042614 0.048295
2 0.394886 0.050426 0.048295 0.035511
