2 0.265625 0.860938 0.076563 0.062500
2 0.235156 0.806250 0.071875 0.046875
2 0.177344 0.853125 0.087500 0.068750
2 0.196875 0.920312 0.079687 0.078125
2 0.081250 0.744531 0.064062 0.064062
2 0.336719 0.625000 0.046875 0.056250
2 0.413281 0.627344 0.046875 0.045312
2 0.348438 0.676562 0.045312 0.043750
2 0.290625 0.648438 0.060937 0.053125
2 0.274219 0.599219 0.056250 0.054688
2 0.587500 0.662500 0.070312 0.071875
2 0.621094 0.775000 0.087500 0.084375
2 0.573438 0.785937 0.067187 0.065625
2 0.511719 0.836719 0.078125 0.060937
2 0.525000 0.902344 0.064062 0.060937
2 0.571875 0.925781 0.070312 0.070312
2 0.586719 0.848437 0.071875 0.068750
2 0.969922 0.809691 0.057031 0.078757
2 0.965234 0.944576 0.066406 0.086026
2 0.225781 0.130469 0.093750 0.079687
2 0.304688 0.111719 0.082812 0.092188
2 0.261719 0.064062 0.100000 0.087500
2 0.312500 0.192188 0.079687 0.081250
2 0.382812 0.224219 0.085938 0.101562
2 0.323437 0.283594 0.064062 0.076563
2 0.450000 0.267188 0.064062 0.053125
2 0.369531 0.377344 0.075000 0.092188
2 0.430469 0.473438 0.087500 0.078125
2 0.507812 0.446094 0.089063 0.079687
2 0.748437 0.453906 0.079687 0.098437
2 0.914844 0.298438 0.065625 0.059375
2 0.948438 0.223438 0.064062 0.084375
2 0.985547 0.244741 0.025781 0.080106
2 0.924219 0.121875 0.078125 0.084375
2 0.800781 0.201563 0.071875 0.071875
2 0.753906 0.220312 0.087500 0.059375
2 0.814063 0.267969 0.064062 0.076563
2 0.735938 0.263281 0.067187 0.064062
2 0.672656 0.434375 0.062500 0.062500
2 0.625781 0.465625 0.056250 0.056250
2 0.671875 0.491406 0.064062 0.060937
2 0.923438 0.456250 0.064062 0.065625
2 0.860938 0.353906 0.051562 0.067187
2 0.930469 0.365625 0.084375 0.075000
2 0.815625 0.158594 0.076563 0.079687
2 0.742969 0.161719 0.062500 0.060937
2 0.682813 0.219531 0.064062 0.060937
2 0.666406 0.289844 0.078125 0.085938
2 0.910937 0.057031 0.079687 0.054688
2 0.850000 0.068750 0.051562 0.053125
2 0.874219 0.110156 0.046875 0.057813
2 0.979297 0.058724 0.038281 0.089323
2 0.879687 0.018750 0.070312 0.037500
2 0.944531 0.016406 0.081250 0.029687
2 0.830469 0.016406 0.075000 0.032813
2 0.397656 0.303125 0.065625 0.071875
2 0.032031 0.562500 0.050000 0.062500
