2 0.069068 0.095442 0.115446 0.096537
2 0.115844 0.508957 0.109475 0.099522
1 0.660729 0.525876 0.134355 0.139331
1 0.687600 0.675159 0.168193 0.131369
1 0.259156 0.685111 0.157245 0.137341
1 0.527866 0.769705 0.115446 0.111465
1 0.413416 0.762241 0.105494 0.100518
1 0.584594 0.598029 0.087580 0.118432
1 0.659236 0.891620 0.113455 0.096537
1 0.724423 0.787122 0.134355 0.090565
1 0.966959 0.880520 0.066083 0.144001
0 0.183021 0.158639 0.134355 0.129379
0 0.209893 0.863754 0.204021 0.186107
0 0.485072 0.901075 0.210987 0.157245
0 0.868730 0.867735 0.138336 0.178145
