1 0.601731 0.288107 0.073067 0.059577
1 0.637702 0.224595 0.050585 0.042716
1 0.682666 0.282487 0.066322 0.066322
1 0.734937 0.228530 0.062950 0.050585
1 0.772032 0.287545 0.051709 0.049460
1 0.775967 0.353867 0.057329 0.047212
1 0.967626 0.185814 0.053957 0.066322
1 0.987747 0.262227 0.024505 0.052781
1 0.234712 0.432554 0.069694 0.053957
1 0.279676 0.372977 0.053957 0.035971
1 0.508993 0.270121 0.067446 0.059577
1 0.528103 0.117806 0.035971 0.076439
1 0.345436 0.067783 0.064074 0.050585
1 0.518548 0.194245 0.025854 0.049460
2 0.094200 0.375225 0.062950 0.029227
2 0.157149 0.459532 0.049460 0.065198
2 0.085207 0.431430 0.058453 0.044964
2 0.183566 0.358363 0.037095 0.049460
