2 0.465715 0.258880 0.057329 0.055081
2 0.503372 0.285297 0.053957 0.053957
2 0.570256 0.280800 0.064074 0.056205
2 0.502248 0.356115 0.060701 0.065198
2 0.559577 0.398831 0.067446 0.051709
2 0.564074 0.449415 0.058453 0.047212
2 0.967626 0.070594 0.056205 0.062950
2 0.936151 0.119492 0.056205 0.052833
2 0.929969 0.153215 0.070818 0.046088
2 0.869829 0.354991 0.040468 0.053957
2 0.854654 0.410634 0.034847 0.050585
2 0.883880 0.427496 0.046088 0.050585
2 0.176821 0.719762 0.059577 0.068570
2 0.111623 0.756857 0.075315 0.055081
2 0.176821 0.833296 0.066322 0.061826
2 0.174573 0.903552 0.073067 0.060701
2 0.199303 0.949078 0.064074 0.064074
2 0.121233 0.972238 0.068359 0.054408
2 0.345145 0.964565 0.069754 0.050223
2 0.488142 0.935965 0.057199 0.051618
2 0.563477 0.945033 0.059989 0.058594
2 0.624860 0.925502 0.046038 0.055804
2 0.654157 0.935268 0.057199 0.064174
2 0.712751 0.921317 0.065569 0.066964
2 0.940151 0.916434 0.051618 0.062779
