2 0.206830 0.616785 0.061211 0.057990
2 0.120651 0.652223 0.062822 0.057990
2 0.164143 0.709407 0.056379 0.033827
2 0.580541 0.760148 0.041881 0.048325
2 0.176224 0.780284 0.061211 0.053157
2 0.255155 0.849549 0.061211 0.049936
2 0.657861 0.781089 0.054768 0.032216
2 0.743235 0.689272 0.057990 0.048325
2 0.801224 0.675580 0.038660 0.040271
2 0.770619 0.751289 0.051546 0.046714
2 0.650612 0.728737 0.040271 0.033827
2 0.712629 0.730348 0.045103 0.040271
2 0.600677 0.589401 0.053157 0.051546
2 0.549936 0.558795 0.048325 0.038660
2 0.526579 0.535438 0.043492 0.043492
2 0.533827 0.400129 0.035438 0.037049
2 0.379994 0.454091 0.056379 0.041881
2 0.421875 0.415432 0.043492 0.035438
2 0.463756 0.447648 0.033827 0.038660
2 0.540271 0.284149 0.045103 0.033827
2 0.592622 0.272874 0.049936 0.049936
2 0.245490 0.158505 0.048325 0.043492
2 0.104543 0.120651 0.066044 0.045103
2 0.068299 0.157700 0.035438 0.032216
2 0.049774 0.198776 0.056379 0.043492
2 0.270457 0.082796 0.033827 0.037049
2 0.284955 0.054607 0.027384 0.032216
2 0.311534 0.084407 0.028995 0.040271
2 0.183473 0.061050 0.040271 0.022552
2 0.219716 0.044137 0.028995 0.030606
2 0.253544 0.118235 0.041881 0.024162
2 0.297036 0.192332 0.019330 0.043492
2 0.324420 0.207635 0.038660 0.035438
2 0.060245 0.436372 0.057990 0.038660
2 0.024485 0.465546 0.048969 0.054410
2 0.983570 0.531446 0.032861 0.038729
2 0.527384 0.355831 0.038660 0.045103
