2 0.774523 0.322049 0.050998 0.043403
2 0.804905 0.262912 0.037977 0.048828
2 0.732205 0.240668 0.053168 0.054253
2 0.728950 0.270508 0.053168 0.046658
2 0.888997 0.531467 0.054253 0.036892
2 0.878689 0.574327 0.044488 0.044488
2 0.877604 0.621528 0.061849 0.041233
2 0.823351 0.588976 0.048828 0.045573
2 0.841254 0.547201 0.028212 0.033637
2 0.956272 0.689887 0.062934 0.060764
2 0.949219 0.841254 0.059679 0.057509
2 0.968674 0.896542 0.059527 0.040045
2 0.986035 0.830380 0.024805 0.050950
2 0.894965 0.824978 0.050998 0.061849
2 0.859158 0.864041 0.077040 0.046658
2 0.821723 0.729492 0.062934 0.057509
1 0.850477 0.668186 0.070530 0.049913
2 0.878147 0.713759 0.047743 0.056424
