1 0.411644 0.220982 0.187872 0.139509
1 0.234933 0.202381 0.158110 0.165551
1 0.501860 0.127976 0.171131 0.076265
1 0.627418 0.088914 0.098586 0.109747
1 0.140067 0.056362 0.251116 0.081845
2 0.423735 0.655320 0.141369 0.130208
2 0.384673 0.821801 0.178571 0.113467
2 0.214472 0.737165 0.180432 0.148810
2 0.192150 0.600446 0.165551 0.124628
2 0.321429 0.587426 0.115327 0.150670
1 0.405134 0.032180 0.156250 0.048363
2 0.856213 0.418155 0.094866 0.135789
2 0.967634 0.427131 0.064732 0.105378
2 0.974144 0.549819 0.051711 0.086616
