1 0.516299 0.041929 0.055081 0.057329
1 0.498876 0.101506 0.067446 0.070818
1 0.464029 0.178507 0.069694 0.049460
1 0.455598 0.243143 0.046088 0.052833
1 0.497752 0.289793 0.067446 0.062950
1 0.466839 0.344312 0.066322 0.048336
1 0.503372 0.372977 0.069694 0.071942
1 0.456160 0.399955 0.049460 0.042716
1 0.412320 0.393772 0.053957 0.052833
1 0.427496 0.447729 0.070818 0.066322
1 0.315647 0.293728 0.060701 0.048336
1 0.194807 0.344312 0.066322 0.066322
1 0.222347 0.394897 0.062950 0.068570
1 0.110499 0.348808 0.070818 0.059577
1 0.084083 0.390400 0.074191 0.046088
1 0.048112 0.432554 0.058453 0.047212
1 0.106565 0.443233 0.051709 0.055081
1 0.037433 0.482576 0.066322 0.064074
1 0.086331 0.520234 0.078687 0.062950
1 0.661871 0.303844 0.069694 0.050585
1 0.747302 0.308341 0.047212 0.041592
1 0.642199 0.354991 0.052833 0.051709
1 0.737747 0.374101 0.066322 0.044964
1 0.700090 0.414568 0.029227 0.040468
1 0.932217 0.578687 0.077563 0.071942
1 0.651754 0.575877 0.065198 0.059577
1 0.655126 0.631520 0.058453 0.051709
1 0.729317 0.637140 0.062950 0.040468
1 0.780463 0.622527 0.041592 0.044964
1 0.774281 0.727630 0.029227 0.050585
1 0.818121 0.695031 0.047212 0.048336
1 0.829924 0.935027 0.100045 0.085432
1 0.812500 0.879946 0.058453 0.065198
1 0.816434 0.829362 0.028103 0.031475
1 0.959757 0.918165 0.049460 0.049460
1 0.952451 0.958633 0.068570 0.042716
1 0.657374 0.955823 0.071942 0.059577
1 0.600045 0.961443 0.076439 0.061826
1 0.565760 0.923786 0.032599 0.038219
1 0.515175 0.937275 0.046088 0.042716
1 0.471335 0.960319 0.057329 0.041592
1 0.435926 0.976057 0.056205 0.034847
