2 0.117244 0.436488 0.048336 0.052833
2 0.071156 0.455598 0.034847 0.034847
2 0.125112 0.482014 0.050585 0.044964
2 0.165018 0.485387 0.035971 0.047212
2 0.086893 0.516862 0.028103 0.051709
2 0.062163 0.549460 0.057329 0.040468
2 0.047549 0.580373 0.037095 0.032599
2 0.090265 0.578125 0.041592 0.034847
2 0.142536 0.537657 0.049460 0.032599
2 0.274056 0.669739 0.031475 0.033723
2 0.307217 0.650629 0.039344 0.024730
2 0.262253 0.637140 0.043840 0.038219
2 0.258318 0.612972 0.053957 0.043840
2 0.307217 0.585994 0.030351 0.052833
2 0.356677 0.591614 0.039344 0.043840
2 0.260004 0.551709 0.034847 0.049460
2 0.288669 0.517424 0.031475 0.048336
2 0.329137 0.523044 0.040468 0.046088
2 0.365670 0.484263 0.032599 0.044964
2 0.391524 0.456722 0.041592 0.048336
2 0.321268 0.476956 0.038219 0.048336
2 0.388152 0.506745 0.050585 0.053957
2 0.334757 0.409510 0.035971 0.052833
2 0.529789 0.480328 0.064074 0.039344
2 0.521358 0.514613 0.042716 0.035971
2 0.535409 0.555643 0.061826 0.046088
2 0.567446 0.440423 0.040468 0.040468
2 0.553395 0.404451 0.039344 0.049460
2 0.719762 0.076214 0.025854 0.053957
2 0.686601 0.061039 0.026978 0.043840
2 0.669739 0.094762 0.038219 0.048336
2 0.652316 0.017199 0.039344 0.028103
2 0.702900 0.013264 0.066322 0.022482
2 0.594424 0.406700 0.029227 0.033723
