2 0.949602 0.066483 0.096507 0.093444
2 0.895987 0.024357 0.108762 0.036765
2 0.818627 0.070312 0.101103 0.091912
2 0.928922 0.129289 0.094975 0.081189
2 0.954197 0.258732 0.084252 0.094975
2 0.920496 0.313879 0.090380 0.082721
2 0.794884 0.218137 0.068934 0.114890
2 0.702206 0.418045 0.098039 0.076593
2 0.575061 0.398131 0.079657 0.085784
0 0.736673 0.519914 0.087316 0.102635
0 0.945772 0.868413 0.079657 0.104167
0 0.962163 0.965495 0.075674 0.065487
0 0.809436 0.955729 0.113358 0.079657
0 0.708333 0.349112 0.110294 0.052083
