2 0.211627 0.053462 0.062040 0.053615
2 0.156480 0.047335 0.057445 0.059743
2 0.190564 0.012485 0.067402 0.023744
2 0.257966 0.080270 0.067402 0.059743
2 0.076823 0.119332 0.060509 0.058211
2 0.016391 0.067151 0.032782 0.047683
2 0.024433 0.136442 0.048866 0.056160
2 0.073759 0.182904 0.058977 0.058211
2 0.024433 0.195280 0.048866 0.056437
2 0.076823 0.227328 0.051317 0.055147
2 0.116268 0.179075 0.049020 0.033701
2 0.111673 0.267540 0.078125 0.049786
2 0.090227 0.300475 0.058211 0.042126
2 0.114737 0.321921 0.056679 0.054381
2 0.089844 0.341835 0.046722 0.049786
2 0.169884 0.325368 0.067402 0.067402
2 0.228860 0.317325 0.058211 0.068168
2 0.195925 0.291284 0.049020 0.034467
2 0.136183 0.377068 0.055147 0.055913
2 0.122779 0.400429 0.058977 0.049020
2 0.260646 0.379366 0.055913 0.048254
2 0.292816 0.419960 0.046722 0.048254
2 0.306985 0.366345 0.050551 0.046722
2 0.344133 0.410386 0.054381 0.044424
2 0.256051 0.428385 0.048254 0.040594
2 0.283624 0.482767 0.074295 0.068168
2 0.342601 0.455576 0.055913 0.058211
2 0.400812 0.484681 0.066636 0.064338
2 0.299326 0.536765 0.042892 0.038297
2 0.295113 0.554381 0.065104 0.055147
2 0.567402 0.208180 0.073529 0.071998
2 0.361366 0.234988 0.042892 0.041360
2 0.293964 0.162607 0.052083 0.057445
2 0.519914 0.388557 0.036765 0.034467
2 0.606464 0.303922 0.062806 0.067402
2 0.679228 0.313879 0.058211 0.059743
2 0.719822 0.294347 0.058211 0.057445
2 0.702972 0.362132 0.068934 0.056679
2 0.547871 0.147289 0.058977 0.060509
2 0.616805 0.158395 0.077359 0.068934
2 0.662377 0.195925 0.075061 0.070466
2 0.609528 0.099035 0.065870 0.051317
2 0.667356 0.130438 0.062040 0.063572
2 0.510340 0.163373 0.045190 0.068168
2 0.464767 0.100184 0.073529 0.061275
2 0.540977 0.074142 0.063572 0.059743
2 0.478937 0.050015 0.058977 0.046722
2 0.477405 0.022059 0.071232 0.035233
2 0.630591 0.028952 0.075827 0.050551
2 0.670420 0.067249 0.071232 0.053615
2 0.812460 0.020987 0.039909 0.041973
2 0.734375 0.013634 0.052083 0.026042
2 0.440257 0.540977 0.030637 0.032935
2 0.391238 0.577742 0.041360 0.035999
2 0.334942 0.587699 0.035999 0.035999
2 0.397748 0.754672 0.039062 0.040594
2 0.394684 0.802926 0.035999 0.048254
2 0.397365 0.858839 0.041360 0.039062
2 0.439874 0.767693 0.035999 0.026808
2 0.347580 0.967601 0.045956 0.046722
2 0.576122 0.626488 0.028617 0.039492
2 0.368647 0.717205 0.030334 0.028617
2 0.342605 0.675710 0.028617 0.028045
2 0.339457 0.708620 0.021177 0.029762
2 0.513164 0.708333 0.037775 0.031479
2 0.339991 0.637994 0.028458 0.028995
