0 0.876012 0.263939 0.093300 0.112410
0 0.956947 0.322392 0.070818 0.116906
0 0.020571 0.529227 0.039344 0.074191
0 0.106565 0.932217 0.105665 0.093300
0 0.880508 0.928844 0.104541 0.097797
0 0.975495 0.931093 0.047212 0.113534
0 0.643885 0.979429 0.125899 0.034847
0 0.078462 0.728192 0.056205 0.067446
2 0.267873 0.851844 0.061826 0.078687
2 0.267873 0.260004 0.059577 0.070818
2 0.031812 0.937837 0.050585 0.091052
2 0.476956 0.890625 0.061826 0.057329
2 0.602855 0.890063 0.050585 0.049460
2 0.608476 0.942896 0.055081 0.038219
1 0.286983 0.190310 0.059577 0.050585
1 0.047549 0.488197 0.070818 0.057329
