0 0.232464 0.335319 0.119155 0.102293
0 0.266187 0.269559 0.069694 0.076439
0 0.605103 0.295976 0.088804 0.088804
0 0.737747 0.335881 0.088804 0.080935
0 0.810252 0.059353 0.089928 0.085432
0 0.953013 0.061039 0.083183 0.095549
0 0.944020 0.448291 0.069694 0.069694
0 0.943458 0.380845 0.057329 0.069694
0 0.662995 0.035184 0.074191 0.050585
0 0.141974 0.026754 0.073067 0.047212
0 0.197617 0.043615 0.074191 0.062950
2 0.189748 0.152091 0.071942 0.075315
2 0.538219 0.124550 0.062950 0.056205
2 0.647257 0.156587 0.065198 0.050585
2 0.656250 0.266187 0.076439 0.067446
2 0.923786 0.624213 0.047212 0.057329
2 0.945706 0.684915 0.050585 0.055081
2 0.981115 0.647819 0.033723 0.046088
2 0.538781 0.028440 0.048336 0.043840
2 0.601169 0.034622 0.060701 0.053957
