0 0.062089 0.186472 0.122327 0.176809
0 0.258429 0.197266 0.188117 0.186061
0 0.381271 0.448088 0.154194 0.134663
2 0.050267 0.587377 0.096628 0.137747
0 0.078536 0.765728 0.153166 0.237459
0 0.209087 0.711246 0.177837 0.173725
0 0.217825 0.550884 0.189145 0.142887
0 0.359169 0.670641 0.151110 0.172697
2 0.377159 0.817640 0.139803 0.115132
2 0.442434 0.753906 0.083265 0.080181
2 0.374075 0.926604 0.092516 0.084293
2 0.491776 0.875206 0.157278 0.148026
2 0.539062 0.710732 0.124383 0.135691
2 0.630037 0.778063 0.137747 0.153166
0 0.865954 0.366365 0.132607 0.127467
2 0.866982 0.259971 0.058594 0.075041
2 0.934313 0.271793 0.071957 0.071957
0 0.949219 0.080592 0.099712 0.102796
