1 0.284534 0.545283 0.076632 0.064689
1 0.350717 0.536326 0.069666 0.058718
1 0.284037 0.602010 0.059713 0.048766
1 0.355195 0.592058 0.060709 0.038814
1 0.335291 0.640326 0.066680 0.049761
1 0.395502 0.645800 0.055732 0.054737
1 0.462182 0.662719 0.065685 0.070661
1 0.351712 0.706011 0.081608 0.061704
1 0.793591 0.331807 0.059713 0.079618
1 0.780653 0.406947 0.081608 0.070661
1 0.848826 0.319367 0.046775 0.066680
1 0.877687 0.390028 0.070661 0.058718
1 0.878185 0.459693 0.063694 0.058718
1 0.820462 0.475119 0.059713 0.047771
1 0.859275 0.618929 0.053742 0.064689
1 0.953324 0.218352 0.044785 0.055732
1 0.969745 0.168591 0.039809 0.065685
