2 0.743566 0.077206 0.079044 0.075368
2 0.773897 0.027574 0.058824 0.053309
2 0.708640 0.022978 0.079044 0.036765
2 0.633272 0.029412 0.068015 0.053309
2 0.885110 0.084559 0.045956 0.049632
2 0.841912 0.040441 0.044118 0.049632
2 0.909926 0.031250 0.036765 0.053309
2 0.723346 0.921875 0.075368 0.066176
2 0.812500 0.964154 0.069853 0.062500
2 0.721507 0.977022 0.068015 0.044118
2 0.875000 0.915441 0.073529 0.056985
2 0.943015 0.922794 0.062500 0.053309
2 0.886029 0.974265 0.058824 0.045956
2 0.662684 0.968750 0.056985 0.049632
2 0.948529 0.977022 0.058824 0.040441
