2 0.833858 0.183004 0.058453 0.065198
2 0.865895 0.218413 0.059577 0.064074
2 0.843975 0.152091 0.047212 0.052833
2 0.755733 0.183004 0.075315 0.051709
2 0.803507 0.234712 0.042716 0.051709
2 0.796201 0.276304 0.046088 0.047212
2 0.746740 0.232464 0.055081 0.047212
2 0.707959 0.184690 0.040468 0.039344
2 0.301596 0.476394 0.052833 0.044964
2 0.254946 0.476394 0.038219 0.042716
2 0.239771 0.455598 0.050585 0.023606
2 0.212230 0.484263 0.053957 0.044964
2 0.210544 0.537657 0.039344 0.050585
2 0.255508 0.553395 0.052833 0.052833
2 0.280238 0.581497 0.032599 0.043840
2 0.177383 0.517424 0.029227 0.030351
2 0.167828 0.552271 0.066322 0.050585
2 0.138040 0.605665 0.040468 0.049460
2 0.153777 0.589366 0.038219 0.041592
2 0.193121 0.614096 0.056205 0.057329
2 0.240333 0.640513 0.056205 0.049460
2 0.219537 0.661308 0.034847 0.048336
2 0.164456 0.671425 0.055081 0.043840
2 0.133543 0.657936 0.035971 0.037095
2 0.224595 0.700652 0.065198 0.050585
2 0.040805 0.806879 0.034847 0.042716
2 0.010004 0.786030 0.020009 0.048443
2 0.962567 0.825989 0.057329 0.065198
2 0.979991 0.772032 0.026978 0.047212
2 0.291479 0.145908 0.034847 0.058453
2 0.256070 0.173449 0.031475 0.057329
2 0.328013 0.179069 0.047212 0.050585
2 0.224033 0.244829 0.050585 0.033723
2 0.274056 0.262253 0.051709 0.034847
2 0.231902 0.284735 0.039344 0.030351
2 0.379159 0.607352 0.041592 0.052833
