1 0.048741 0.319263 0.078125 0.163246
1 0.328008 0.246968 0.107276 0.111940
1 0.418960 0.292444 0.132929 0.095616
1 0.371735 0.393890 0.101446 0.111940
1 0.451609 0.404384 0.116604 0.116604
1 0.562383 0.325676 0.123601 0.138759
1 0.484841 0.122201 0.099114 0.086287
2 0.237057 0.137360 0.107276 0.111940
2 0.166511 0.250466 0.061800 0.062966
2 0.164762 0.627682 0.100280 0.080457
1 0.632346 0.215485 0.144590 0.128265
1 0.586870 0.062150 0.130597 0.106110
1 0.742537 0.177589 0.103778 0.106110
1 0.693563 0.455107 0.106110 0.122435
2 0.347248 0.146688 0.103778 0.086287
2 0.729711 0.090135 0.099114 0.080457
1 0.866138 0.371152 0.120103 0.138759
