2 0.443237 0.205200 0.095215 0.079346
2 0.466431 0.270508 0.097656 0.078125
2 0.542725 0.272339 0.081787 0.076904
2 0.571411 0.219238 0.095215 0.080566
2 0.495728 0.177734 0.092773 0.080566
2 0.566528 0.163086 0.075684 0.068359
2 0.477417 0.412109 0.090332 0.080566
2 0.487183 0.489624 0.090332 0.089111
2 0.453613 0.557983 0.098877 0.096436
2 0.401123 0.427368 0.079346 0.081787
2 0.478027 0.343140 0.089111 0.067139
2 0.543335 0.341309 0.065918 0.073242
2 0.627563 0.468872 0.090332 0.084229
2 0.707520 0.468262 0.086670 0.080566
2 0.696533 0.408447 0.086670 0.083008
2 0.766113 0.448120 0.074463 0.079346
2 0.770386 0.558594 0.073242 0.080566
2 0.960205 0.761841 0.069580 0.074463
2 0.310791 0.793579 0.098877 0.101318
2 0.392578 0.885132 0.101318 0.086670
2 0.467041 0.664185 0.098877 0.072021
2 0.410889 0.283936 0.072021 0.085449
