2 0.431818 0.798295 0.069602 0.079545
2 0.499290 0.803977 0.071023 0.088068
2 0.069602 0.940341 0.069602 0.065341
0 0.308239 0.092330 0.063920 0.071023
0 0.404119 0.119318 0.090909 0.102273
0 0.347301 0.176136 0.105114 0.082386
0 0.463778 0.338068 0.099432 0.105114
0 0.291193 0.719460 0.055398 0.066761
0 0.441761 0.740057 0.086648 0.062500
0 0.393466 0.832386 0.109375 0.130682
0 0.503551 0.877131 0.088068 0.083807
0 0.770597 0.925426 0.110795 0.098011
0 0.726562 0.978693 0.102273 0.042614
1 0.105114 0.981534 0.063920 0.036932
