2 0.356644 0.330856 0.110740 0.109223
2 0.319478 0.422633 0.121359 0.101638
2 0.452215 0.424150 0.113774 0.095570
2 0.540200 0.490140 0.122876 0.109223
2 0.327822 0.687348 0.125910 0.081917
2 0.178398 0.666869 0.118325 0.056129
2 0.292172 0.537925 0.087985 0.101638
2 0.132888 0.600121 0.072816 0.065231
2 0.182949 0.744235 0.112257 0.077367
2 0.245904 0.777609 0.110740 0.080400
2 0.502275 0.741960 0.092536 0.087985
2 0.609982 0.787470 0.071299 0.075850
2 0.657008 0.707828 0.086468 0.116808
2 0.728307 0.754854 0.071299 0.107706
2 0.842081 0.487864 0.107706 0.095570
2 0.801881 0.419600 0.103155 0.071299
2 0.895176 0.394569 0.098604 0.087985
2 0.973756 0.404876 0.052488 0.090396
2 0.960407 0.984678 0.074333 0.030340
