2 0.875770 0.471391 0.064921 0.078125
2 0.978103 0.513204 0.038512 0.086928
2 0.868068 0.537412 0.095731 0.093530
2 0.876871 0.299736 0.067121 0.084727
2 0.872469 0.160541 0.080326 0.077025
2 0.814701 0.145687 0.070423 0.064921
2 0.969289 0.840164 0.058297 0.078435
2 0.777839 0.835057 0.097931 0.103433
2 0.723371 0.880722 0.081426 0.097931
2 0.191901 0.618288 0.112236 0.099032
2 0.070312 0.512654 0.086928 0.083627
2 0.084617 0.591879 0.089129 0.085827
2 0.107174 0.708517 0.085827 0.079225
2 0.055458 0.731074 0.061620 0.056118
2 0.130832 0.793794 0.082526 0.038512
2 0.048856 0.150638 0.070423 0.074824
1 0.070312 0.246919 0.111136 0.080326
1 0.045004 0.363006 0.089129 0.103433
1 0.048305 0.645246 0.082526 0.100132
1 0.205106 0.700264 0.081426 0.051717
1 0.651849 0.906030 0.099032 0.080326
1 0.961587 0.931871 0.073702 0.112202
1 0.826254 0.942892 0.113336 0.099032
1 0.663952 0.968750 0.145246 0.049516
