2 0.055845 0.276476 0.086806 0.076678
2 0.040654 0.235243 0.076678 0.075231
2 0.124566 0.128183 0.065104 0.078125
2 0.046441 0.068142 0.088252 0.085359
2 0.047888 0.146991 0.094039 0.081019
2 0.355324 0.673611 0.066551 0.083912
2 0.762587 0.943432 0.082465 0.085359
2 0.640336 0.643953 0.072338 0.088252
2 0.729311 0.680122 0.102720 0.108507
2 0.818287 0.612124 0.095486 0.091146
2 0.403791 0.421152 0.067998 0.053530
2 0.186053 0.186053 0.086806 0.046296
2 0.481916 0.362558 0.091146 0.060764
2 0.554977 0.321325 0.072338 0.067998
2 0.561487 0.433449 0.079572 0.083912
2 0.716291 0.295284 0.076678 0.073785
2 0.897859 0.458767 0.060764 0.059317
2 0.966291 0.474392 0.067419 0.067419
2 0.756800 0.102141 0.073785 0.060764
2 0.840712 0.143374 0.056424 0.067998
2 0.850116 0.229456 0.075231 0.078125
2 0.907263 0.331453 0.070891 0.059317
2 0.920284 0.400174 0.065104 0.054977
2 0.886285 0.688802 0.043403 0.050637
2 0.283709 0.669271 0.050637 0.063657
2 0.697483 0.133970 0.059317 0.072338
2 0.591146 0.358218 0.063657 0.060764
2 0.780671 0.329282 0.057870 0.060764
2 0.474682 0.439959 0.070891 0.085359
