2 0.291324 0.050781 0.066817 0.051398
2 0.241982 0.176706 0.079153 0.058594
2 0.323705 0.186472 0.059622 0.049342
2 0.371505 0.154605 0.050370 0.061678
2 0.412109 0.192126 0.076069 0.079153
2 0.448602 0.163343 0.072985 0.064762
2 0.530839 0.147410 0.068873 0.055510
2 0.530325 0.221937 0.074013 0.081209
2 0.468647 0.294408 0.067845 0.074013
2 0.927118 0.097039 0.127467 0.115132
2 0.865954 0.196238 0.124383 0.109992
2 0.702508 0.254831 0.105880 0.112048
2 0.729235 0.348376 0.089433 0.091488
2 0.816612 0.397718 0.099712 0.089433
2 0.626953 0.259971 0.067845 0.085321
2 0.654708 0.331928 0.080181 0.083265
2 0.577097 0.378187 0.105880 0.083265
2 0.574013 0.320621 0.089433 0.075041
2 0.497944 0.519017 0.085321 0.087377
2 0.407484 0.529811 0.075041 0.082237
2 0.442434 0.457340 0.085321 0.085321
2 0.498458 0.429585 0.086349 0.083265
2 0.255859 0.497944 0.084293 0.078125
2 0.250206 0.570929 0.085321 0.080181
2 0.321649 0.562192 0.084293 0.077097
2 0.220395 0.635691 0.079153 0.074013
2 0.287212 0.685033 0.093544 0.088405
2 0.309313 0.774465 0.104852 0.086349
2 0.352488 0.743113 0.088405 0.079153
2 0.366879 0.636205 0.092516 0.097656
2 0.451686 0.677323 0.089433 0.091488
2 0.430613 0.875720 0.106908 0.075041
2 0.445004 0.766242 0.067845 0.069901
2 0.491776 0.818154 0.091488 0.085321
2 0.583265 0.786287 0.083265 0.066817
2 0.556538 0.710732 0.081209 0.080181
2 0.539062 0.635177 0.075041 0.077097
2 0.608450 0.659848 0.084293 0.077097
2 0.687603 0.697368 0.086349 0.100740
2 0.692743 0.604338 0.082237 0.091488
2 0.763158 0.703022 0.077097 0.093544
2 0.756476 0.613076 0.059622 0.069901
2 0.780633 0.527241 0.066817 0.068873
2 0.960475 0.562472 0.079050 0.085882
