2 0.468750 0.329282 0.065972 0.068287
2 0.570023 0.381944 0.039352 0.064815
2 0.631944 0.387731 0.052083 0.053241
2 0.651620 0.447338 0.061343 0.040509
2 0.599537 0.465278 0.049769 0.062500
2 0.718750 0.471065 0.061343 0.053241
2 0.666088 0.491319 0.043981 0.042824
2 0.516782 0.445602 0.060185 0.062500
2 0.279514 0.357639 0.050926 0.048611
2 0.171296 0.446181 0.056713 0.065972
2 0.118634 0.512731 0.067130 0.043981
2 0.042245 0.487269 0.057870 0.057870
2 0.200231 0.577546 0.045139 0.064815
2 0.237847 0.482639 0.053241 0.067130
2 0.307870 0.478009 0.052083 0.043981
2 0.276620 0.510417 0.040509 0.055556
2 0.222222 0.622106 0.052083 0.049769
2 0.104167 0.646991 0.052083 0.062500
2 0.055556 0.635417 0.047454 0.050926
2 0.295718 0.563657 0.055556 0.053241
1 0.053819 0.837963 0.083333 0.090278
