2 0.784311 0.282539 0.075709 0.066044
2 0.859214 0.274485 0.086985 0.098260
2 0.865657 0.321198 0.080541 0.062822
2 0.878544 0.379188 0.090206 0.085374
2 0.743235 0.361469 0.080541 0.095039
2 0.792365 0.378383 0.085374 0.093428
2 0.802030 0.345361 0.059601 0.066044
2 0.757732 0.454091 0.103093 0.093428
2 0.476643 0.582152 0.059601 0.085374
2 0.473421 0.650612 0.046714 0.067655
2 0.670747 0.685245 0.064433 0.088595
2 0.772229 0.644169 0.080541 0.067655
2 0.764175 0.699742 0.064433 0.053157
2 0.937205 0.969475 0.101215 0.061050
2 0.977932 0.960673 0.044137 0.075663
2 0.981959 0.805144 0.036082 0.048110
2 0.611952 0.628061 0.072487 0.054768
