2 0.559814 0.124023 0.054932 0.061035
2 0.709961 0.120972 0.035400 0.032959
2 0.675171 0.152100 0.039062 0.051270
2 0.664795 0.308350 0.062256 0.056152
2 0.675171 0.245483 0.036621 0.042725
2 0.705078 0.271118 0.037842 0.042725
2 0.698364 0.345581 0.061035 0.064697
2 0.738647 0.335205 0.051270 0.053711
2 0.750854 0.412109 0.051270 0.053711
2 0.624512 0.396240 0.050049 0.053711
2 0.630005 0.352905 0.063477 0.042725
2 0.698364 0.471313 0.041504 0.045166
2 0.915649 0.583618 0.056152 0.047607
2 0.951050 0.561035 0.051270 0.053711
2 0.973022 0.596436 0.051270 0.046387
2 0.504272 0.768555 0.048828 0.039062
2 0.125244 0.665405 0.052490 0.047607
2 0.037964 0.645264 0.048828 0.051270
2 0.033081 0.606812 0.051270 0.045166
2 0.164307 0.636108 0.047607 0.047607
2 0.491455 0.162476 0.045166 0.054932
2 0.495728 0.028198 0.041504 0.045166
2 0.539062 0.018433 0.045166 0.035400
2 0.738647 0.225342 0.051270 0.036621
2 0.873535 0.106934 0.035400 0.031738
2 0.539673 0.798462 0.036621 0.042725
2 0.437744 0.899780 0.040283 0.035400
2 0.412720 0.915039 0.031738 0.036621
2 0.857666 0.973633 0.064697 0.051270
2 0.902222 0.973022 0.048828 0.050049
2 0.946777 0.980347 0.047607 0.035400
2 0.664795 0.388916 0.035400 0.036621
2 0.703247 0.395020 0.034180 0.046387
1 0.905884 0.737427 0.041504 0.035400
