1 0.109375 0.745616 0.066322 0.048336
1 0.152653 0.798449 0.067446 0.039344
1 0.190310 0.772032 0.079811 0.056205
1 0.496628 0.893997 0.040468 0.041592
1 0.540468 0.937837 0.060701 0.055081
1 0.796201 0.920414 0.077563 0.049460
1 0.847347 0.892873 0.065198 0.046088
1 0.679856 0.826551 0.049460 0.046088
1 0.640513 0.770346 0.029227 0.039344
1 0.614096 0.799573 0.050585 0.037095
1 0.614096 0.838354 0.066322 0.033723
1 0.519110 0.294852 0.031475 0.046088
1 0.572504 0.292041 0.043840 0.044964
1 0.633768 0.314523 0.049460 0.026978
1 0.667491 0.295976 0.038219 0.041592
1 0.625337 0.267873 0.052833 0.039344
1 0.560701 0.255508 0.047212 0.023606
1 0.572504 0.216165 0.050585 0.028103
1 0.199303 0.022257 0.073067 0.042716
1 0.271246 0.026192 0.048336 0.048336
1 0.267873 0.093076 0.052833 0.069694
1 0.213916 0.079024 0.048336 0.050585
1 0.170076 0.125674 0.046088 0.038219
1 0.357801 0.144222 0.025854 0.037095
1 0.401641 0.126799 0.046088 0.042716
1 0.393772 0.174011 0.041592 0.024730
1 0.517424 0.047549 0.061826 0.030351
2 0.563512 0.038557 0.025854 0.034847
1 0.481452 0.235274 0.037095 0.028103
1 0.461781 0.283611 0.029227 0.057329
2 0.479766 0.209420 0.056205 0.037095
