2 0.560051 0.526819 0.101446 0.095616
2 0.632929 0.475513 0.097948 0.086287
2 0.726213 0.432952 0.125933 0.085121
2 0.736124 0.513993 0.115438 0.081623
2 0.663246 0.545476 0.100280 0.072295
2 0.613689 0.596199 0.117771 0.101446
2 0.437617 0.564715 0.108442 0.099114
2 0.524487 0.615438 0.083955 0.081623
2 0.126283 0.304688 0.082789 0.082789
2 0.119286 0.358326 0.085121 0.059468
2 0.168843 0.421292 0.069963 0.073461
2 0.152519 0.202076 0.086287 0.082789
2 0.253965 0.219566 0.081623 0.080457
2 0.360658 0.182253 0.094450 0.096782
2 0.479011 0.170592 0.107276 0.099114
2 0.540812 0.112873 0.086287 0.090951
2 0.601446 0.182836 0.100280 0.081623
2 0.671409 0.144356 0.081623 0.076959
2 0.444030 0.058652 0.097948 0.080457
2 0.362990 0.041744 0.096782 0.081623
2 0.101796 0.602029 0.092118 0.078125
2 0.211987 0.501749 0.093284 0.082789
2 0.286031 0.475513 0.071129 0.081623
2 0.219566 0.378148 0.085121 0.068797
