2 0.103721 0.236328 0.088405 0.089433
2 0.176192 0.272307 0.097656 0.091488
2 0.072368 0.354030 0.114104 0.096628
2 0.049753 0.706620 0.083265 0.086349
2 0.416221 0.305201 0.084293 0.075041
2 0.453228 0.369449 0.074013 0.086349
2 0.515419 0.373047 0.103824 0.091488
2 0.522101 0.306229 0.080181 0.083265
2 0.902447 0.286184 0.071957 0.069901
2 0.864412 0.313939 0.059622 0.080181
2 0.577611 0.067229 0.061678 0.078125
2 0.504626 0.664474 0.055510 0.037007
2 0.510794 0.701480 0.069901 0.034951
2 0.277447 0.385382 0.063734 0.042146
2 0.298006 0.326789 0.061678 0.040090
2 0.756476 0.879317 0.086349 0.100740
2 0.849507 0.881887 0.093544 0.107936
2 0.937397 0.887541 0.067845 0.096628
2 0.821238 0.940995 0.080181 0.065789
2 0.868010 0.964124 0.060650 0.068873
2 0.925445 0.966900 0.093283 0.066201
2 0.580204 0.974609 0.165547 0.050781
2 0.149979 0.587891 0.061678 0.052426
2 0.494860 0.020970 0.081209 0.034951
2 0.652138 0.046155 0.052426 0.052426
2 0.093442 0.794511 0.071957 0.060650
