1 0.763310 0.288194 0.085648 0.062500
2 0.723958 0.229167 0.041667 0.048611
2 0.675347 0.247685 0.069444 0.050926
2 0.739005 0.182292 0.060185 0.040509
2 0.493056 0.484375 0.049769 0.059028
2 0.543403 0.522569 0.078704 0.047454
2 0.308449 0.677083 0.032407 0.062500
2 0.273727 0.648727 0.062500 0.070602
2 0.148727 0.663773 0.071759 0.065972
2 0.061343 0.509838 0.068287 0.049769
2 0.088542 0.472801 0.074074 0.047454
1 0.045718 0.292245 0.069444 0.077546
1 0.107060 0.265625 0.074074 0.052083
1 0.071181 0.244213 0.041667 0.055556
1 0.079861 0.192130 0.063657 0.060185
2 0.086806 0.119213 0.054398 0.074074
2 0.041088 0.114005 0.069444 0.079861
1 0.028935 0.233218 0.045139 0.052083
1 0.423611 0.950231 0.065972 0.074074
1 0.357060 0.963542 0.055556 0.065972
1 0.467014 0.972801 0.048611 0.040509
