2 0.257353 0.406250 0.058824 0.045956
2 0.290441 0.452206 0.033088 0.038603
2 0.313419 0.445772 0.034926 0.044118
2 0.322610 0.492647 0.056985 0.053309
2 0.257353 0.541360 0.051471 0.055147
2 0.311581 0.555147 0.060662 0.053309
2 0.096507 0.714154 0.031250 0.044118
2 0.136029 0.725184 0.047794 0.044118
2 0.167279 0.701287 0.047794 0.033088
2 0.195772 0.883272 0.064338 0.058824
2 0.218750 0.936581 0.047794 0.044118
2 0.289522 0.851103 0.056985 0.060662
2 0.288603 0.905331 0.069853 0.051471
2 0.293199 0.945772 0.068015 0.062500
2 0.647978 0.883272 0.049632 0.051471
2 0.650735 0.841912 0.047794 0.045956
2 0.701287 0.848346 0.038603 0.051471
2 0.662684 0.803309 0.053309 0.031250
2 0.660846 0.762868 0.049632 0.049632
2 0.649816 0.711397 0.056985 0.064338
2 0.731618 0.747243 0.062500 0.051471
2 0.761949 0.738971 0.049632 0.049632
2 0.713235 0.697610 0.051471 0.058824
2 0.761949 0.669118 0.045956 0.060662
2 0.760110 0.619485 0.045956 0.042279
2 0.801471 0.618566 0.047794 0.051471
2 0.806066 0.662684 0.049632 0.047794
2 0.488051 0.340993 0.049632 0.047794
2 0.531250 0.413603 0.047794 0.038603
2 0.593750 0.377757 0.051471 0.036765
2 0.597426 0.424632 0.058824 0.038603
2 0.625000 0.358456 0.051471 0.060662
