2 0.581497 0.644447 0.057329 0.034847
2 0.547212 0.688287 0.033723 0.019110
2 0.587118 0.684353 0.039344 0.042716
2 0.723134 0.669739 0.037095 0.024730
2 0.723134 0.702338 0.030351 0.031475
2 0.836106 0.529789 0.035971 0.025854
2 0.939523 0.588804 0.026978 0.031475
2 0.285859 0.704024 0.034847 0.039344
2 0.320144 0.704586 0.056205 0.033723
2 0.651754 0.815310 0.038219 0.041592
2 0.711893 0.799573 0.050585 0.052833
2 0.788894 0.908611 0.038219 0.041592
2 0.687725 0.886129 0.044964 0.043840
2 0.847347 0.942896 0.026978 0.026978
2 0.751237 0.940647 0.041592 0.031475
2 0.726506 0.912545 0.055081 0.042716
2 0.288107 0.772032 0.043840 0.042716
2 0.256070 0.751799 0.047212 0.038219
2 0.366794 0.738309 0.046088 0.044964
2 0.394897 0.770908 0.041592 0.035971
2 0.401079 0.798449 0.033723 0.046088
2 0.525854 0.862522 0.040468 0.032599
2 0.484825 0.813624 0.039344 0.040468
2 0.041367 0.648943 0.029227 0.028103
2 0.082959 0.657936 0.029227 0.037095
2 0.108813 0.664681 0.035971 0.025854
2 0.073404 0.706835 0.032599 0.026978
2 0.048674 0.709083 0.046088 0.038219
2 0.061601 0.682104 0.033723 0.029227
2 0.023381 0.697280 0.024730 0.037095
2 0.149843 0.751799 0.041592 0.035971
2 0.212792 0.732689 0.030351 0.044964
2 0.196493 0.769784 0.024730 0.042716
2 0.218975 0.796201 0.033723 0.032599
1 0.263377 0.819245 0.028103 0.035971
2 0.289793 0.906362 0.040468 0.048336
2 0.317896 0.890625 0.051709 0.052833
1 0.365108 0.931655 0.051709 0.047212
2 0.535409 0.907487 0.032599 0.032599
2 0.609038 0.909735 0.040468 0.034847
2 0.089703 0.944582 0.033723 0.030351
2 0.145908 0.955261 0.033723 0.020234
2 0.308341 0.962005 0.032599 0.044964
2 0.282487 0.937275 0.032599 0.038219
2 0.052046 0.940647 0.032599 0.033723
2 0.061039 0.972684 0.043840 0.030351
2 0.185814 0.955261 0.023606 0.042716
2 0.136915 0.980553 0.040468 0.021358
2 0.099258 0.964816 0.039344 0.028103
2 0.548898 0.949078 0.050585 0.055081
2 0.374663 0.623651 0.037095 0.031475
2 0.965378 0.583183 0.020234 0.042716
2 0.429744 0.976057 0.043840 0.030351
