2 0.142463 0.112132 0.093750 0.097426
2 0.284926 0.296875 0.077206 0.073529
2 0.839154 0.066176 0.056985 0.053309
2 0.831801 0.235294 0.042279 0.045956
0 0.802390 0.332721 0.049632 0.053309
2 0.955882 0.090993 0.040441 0.058824
2 0.580882 0.232537 0.069853 0.066176
2 0.624081 0.195772 0.060662 0.055147
2 0.444853 0.309743 0.062500 0.051471
2 0.471507 0.371324 0.064338 0.060662
2 0.435662 0.456801 0.095588 0.091912
2 0.296875 0.472426 0.082721 0.097426
2 0.332721 0.400735 0.077206 0.071691
2 0.102022 0.712316 0.104779 0.051471
0 0.460478 0.036765 0.056985 0.049632
2 0.877757 0.193934 0.038603 0.036765
2 0.956801 0.136029 0.045956 0.045956
2 0.760110 0.061581 0.053309 0.055147
0 0.552390 0.405331 0.042279 0.051471
2 0.204963 0.929228 0.053309 0.044118
2 0.234375 0.981618 0.064338 0.031250
2 0.301471 0.021140 0.084559 0.036765
2 0.606618 0.318015 0.062500 0.064338
2 0.810662 0.282169 0.036765 0.033088
2 0.849265 0.559743 0.047794 0.047794
2 0.709559 0.582721 0.051471 0.042279
