2 0.105263 0.746197 0.056538 0.075041
2 0.163343 0.763158 0.063734 0.065789
2 0.257401 0.763672 0.056538 0.056538
2 0.274363 0.802734 0.047286 0.052426
2 0.366365 0.886513 0.056538 0.051398
2 0.418791 0.624383 0.064762 0.059622
2 0.419819 0.503084 0.056538 0.065789
2 0.762130 0.491262 0.060650 0.081209
2 0.799650 0.606908 0.055510 0.059622
2 0.602282 0.797081 0.049342 0.053454
2 0.063631 0.525185 0.061678 0.072985
2 0.269223 0.556024 0.071957 0.052426
2 0.030736 0.945107 0.051398 0.057566
2 0.030222 0.880345 0.054482 0.053454
