1 0.532066 0.608442 0.050140 0.051306
1 0.340252 0.755947 0.055970 0.052472
1 0.301772 0.789179 0.051306 0.051306
1 0.213153 0.707556 0.039646 0.051306
1 0.179338 0.755947 0.044310 0.043144
1 0.156017 0.790928 0.048974 0.047808
1 0.109375 0.780434 0.046642 0.043144
1 0.037663 0.671992 0.061800 0.059468
1 0.032999 0.727962 0.059468 0.047808
1 0.206157 0.944846 0.058302 0.050140
1 0.610191 0.747201 0.050140 0.053638
1 0.631180 0.839902 0.061800 0.064132
1 0.623018 0.361241 0.054804 0.060634
1 0.664995 0.279035 0.068797 0.080457
1 0.723298 0.395056 0.068797 0.067631
1 0.846315 0.309935 0.046642 0.053638
1 0.721549 0.185751 0.055970 0.071129
1 0.700560 0.207906 0.044310 0.043144
1 0.704058 0.246385 0.060634 0.052472
1 0.687150 0.101213 0.054804 0.060634
1 0.693563 0.052822 0.058302 0.052472
1 0.737290 0.089552 0.059468 0.060634
1 0.962920 0.122785 0.044310 0.047808
1 0.944846 0.098298 0.050140 0.047808
1 0.888876 0.323344 0.059468 0.057136
1 0.751866 0.503498 0.065299 0.062966
1 0.690648 0.518074 0.061800 0.045476
1 0.757113 0.558302 0.050140 0.055970
1 0.823577 0.519823 0.054804 0.055970
1 0.911614 0.520989 0.048974 0.053638
1 0.929104 0.588619 0.058302 0.062966
1 0.878965 0.583955 0.044310 0.048974
1 0.804921 0.694729 0.047808 0.060634
1 0.866721 0.941348 0.047808 0.052472
1 0.826493 0.897038 0.051306 0.054804
1 0.769939 0.669660 0.043144 0.045476
1 0.524487 0.967001 0.065299 0.059468
1 0.239389 0.041744 0.068797 0.060634
1 0.965252 0.246385 0.046642 0.040812
1 0.918027 0.397388 0.036147 0.048974
1 0.810168 0.970499 0.051306 0.050140
1 0.859142 0.878965 0.044310 0.053638
1 0.762360 0.719799 0.058302 0.054804
1 0.739039 0.329757 0.060634 0.058302
