2 0.049798 0.161084 0.057329 0.057329
2 0.035746 0.202113 0.049460 0.049460
2 0.024505 0.379721 0.026978 0.051709
2 0.048112 0.754609 0.040468 0.070818
2 0.464029 0.912545 0.060701 0.058453
2 0.797325 0.742244 0.100045 0.104541
2 0.879946 0.680980 0.065198 0.080935
2 0.844537 0.627023 0.111286 0.107914
2 0.756857 0.673112 0.088804 0.094424
2 0.659622 0.461781 0.096673 0.116906
2 0.734375 0.478080 0.091052 0.115782
2 0.770346 0.378597 0.084308 0.094424
2 0.691097 0.344874 0.098921 0.107914
2 0.746740 0.285859 0.113534 0.104541
2 0.844537 0.243143 0.100045 0.093300
2 0.882756 0.324640 0.113534 0.116906
2 0.895121 0.454474 0.041592 0.039344
2 0.942334 0.891187 0.052833 0.058453
