2 0.371290 0.109937 0.043840 0.049460
2 0.336443 0.067783 0.057329 0.055081
2 0.265063 0.073404 0.051709 0.043840
2 0.260004 0.104879 0.041592 0.048336
2 0.330261 0.122864 0.042716 0.050585
2 0.895121 0.209420 0.055081 0.055081
2 0.798449 0.575315 0.057329 0.051709
2 0.838916 0.643323 0.050585 0.041592
2 0.778215 0.628710 0.061826 0.052833
2 0.879384 0.697280 0.079811 0.077563
2 0.779339 0.673112 0.061826 0.049460
2 0.444357 0.624213 0.079811 0.046088
2 0.363984 0.610724 0.044964 0.030351
2 0.381407 0.657374 0.030351 0.035971
2 0.442671 0.671987 0.062950 0.044964
2 0.338129 0.663557 0.040468 0.041592
2 0.384218 0.686039 0.049460 0.019110
2 0.555643 0.828799 0.070818 0.057329
2 0.301596 0.516862 0.037095 0.047212
2 0.325202 0.510117 0.048336 0.044964
2 0.364546 0.514613 0.043840 0.040468
2 0.406700 0.522482 0.029227 0.044964
2 0.411196 0.556205 0.056205 0.044964
2 0.434240 0.587680 0.052833 0.035971
2 0.338129 0.562388 0.053957 0.041592
2 0.101506 0.779901 0.032599 0.053957
2 0.659060 0.327451 0.057329 0.050585
2 0.639951 0.310589 0.014613 0.043840
2 0.678170 0.271808 0.016862 0.047212
2 0.550022 0.165580 0.034847 0.023606
2 0.375787 0.180755 0.034847 0.031475
2 0.433678 0.202675 0.076439 0.039344
2 0.306655 0.213354 0.042716 0.038219
2 0.735499 0.428058 0.043840 0.029227
