2 0.040296 0.117599 0.067434 0.090461
2 0.033717 0.217105 0.067434 0.095395
2 0.045230 0.307566 0.090461 0.082237
2 0.052632 0.328947 0.098684 0.082237
2 0.037829 0.405428 0.072368 0.087171
2 0.012336 0.712993 0.018092 0.060855
2 0.038651 0.769737 0.064145 0.078947
2 0.033717 0.832237 0.067434 0.072368
2 0.281250 0.486842 0.088816 0.072368
2 0.221217 0.519737 0.090461 0.065789
2 0.221217 0.562500 0.067434 0.052632
2 0.339638 0.570724 0.077303 0.101974
2 0.314967 0.629112 0.080592 0.074013
2 0.221217 0.886513 0.100329 0.101974
2 0.251645 0.967928 0.095395 0.057566
2 0.714638 0.478618 0.047697 0.052632
2 0.782895 0.510691 0.055921 0.054276
2 0.827303 0.534539 0.052632 0.055921
2 0.787007 0.551809 0.047697 0.037829
2 0.824836 0.620888 0.054276 0.054276
2 0.859375 0.584704 0.064145 0.054276
2 0.912829 0.687500 0.055921 0.049342
2 0.895559 0.734375 0.074013 0.057566
2 0.451782 0.875366 0.072021 0.056152
2 0.501831 0.926636 0.064697 0.075684
2 0.352295 0.886353 0.107422 0.092773
2 0.368164 0.965698 0.070801 0.061035
2 0.318115 0.939453 0.073242 0.062256
2 0.302649 0.985291 0.076489 0.029419
