2 0.240895 0.258318 0.048336 0.042716
2 0.220661 0.289793 0.041592 0.044964
2 0.301034 0.302158 0.051709 0.071942
2 0.485949 0.249326 0.048336 0.060701
2 0.695594 0.197617 0.067446 0.053957
2 0.710769 0.154901 0.050585 0.040468
2 0.763040 0.123988 0.062950 0.050585
2 0.770908 0.063287 0.062950 0.061826
2 0.823741 0.053732 0.060701 0.067446
2 0.878260 0.044177 0.055081 0.061826
2 0.895121 0.100944 0.043840 0.051709
2 0.910297 0.141412 0.035971 0.040468
2 0.341502 0.268997 0.040468 0.057329
2 0.539906 0.027316 0.066322 0.032599
2 0.343750 0.433678 0.074191 0.042716
2 0.289793 0.548898 0.053957 0.064074
2 0.198179 0.455598 0.057329 0.061826
2 0.191434 0.504496 0.075315 0.060701
2 0.555081 0.852968 0.089928 0.078687
