0 0.262835 0.067522 0.078125 0.059524
0 0.034040 0.159598 0.066964 0.094866
2 0.127976 0.140997 0.042783 0.061384
0 0.467448 0.191220 0.081845 0.057664
2 0.491629 0.083333 0.044643 0.061384
1 0.465588 0.144717 0.033482 0.031622
1 0.503720 0.149368 0.024182 0.048363
0 0.695312 0.038690 0.087426 0.053943
0 0.884115 0.114955 0.070685 0.068824
0 0.343750 0.372582 0.068824 0.044643
0 0.307478 0.427455 0.066964 0.068824
1 0.918527 0.731585 0.106027 0.111607
2 0.730655 0.671131 0.135789 0.091146
2 0.636719 0.811570 0.119048 0.107887
2 0.702753 0.748326 0.079985 0.063244
2 0.607887 0.659040 0.102307 0.063244
2 0.837612 0.040551 0.052083 0.039062
2 0.888765 0.031250 0.072545 0.053943
2 0.238653 0.324219 0.063244 0.055804
