2 0.174674 0.205574 0.075793 0.066465
2 0.181670 0.279618 0.073461 0.074627
2 0.237057 0.272038 0.044310 0.047808
2 0.527402 0.390392 0.067631 0.081623
2 0.501166 0.466768 0.073461 0.075793
2 0.568214 0.484258 0.067631 0.073461
2 0.564715 0.962920 0.086287 0.067631
2 0.629431 0.958839 0.057136 0.064132
2 0.470849 0.803755 0.061800 0.078125
2 0.430620 0.740205 0.060634 0.060634
2 0.118120 0.758862 0.062966 0.058302
2 0.234725 0.953591 0.097948 0.083955
2 0.935518 0.835238 0.074627 0.087453
0 0.950093 0.733792 0.080457 0.108442
0 0.868470 0.698228 0.087453 0.041978
0 0.031250 0.961171 0.057136 0.068797
2 0.189832 0.739039 0.068797 0.051306
