2 0.178861 0.133038 0.024790 0.029297
2 0.263747 0.074444 0.033804 0.030799
2 0.299805 0.172852 0.027794 0.027794
2 0.335487 0.193134 0.031550 0.030799
2 0.177359 0.287785 0.033804 0.027794
2 0.071439 0.270132 0.021785 0.021034
2 0.090219 0.288537 0.029297 0.024790
2 0.317082 0.141301 0.029297 0.020282
2 0.353516 0.022987 0.030048 0.022536
2 0.332858 0.043645 0.024790 0.023287
2 0.237455 0.065054 0.026292 0.024038
2 0.344501 0.158954 0.027043 0.027043
2 0.457557 0.096980 0.032302 0.033804
2 0.368540 0.155574 0.022536 0.027794
2 0.373798 0.182993 0.034555 0.028546
2 0.373047 0.204402 0.031550 0.026292
2 0.375676 0.252855 0.030799 0.031550
2 0.386944 0.286659 0.030799 0.028546
2 0.391451 0.315956 0.027794 0.021034
2 0.395207 0.338867 0.032302 0.023287
2 0.425255 0.324970 0.030799 0.028546
2 0.364032 0.312951 0.025541 0.036058
1 0.211163 0.421499 0.039814 0.041316
1 0.239709 0.458308 0.042819 0.039814
1 0.164588 0.517278 0.035306 0.033053
1 0.206280 0.531926 0.034555 0.038311
1 0.175105 0.554462 0.041316 0.032302
1 0.168344 0.625451 0.047326 0.042067
2 0.098483 0.632963 0.036809 0.036058
2 0.321214 0.481971 0.043570 0.033053
2 0.373422 0.524038 0.030799 0.028546
2 0.531926 0.368540 0.029297 0.028546
2 0.563101 0.378305 0.028546 0.030048
2 0.518780 0.420373 0.033053 0.033053
2 0.557467 0.416617 0.030799 0.028546
2 0.611929 0.427885 0.027043 0.028546
2 0.587139 0.470328 0.028546 0.026292
2 0.537936 0.469952 0.030799 0.033053
2 0.489108 0.496995 0.030799 0.027043
2 0.554838 0.505634 0.033053 0.029297
2 0.591647 0.510517 0.031550 0.030048
2 0.566481 0.530424 0.035306 0.026292
2 0.527043 0.570989 0.027043 0.020282
2 0.540565 0.549204 0.027043 0.026292
2 0.568359 0.562350 0.025541 0.027043
2 0.611929 0.597281 0.033053 0.026292
2 0.620944 0.558218 0.030048 0.032302
2 0.632587 0.528921 0.027794 0.026292
2 0.655123 0.550706 0.029297 0.023287
2 0.656626 0.578501 0.024790 0.024790
2 0.649865 0.612680 0.030799 0.025541
1 0.685922 0.557843 0.029297 0.027043
1 0.675781 0.526292 0.033053 0.034555
1 0.681791 0.502254 0.033053 0.034555
2 0.627704 0.457933 0.030048 0.018029
2 0.643104 0.435397 0.021785 0.033053
2 0.668269 0.451172 0.021034 0.022536
2 0.677659 0.476337 0.026292 0.020282
2 0.747521 0.472957 0.030799 0.030048
2 0.842548 0.407227 0.025541 0.030799
2 0.845928 0.360652 0.030799 0.030799
2 0.810998 0.366286 0.022536 0.022536
2 0.818510 0.389949 0.031550 0.020282
1 0.094351 0.888747 0.033053 0.038311
1 0.365159 0.827524 0.038311 0.037560
1 0.308444 0.841421 0.030048 0.035306
1 0.336989 0.877479 0.045072 0.038311
1 0.386193 0.869216 0.041316 0.038311
1 0.331731 0.913161 0.043570 0.031550
1 0.346755 0.943209 0.040565 0.028546
1 0.324594 0.974384 0.032302 0.032302
1 0.354950 0.980243 0.035921 0.039513
1 0.368915 0.921800 0.029297 0.036809
1 0.471830 0.912410 0.039814 0.039062
1 0.480844 0.947341 0.041316 0.033804
1 0.400557 0.987380 0.044503 0.025240
1 0.385066 0.957482 0.037560 0.034555
1 0.404597 0.925931 0.028546 0.036058
1 0.438401 0.925931 0.033053 0.037560
1 0.412109 0.888371 0.046575 0.034555
2 0.549204 0.789213 0.027794 0.033053
2 0.536433 0.750150 0.027794 0.031550
2 0.568735 0.721229 0.027794 0.026292
2 0.555213 0.695688 0.035306 0.024790
2 0.496620 0.729492 0.039814 0.035306
2 0.456430 0.724985 0.025541 0.027794
2 0.456806 0.694937 0.039814 0.026292
2 0.434270 0.723858 0.020282 0.031550
2 0.238957 0.842548 0.026292 0.033053
2 0.159330 0.860953 0.027794 0.029297
2 0.142052 0.885742 0.039814 0.029297
2 0.151442 0.912785 0.033053 0.024790
2 0.128531 0.946590 0.032302 0.023287
2 0.102614 0.921424 0.030048 0.027043
2 0.074069 0.914663 0.018029 0.030048
1 0.079021 0.987004 0.057981 0.025992
2 0.697191 0.222055 0.032302 0.022536
1 0.888371 0.954477 0.055589 0.061599
1 0.953350 0.932317 0.051833 0.051833
1 0.937994 0.977614 0.048163 0.044772
1 0.980995 0.974956 0.038011 0.045464
2 0.640475 0.767052 0.027043 0.030799
2 0.615309 0.780950 0.032302 0.027043
2 0.606671 0.737004 0.027043 0.024790
2 0.586764 0.767052 0.023287 0.029297
2 0.721980 0.726112 0.033804 0.036058
2 0.693434 0.699444 0.027794 0.029297
