2 0.032064 0.049154 0.056966 0.053711
2 0.077637 0.058105 0.056966 0.045573
2 0.120768 0.031250 0.065104 0.047201
2 0.121582 0.079264 0.056966 0.055339
2 0.077637 0.112630 0.050456 0.056966
2 0.197266 0.146810 0.061849 0.066732
2 0.262370 0.187500 0.065104 0.066732
2 0.203776 0.206217 0.058594 0.068359
2 0.180990 0.274577 0.071615 0.065104
2 0.117513 0.218424 0.058594 0.063477
2 0.068685 0.182617 0.048828 0.063477
2 0.403971 0.128906 0.061849 0.056966
2 0.472017 0.020915 0.065732 0.041829
2 0.547304 0.016846 0.055131 0.033691
2 0.682292 0.035319 0.048828 0.048828
2 0.290039 0.259115 0.071615 0.066732
2 0.281901 0.322591 0.091146 0.063477
1 0.098796 0.412109 0.089518 0.060221
1 0.119954 0.381185 0.086263 0.063477
1 0.062174 0.319336 0.061849 0.060221
1 0.025553 0.359212 0.040690 0.091146
1 0.026367 0.445475 0.048828 0.065104
1 0.502441 0.487793 0.118815 0.113932
1 0.583822 0.450358 0.092773 0.104167
1 0.659505 0.417806 0.100911 0.110677
1 0.637533 0.490234 0.115560 0.096029
1 0.729492 0.515462 0.139974 0.133464
1 0.601725 0.591960 0.128581 0.136719
1 0.688802 0.635905 0.120443 0.120443
2 0.653809 0.722168 0.076497 0.065104
2 0.736003 0.740885 0.068359 0.060221
2 0.695313 0.790527 0.078125 0.068359
2 0.534993 0.675781 0.050456 0.060221
2 0.495117 0.782389 0.071615 0.078125
2 0.541504 0.831217 0.053711 0.048828
2 0.633464 0.861328 0.048828 0.060221
2 0.970540 0.824799 0.058919 0.065289
