0 0.923274 0.031833 0.059468 0.057136
0 0.902868 0.175840 0.062966 0.072295
1 0.878382 0.244636 0.088619 0.079291
1 0.856227 0.343167 0.069963 0.075793
0 0.894706 0.329174 0.053638 0.080457
0 0.985658 0.520406 0.027985 0.075793
0 0.458605 0.743703 0.093284 0.090951
0 0.412547 0.658582 0.082789 0.065299
0 0.416628 0.740788 0.065299 0.089785
0 0.643424 0.294776 0.096782 0.088619
2 0.796175 0.267957 0.054804 0.065299
2 0.831740 0.140858 0.055970 0.065299
1 0.869053 0.184002 0.074627 0.034981
2 0.825910 0.014925 0.041978 0.020989
2 0.611940 0.195662 0.057136 0.044310
2 0.154851 0.428288 0.043144 0.038479
2 0.202659 0.423041 0.031483 0.032649
2 0.217817 0.444030 0.036147 0.025653
2 0.284282 0.398554 0.033815 0.025653
2 0.316348 0.397388 0.037313 0.032649
2 0.329174 0.431203 0.032649 0.030317
2 0.297108 0.430620 0.045476 0.029151
2 0.341418 0.460938 0.031483 0.024487
2 0.501166 0.354244 0.026819 0.027985
2 0.558885 0.364739 0.025653 0.030317
2 0.582206 0.345499 0.027985 0.022155
2 0.546059 0.319263 0.030317 0.030317
2 0.515159 0.318680 0.033815 0.029151
2 0.291278 0.486590 0.031483 0.026819
2 0.276119 0.459188 0.029151 0.027985
2 0.246968 0.473181 0.036147 0.032649
2 0.252215 0.513410 0.039646 0.033815
2 0.216068 0.526236 0.032649 0.031483
2 0.195662 0.501166 0.036147 0.025653
2 0.197411 0.473181 0.027985 0.027985
2 0.151936 0.510494 0.034981 0.030317
2 0.167677 0.549557 0.031483 0.036147
2 0.142607 0.564132 0.055970 0.046642
2 0.114622 0.531483 0.037313 0.027985
2 0.044660 0.548974 0.030317 0.030317
2 0.051656 0.519240 0.034981 0.031483
2 0.065648 0.493587 0.027985 0.022155
2 0.025420 0.501749 0.033815 0.036147
2 0.017257 0.536147 0.026819 0.027985
2 0.027752 0.573461 0.033815 0.027985
2 0.020173 0.640508 0.027985 0.033815
2 0.079641 0.593284 0.034981 0.032649
2 0.026586 0.725047 0.031483 0.030317
2 0.406716 0.224813 0.036147 0.034981
2 0.809002 0.416628 0.029151 0.031483
2 0.777519 0.394473 0.036147 0.031483
2 0.788013 0.360075 0.031483 0.034981
2 0.743703 0.395639 0.033815 0.036147
2 0.639925 0.604944 0.087453 0.074627
2 0.576376 0.553055 0.067631 0.064132
2 0.546642 0.625350 0.052472 0.061800
2 0.432952 0.600863 0.065299 0.052472
2 0.190998 0.662663 0.033815 0.022155
2 0.046409 0.247551 0.029151 0.019823
2 0.013759 0.234142 0.022155 0.020989
2 0.095382 0.041744 0.022155 0.020989
2 0.522155 0.417794 0.031483 0.029151
2 0.544310 0.404384 0.036147 0.030317
2 0.452192 0.405550 0.024487 0.025653
2 0.473181 0.413130 0.029151 0.036147
2 0.192164 0.767024 0.029151 0.030317
