1 0.076143 0.690648 0.114272 0.113106
1 0.276702 0.706973 0.128265 0.141091
1 0.231227 0.833489 0.121269 0.114272
1 0.149604 0.914529 0.130597 0.092118
1 0.367654 0.798507 0.095616 0.097948
1 0.590951 0.407882 0.089785 0.083955
0 0.377280 0.934725 0.161978 0.130549
0 0.874562 0.573744 0.116822 0.115362
0 0.140275 0.331507 0.093284 0.101446
0 0.699977 0.941348 0.111940 0.099114
0 0.240555 0.417794 0.065299 0.099114
2 0.624184 0.335588 0.069963 0.074627
1 0.224813 0.232393 0.115438 0.075793
2 0.558302 0.259795 0.073461 0.065299
2 0.542561 0.189832 0.067631 0.069963
0 0.696479 0.431203 0.104944 0.081623
