0 0.155963 0.725057 0.220757 0.204989
1 0.256307 0.621130 0.117546 0.117546
2 0.062787 0.499283 0.103211 0.088876
1 0.179616 0.517919 0.113245 0.146216
2 0.045585 0.396072 0.086009 0.114679
0 0.425459 0.899943 0.212156 0.182053
1 0.538704 0.719323 0.111812 0.110378
2 0.311497 0.544438 0.075975 0.096044
1 0.145929 0.141628 0.088876 0.073108
0 0.100774 0.269209 0.110378 0.110378
2 0.177466 0.355935 0.123280 0.126147
0 0.384604 0.511468 0.118979 0.133314
2 0.722907 0.338733 0.167718 0.129014
1 0.264192 0.490682 0.098911 0.103211
2 0.353068 0.641915 0.090310 0.104644
2 0.477781 0.667001 0.101778 0.065940
0 0.500717 0.622563 0.187787 0.137615
2 0.431909 0.758028 0.067374 0.075975
0 0.292144 0.171015 0.149083 0.123280
0 0.290711 0.254157 0.146216 0.126147
0 0.469897 0.148796 0.134748 0.104644
