0 0.688419 0.750000 0.086397 0.071691
0 0.767463 0.693934 0.064338 0.077206
0 0.640625 0.746324 0.064338 0.093750
0 0.597426 0.916360 0.084559 0.080882
0 0.543199 0.964154 0.082721 0.066176
0 0.587316 0.976103 0.068015 0.038603
0 0.656250 0.970588 0.077206 0.042279
0 0.699449 0.942096 0.075368 0.073529
0 0.730699 0.980699 0.093750 0.025735
0 0.873162 0.878676 0.069853 0.075368
0 0.933824 0.887868 0.066176 0.056985
1 0.973346 0.878248 0.053309 0.078186
0 0.825368 0.536765 0.055147 0.056985
0 0.612132 0.495404 0.073529 0.091912
2 0.646140 0.433824 0.056985 0.056985
2 0.904412 0.458640 0.062500 0.055147
2 0.893382 0.423713 0.073529 0.051471
2 0.887868 0.505515 0.069853 0.060662
2 0.935662 0.520221 0.051471 0.064338
2 0.585478 0.766544 0.064338 0.056985
2 0.806985 0.965993 0.084559 0.062500
