2 0.968750 0.388060 0.059468 0.062966
2 0.948344 0.453358 0.058302 0.079291
2 0.927938 0.357743 0.043144 0.060634
2 0.916278 0.423041 0.057136 0.074627
2 0.722132 0.785681 0.072295 0.083955
2 0.735541 0.852729 0.038479 0.075793
2 0.783932 0.849230 0.074627 0.082789
2 0.807253 0.793843 0.074627 0.069963
2 0.862057 0.924440 0.069963 0.065299
2 0.764109 0.936684 0.083955 0.075793
2 0.107626 0.884212 0.046642 0.045476
2 0.043493 0.445779 0.044310 0.050140
2 0.028335 0.488923 0.044310 0.040812
2 0.133862 0.481926 0.075793 0.064132
2 0.079641 0.922691 0.041978 0.043144
2 0.136777 0.925606 0.044310 0.044310
2 0.384562 0.782766 0.045476 0.052472
2 0.504664 0.694729 0.066465 0.044310
2 0.476679 0.738456 0.078125 0.052472
2 0.406133 0.880714 0.060634 0.057136
2 0.374067 0.834072 0.064132 0.052472
2 0.435868 0.790928 0.059468 0.057136
2 0.734375 0.980993 0.101446 0.036147
2 0.384562 0.046409 0.057136 0.048974
2 0.455690 0.039995 0.061800 0.073461
2 0.446945 0.101213 0.053638 0.055970
2 0.369986 0.070896 0.069963 0.048974
2 0.800257 0.032999 0.048974 0.038479
