2 0.287212 0.435752 0.058594 0.052426
2 0.335526 0.418791 0.048314 0.053454
2 0.877775 0.391036 0.074013 0.049342
2 0.689145 0.693257 0.079153 0.059622
2 0.767784 0.686061 0.055510 0.045230
2 0.569387 0.841283 0.053454 0.051398
2 0.610506 0.823808 0.055510 0.051398
2 0.746197 0.859786 0.067845 0.037007
2 0.800164 0.831003 0.046258 0.030839
2 0.024568 0.622327 0.043174 0.071957
2 0.057977 0.662418 0.048314 0.049342
2 0.030736 0.848993 0.055510 0.058594
2 0.694285 0.831003 0.056538 0.043174
2 0.084704 0.616674 0.081209 0.046258
