1 0.546476 0.978754 0.065973 0.042491
1 0.444357 0.966502 0.075315 0.060701
1 0.484263 0.790580 0.035971 0.070818
1 0.530351 0.831048 0.051709 0.059577
1 0.488759 0.867581 0.069694 0.071942
2 0.142536 0.927158 0.040468 0.047212
1 0.552833 0.725382 0.056205 0.055081
1 0.513489 0.674798 0.060701 0.061826
1 0.564074 0.643885 0.067446 0.067446
1 0.541030 0.602855 0.050585 0.048336
1 0.574191 0.538219 0.033723 0.051709
1 0.464591 0.393772 0.057329 0.057329
1 0.508993 0.320144 0.060701 0.062950
1 0.504496 0.419627 0.060701 0.052833
1 0.289793 0.361174 0.056205 0.050585
1 0.252698 0.324640 0.056205 0.056205
2 0.577001 0.252136 0.064074 0.061826
1 0.846223 0.110499 0.058453 0.055081
1 0.858588 0.059915 0.060701 0.048336
1 0.877698 0.031250 0.049460 0.049460
1 0.503372 0.118368 0.060701 0.052833
1 0.358925 0.074528 0.073067 0.057329
1 0.440423 0.071718 0.042716 0.060701
1 0.498314 0.049798 0.052833 0.039344
1 0.301596 0.039681 0.064074 0.046088
1 0.965940 0.399393 0.057329 0.057329
