2 0.037760 0.136863 0.050637 0.052083
2 0.163628 0.255498 0.050637 0.054977
2 0.561487 0.275029 0.067998 0.073785
2 0.508681 0.434896 0.063657 0.054977
2 0.502894 0.489873 0.066551 0.057870
2 0.432726 0.502894 0.065104 0.063657
2 0.451534 0.569444 0.056424 0.063657
2 0.488426 0.597656 0.063657 0.065104
2 0.602720 0.567274 0.063657 0.062211
2 0.682292 0.538339 0.054977 0.062211
2 0.668547 0.327112 0.041956 0.047743
2 0.634549 0.347367 0.034722 0.039062
2 0.934751 0.336516 0.065104 0.075231
2 0.897135 0.398727 0.067998 0.069444
2 0.826244 0.410301 0.062211 0.057870
2 0.958623 0.430556 0.054977 0.078125
2 0.950666 0.863137 0.062211 0.054977
2 0.395833 0.699653 0.057870 0.063657
2 0.445023 0.666377 0.049190 0.057870
2 0.377749 0.631655 0.050637 0.040509
2 0.349537 0.664207 0.040509 0.059317
2 0.291667 0.662037 0.037616 0.054977
2 0.311921 0.881221 0.060764 0.062211
2 0.208129 0.964120 0.075980 0.071759
2 0.288050 0.962240 0.053530 0.050637
2 0.112269 0.198351 0.057870 0.056424
2 0.953559 0.539062 0.050637 0.037616
