0 0.756857 0.053170 0.086556 0.077563
0 0.810814 0.077900 0.070818 0.088804
0 0.712455 0.113309 0.096673 0.087680
0 0.783273 0.226844 0.085432 0.096673
0 0.868705 0.222909 0.087680 0.097797
2 0.151529 0.448853 0.083183 0.082059
2 0.211668 0.394335 0.068570 0.074191
0 0.154339 0.492693 0.106790 0.070818
0 0.043053 0.679294 0.050585 0.066322
0 0.289793 0.680980 0.080935 0.071942
2 0.328575 0.637140 0.093300 0.078687
2 0.686039 0.329137 0.032599 0.047212
2 0.733813 0.325764 0.062950 0.062950
2 0.559015 0.407262 0.052833 0.059577
2 0.530913 0.452226 0.055081 0.041592
0 0.632644 0.193121 0.065198 0.058453
2 0.719200 0.225719 0.060701 0.056205
2 0.926596 0.146470 0.037095 0.057329
2 0.965940 0.113309 0.050585 0.049460
0 0.394335 0.604541 0.051709 0.047212
2 0.398831 0.681542 0.047212 0.043840
2 0.967064 0.112747 0.050585 0.050585
2 0.552833 0.067783 0.071942 0.064074
2 0.643885 0.068907 0.058453 0.057329
