2 0.161458 0.054977 0.129630 0.103009
2 0.066551 0.108218 0.118056 0.121528
2 0.126736 0.196181 0.104167 0.107639
2 0.442708 0.574074 0.099537 0.136574
2 0.517940 0.585648 0.097222 0.143519
2 0.402778 0.720486 0.105324 0.105324
2 0.526620 0.791088 0.107639 0.107639
2 0.673032 0.796875 0.138889 0.133102
2 0.730903 0.896991 0.131944 0.090278
2 0.815394 0.862269 0.083333 0.097222
2 0.604745 0.944444 0.106481 0.092593
2 0.497106 0.868634 0.113426 0.093750
2 0.363426 0.960648 0.126157 0.071759
2 0.296296 0.895255 0.107639 0.068287
