0 0.968638 0.132255 0.062725 0.112082
0 0.718638 0.327451 0.106790 0.122527
0 0.621403 0.438737 0.152878 0.091052
0 0.157149 0.471335 0.076439 0.079811
0 0.158835 0.402765 0.097797 0.028103
0 0.022819 0.266187 0.034847 0.119155
1 0.505058 0.254946 0.084308 0.069694
1 0.500562 0.340378 0.070818 0.058453
1 0.589366 0.361174 0.073067 0.059577
1 0.628710 0.313961 0.052833 0.057329
1 0.368480 0.594424 0.062950 0.058453
1 0.149281 0.658498 0.060701 0.058453
1 0.275742 0.655126 0.061826 0.047212
1 0.239771 0.702900 0.059577 0.057329
2 0.940085 0.194807 0.068570 0.070818
