2 0.165281 0.078555 0.055906 0.053039
2 0.159547 0.128727 0.050172 0.047305
2 0.223337 0.140195 0.063073 0.053039
2 0.156680 0.307196 0.075975 0.054472
2 0.112959 0.363819 0.063073 0.061640
2 0.175315 0.369553 0.070241 0.061640
2 0.219037 0.330849 0.043005 0.058773
2 0.241972 0.353068 0.045872 0.060206
2 0.161697 0.424025 0.074541 0.058773
2 0.058486 0.644065 0.043005 0.043005
2 0.085722 0.680619 0.043005 0.044438
2 0.114392 0.642632 0.040138 0.037271
2 0.133028 0.600344 0.051606 0.038704
2 0.191800 0.592460 0.057339 0.054472
2 0.206135 0.551606 0.051606 0.044438
2 0.232655 0.589593 0.038704 0.048739
2 0.220470 0.631164 0.060206 0.045872
2 0.124427 0.824685 0.034404 0.034404
2 0.158114 0.798165 0.032970 0.030103
2 0.186067 0.788131 0.037271 0.032970
2 0.225487 0.782397 0.044438 0.038704
2 0.269209 0.743693 0.048739 0.053039
2 0.271359 0.682053 0.058773 0.038704
2 0.284260 0.700688 0.047305 0.053039
2 0.319381 0.756594 0.045872 0.038704
2 0.355218 0.726491 0.051606 0.030103
2 0.408974 0.747993 0.041571 0.035837
2 0.379587 0.780247 0.048739 0.037271
2 0.408974 0.704272 0.035837 0.037271
2 0.415424 0.631164 0.043005 0.037271
2 0.497850 0.507167 0.041571 0.035837
2 0.507167 0.549455 0.054472 0.048739
2 0.433343 0.676319 0.044438 0.044438
2 0.482798 0.693521 0.045872 0.038704
2 0.462013 0.728641 0.047305 0.028670
2 0.451261 0.760894 0.040138 0.027236
