2 0.742797 0.038220 0.044145 0.042983
2 0.788104 0.040834 0.040660 0.049373
2 0.764289 0.076266 0.060409 0.033109
2 0.878717 0.095144 0.048792 0.060409
2 0.907760 0.069586 0.044145 0.052277
2 0.946097 0.088755 0.036013 0.051115
2 0.633887 0.103566 0.074930 0.065637
2 0.680065 0.153520 0.053439 0.060990
2 0.741055 0.143936 0.070864 0.065056
2 0.784619 0.128253 0.055762 0.061571
2 0.575802 0.162233 0.066798 0.065637
2 0.486350 0.257493 0.056343 0.078415
2 0.552567 0.258364 0.060990 0.080158
2 0.621980 0.256622 0.058086 0.066217
2 0.577544 0.318773 0.081901 0.044145
2 0.481413 0.739312 0.054600 0.067379
2 0.478799 0.671643 0.052858 0.062151
2 0.868553 0.597584 0.047049 0.068541
2 0.919958 0.645504 0.062732 0.047049
2 0.893820 0.667577 0.067379 0.064475
2 0.949291 0.757319 0.028462 0.042983
2 0.927509 0.796236 0.056924 0.047630
2 0.882783 0.799140 0.044145 0.056924
2 0.918506 0.853450 0.066798 0.062151
2 0.933608 0.921991 0.055181 0.051696
2 0.924315 0.960618 0.060990 0.049954
2 0.524802 0.424975 0.050843 0.035962
2 0.533482 0.461558 0.043403 0.032242
2 0.820561 0.796379 0.059524 0.047123
