2 0.753032 0.576376 0.053638 0.054804
2 0.815998 0.567048 0.051306 0.045476
2 0.818913 0.609608 0.054804 0.048974
2 0.057486 0.270872 0.061800 0.047808
2 0.044076 0.305854 0.053638 0.068797
2 0.109958 0.431203 0.054804 0.065299
2 0.812103 0.971933 0.066837 0.053008
2 0.424207 0.783932 0.053638 0.040812
2 0.194496 0.975746 0.051306 0.041978
2 0.122201 0.386311 0.058302 0.054804
2 0.534981 0.783349 0.032649 0.044310
2 0.496502 0.785098 0.032649 0.052472
2 0.631763 0.842817 0.053638 0.048974
2 0.680737 0.808419 0.044310 0.045476
