2 0.180818 0.182874 0.082237 0.062706
2 0.260999 0.129420 0.059622 0.044202
2 0.272307 0.098581 0.061678 0.052426
2 0.474301 0.321135 0.079153 0.043174
2 0.632093 0.157689 0.061678 0.059622
2 0.608964 0.202405 0.070929 0.068873
2 0.691201 0.209087 0.058594 0.067845
2 0.684519 0.141756 0.084293 0.083265
2 0.742085 0.081620 0.061678 0.055510
2 0.785773 0.099609 0.054482 0.038035
2 0.779091 0.134046 0.061678 0.034951
2 0.861842 0.105263 0.066817 0.041118
2 0.499486 0.440892 0.055510 0.056538
2 0.530325 0.454256 0.061678 0.042146
2 0.737459 0.585321 0.091488 0.080181
2 0.668586 0.632093 0.054482 0.040090
2 0.688117 0.661390 0.087377 0.039062
2 0.267167 0.558594 0.059622 0.047286
2 0.431641 0.502570 0.090461 0.079153
2 0.054893 0.645456 0.060650 0.054482
2 0.082134 0.676809 0.098684 0.053454
2 0.074424 0.721525 0.062706 0.050370
2 0.026110 0.712788 0.046258 0.065789
2 0.938939 0.961040 0.060650 0.060650
2 0.978978 0.970670 0.042044 0.042902
