1 0.632862 0.077528 0.076632 0.046775
1 0.570163 0.108380 0.078623 0.070661
1 0.626891 0.020800 0.070661 0.038814
1 0.092456 0.634355 0.066680 0.069666
1 0.079518 0.687600 0.106489 0.070661
1 0.213873 0.438296 0.088575 0.071656
1 0.188495 0.511445 0.073646 0.082604
1 0.329817 0.420880 0.077627 0.086584
1 0.327329 0.512440 0.066680 0.086584
1 0.271596 0.513933 0.062699 0.079618
1 0.247213 0.587580 0.111465 0.067675
1 0.398487 0.604001 0.083599 0.074642
1 0.416899 0.433818 0.056728 0.092556
1 0.409932 0.515426 0.082604 0.080613
1 0.505971 0.469646 0.093551 0.094546
1 0.492038 0.567178 0.089570 0.098527
1 0.668193 0.955314 0.061704 0.082604
0 0.367635 0.814988 0.105494 0.088575
0 0.644805 0.764729 0.098527 0.095541
2 0.934415 0.897592 0.080613 0.078623
