0 0.102126 0.640947 0.099871 0.109536
0 0.215689 0.591817 0.095039 0.075709
0 0.198776 0.646585 0.086985 0.075709
0 0.257571 0.668331 0.095039 0.103093
0 0.313144 0.636115 0.077320 0.080541
0 0.019652 0.734981 0.039304 0.114768
0 0.054607 0.750483 0.069265 0.125644
0 0.102932 0.831024 0.098260 0.086985
0 0.074742 0.945393 0.099871 0.067655
0 0.037603 0.972697 0.061031 0.054607
0 0.181057 0.773840 0.112758 0.114369
0 0.171392 0.879349 0.115979 0.099871
0 0.198776 0.963918 0.125644 0.069265
0 0.290593 0.909149 0.135309 0.095039
0 0.420943 0.954172 0.096397 0.091656
0 0.281733 0.764981 0.098260 0.115979
0 0.334890 0.856798 0.143363 0.090206
0 0.432345 0.831830 0.103093 0.095039
0 0.361469 0.764175 0.093428 0.111147
