0 0.639388 0.554519 0.087680 0.111286
0 0.740558 0.606228 0.101169 0.102293
0 0.734937 0.537657 0.094424 0.084308
0 0.577001 0.651192 0.055081 0.086556
0 0.636016 0.656250 0.101169 0.105665
0 0.680418 0.738871 0.086556 0.106790
0 0.736623 0.707397 0.104541 0.097797
0 0.795638 0.635454 0.096673 0.093300
0 0.774843 0.719200 0.118031 0.134892
0 0.961893 0.743288 0.076214 0.108877
0 0.879384 0.818683 0.091052 0.102293
0 0.945144 0.842289 0.105665 0.095549
0 0.895683 0.885004 0.069694 0.064074
0 0.832734 0.833296 0.069694 0.127023
0 0.930531 0.949640 0.101169 0.092176
