2 0.122106 0.293403 0.090278 0.098380
0 0.042824 0.254630 0.079861 0.122685
0 0.086806 0.394097 0.128472 0.128472
0 0.068866 0.670139 0.120370 0.113426
0 0.048322 0.801346 0.096644 0.140363
2 0.119792 0.748264 0.062500 0.063657
0 0.034144 0.930556 0.067130 0.120370
0 0.380787 0.725116 0.098380 0.107639
0 0.460648 0.817708 0.121528 0.126157
0 0.485532 0.699074 0.094907 0.113426
0 0.347801 0.595486 0.111111 0.084491
0 0.306134 0.827546 0.083333 0.097222
0 0.256366 0.738426 0.074074 0.090278
0 0.556134 0.782407 0.078704 0.097222
0 0.309028 0.666088 0.082176 0.077546
0 0.426505 0.635417 0.092593 0.076389
0 0.133102 0.832176 0.103009 0.129630
