0 0.524758 0.422425 0.051717 0.074824
0 0.476342 0.439481 0.067121 0.047315
0 0.497249 0.468090 0.036312 0.040713
0 0.544014 0.484045 0.044014 0.046215
0 0.512654 0.509353 0.053917 0.046215
0 0.493398 0.542364 0.044014 0.037412
0 0.455436 0.523107 0.040713 0.047315
0 0.460387 0.491747 0.072623 0.057218
0 0.432879 0.466439 0.044014 0.028609
0 0.427377 0.501100 0.052817 0.049516
0 0.579225 0.583627 0.039613 0.042914
0 0.627641 0.592980 0.041813 0.061620
0 0.632592 0.564921 0.042914 0.053917
0 0.586928 0.621589 0.061620 0.055018
0 0.629842 0.628191 0.037412 0.050616
0 0.634793 0.651298 0.036312 0.041813
0 0.657901 0.655700 0.031910 0.041813
0 0.545665 0.653499 0.049516 0.046215
0 0.546215 0.619938 0.035211 0.049516
0 0.548966 0.587478 0.036312 0.041813
0 0.471941 0.601232 0.080326 0.051717
0 0.463688 0.563270 0.061620 0.035211
