0 0.373252 0.526770 0.022946 0.027316
0 0.410402 0.514751 0.018575 0.027316
0 0.487981 0.520760 0.027316 0.034965
0 0.502732 0.506010 0.024038 0.025131
0 0.522399 0.494537 0.017483 0.019668
0 0.589598 0.498361 0.020760 0.022946
0 0.598885 0.463396 0.021853 0.027316
0 0.445913 0.344296 0.019668 0.014205
0 0.617461 0.507102 0.024038 0.022946
0 0.583042 0.521853 0.033872 0.024038
0 0.555179 0.518029 0.028409 0.022946
0 0.616368 0.533872 0.017483 0.026224
0 0.632758 0.529502 0.030594 0.028409
0 0.626748 0.555726 0.022946 0.028409
0 0.649148 0.545345 0.015297 0.020760
0 0.653518 0.570476 0.030594 0.022946
0 0.519668 0.569930 0.038243 0.021853
0 0.569930 0.552448 0.022946 0.024038
0 0.599978 0.660621 0.028409 0.019668
0 0.597793 0.550262 0.015297 0.024038
0 0.339926 0.640953 0.017483 0.019668
0 0.405485 0.549716 0.026224 0.018575
0 0.390734 0.576486 0.020760 0.034965
0 0.440450 0.555179 0.015297 0.025131
0 0.436626 0.584681 0.031687 0.027316
0 0.486888 0.574301 0.029502 0.032780
0 0.487434 0.634943 0.043706 0.029502
0 0.493990 0.627295 0.021853 0.016390
