0 0.516108 0.399323 0.077320 0.061211
0 0.508054 0.121456 0.057990 0.056379
0 0.471005 0.156089 0.045103 0.045103
0 0.492751 0.209246 0.056379 0.054768
0 0.548325 0.193943 0.070876 0.059601
0 0.682023 0.289787 0.048325 0.051546
0 0.693299 0.354220 0.051546 0.057990
0 0.735180 0.407378 0.041881 0.048325
0 0.745651 0.349388 0.066044 0.054768
0 0.788338 0.399323 0.041881 0.048325
0 0.666720 0.415432 0.040271 0.048325
0 0.632088 0.367912 0.048325 0.040271
0 0.534633 0.336501 0.072487 0.054768
0 0.475838 0.343750 0.054768 0.056379
0 0.430735 0.345361 0.067655 0.046714
0 0.396907 0.249517 0.064433 0.051546
0 0.367912 0.306701 0.054768 0.066044
0 0.411405 0.406572 0.045103 0.040271
0 0.463756 0.410599 0.049936 0.048325
0 0.501611 0.458119 0.070876 0.059601
0 0.437983 0.495973 0.053157 0.048325
0 0.504027 0.526579 0.066044 0.054768
0 0.450870 0.557184 0.056379 0.051546
0 0.513692 0.603093 0.066044 0.062822
0 0.569265 0.654639 0.045103 0.059601
0 0.561211 0.572487 0.054768 0.053157
0 0.562822 0.516108 0.061211 0.056379
0 0.390464 0.604704 0.067655 0.066044
0 0.460535 0.624839 0.053157 0.057990
0 0.433151 0.666720 0.056379 0.057990
0 0.495973 0.679607 0.072487 0.070876
0 0.483892 0.741624 0.070876 0.075709
0 0.546714 0.716656 0.054768 0.051546
0 0.404156 0.704575 0.066044 0.062822
0 0.392880 0.760954 0.056379 0.043492
0 0.412210 0.822165 0.062822 0.043492
0 0.358247 0.834246 0.045103 0.041881
