0 0.700810 0.247106 0.164352 0.179398
0 0.683449 0.405093 0.157407 0.157407
0 0.561921 0.299190 0.145833 0.130787
0 0.491319 0.430556 0.155093 0.155093
0 0.557870 0.554398 0.151620 0.125000
0 0.494213 0.654514 0.158565 0.121528
0 0.622685 0.722222 0.135417 0.138889
0 0.782407 0.706597 0.186343 0.174769
0 0.718750 0.865741 0.181713 0.134259
2 0.580440 0.793403 0.111111 0.119213
0 0.076968 0.773727 0.083333 0.158565
0 0.363426 0.516782 0.146991 0.146991
0 0.343750 0.367477 0.149306 0.167824
0 0.250000 0.478588 0.135417 0.144676
0 0.365741 0.605903 0.153935 0.116898
