0 0.593171 0.328704 0.108796 0.094907
0 0.538773 0.255787 0.122685 0.101852
0 0.618056 0.160880 0.096065 0.097222
0 0.709491 0.119213 0.140046 0.125000
0 0.169560 0.346644 0.067130 0.082176
0 0.295718 0.395255 0.074074 0.061343
1 0.842014 0.455440 0.083333 0.089120
1 0.398148 0.339699 0.068287 0.082176
1 0.476852 0.335069 0.089120 0.105324
2 0.390046 0.488426 0.075231 0.074074
2 0.310764 0.479745 0.071759 0.070602
2 0.870949 0.569444 0.087963 0.085648
2 0.556134 0.543981 0.064815 0.067130
2 0.346065 0.607060 0.065972 0.056713
2 0.464699 0.557870 0.104167 0.085648
2 0.176505 0.145833 0.076389 0.076389
2 0.552662 0.130208 0.064815 0.084491
2 0.576389 0.079861 0.098380 0.071759
