1 0.294193 0.381063 0.118937 0.100280
1 0.958839 0.443447 0.079291 0.131763
2 0.818330 0.575793 0.115438 0.104944
2 0.766441 0.670826 0.111940 0.101446
2 0.916278 0.838736 0.110774 0.115438
0 0.795009 0.813666 0.157416 0.144590
2 0.811917 0.388643 0.100280 0.096782
2 0.818913 0.486007 0.081623 0.076959
1 0.216651 0.599697 0.110774 0.094450
2 0.089552 0.641674 0.096782 0.096782
0 0.929104 0.067980 0.141091 0.127099
2 0.914529 0.170592 0.090951 0.103778
2 0.203825 0.158349 0.092118 0.102612
2 0.316348 0.112873 0.097948 0.097948
2 0.340835 0.246385 0.081623 0.092118
1 0.165928 0.262127 0.114272 0.102612
1 0.072645 0.277868 0.097948 0.094450
0 0.230061 0.499417 0.121269 0.103778
0 0.192164 0.459771 0.129431 0.113106
1 0.073228 0.796175 0.131763 0.107276
2 0.040578 0.711637 0.066465 0.087453
1 0.906950 0.479011 0.075793 0.093284
0 0.589202 0.269123 0.076959 0.083955
2 0.657999 0.029501 0.090951 0.054804
2 0.752449 0.073228 0.067631 0.076959
