1 0.660801 0.459041 0.060680 0.071299
1 0.732858 0.493932 0.056129 0.083434
1 0.641080 0.528064 0.045510 0.039442
1 0.657767 0.581159 0.045510 0.066748
1 0.597846 0.562955 0.062197 0.057646
1 0.657008 0.652458 0.040959 0.054612
1 0.686590 0.637288 0.045510 0.054612
1 0.868629 0.734375 0.060680 0.072816
1 0.469660 0.672178 0.048544 0.051578
1 0.459800 0.726032 0.050061 0.056129
1 0.506826 0.738167 0.025789 0.047027
1 0.425667 0.720722 0.051578 0.063714
1 0.317961 0.861044 0.057646 0.043993
1 0.395328 0.932342 0.066748 0.056129
1 0.565989 0.859527 0.056129 0.056129
2 0.905795 0.117718 0.074333 0.077367
1 0.325546 0.967992 0.051578 0.042476
0 0.302033 0.907312 0.056129 0.042476
2 0.264108 0.872421 0.043993 0.036408
