2 0.814111 0.272068 0.051546 0.045103
2 0.814916 0.371134 0.033827 0.049936
2 0.864046 0.375161 0.054768 0.035438
2 0.852771 0.334085 0.048325 0.040271
2 0.736791 0.367912 0.045103 0.043492
2 0.725515 0.330863 0.041881 0.037049
2 0.762564 0.399323 0.028995 0.025773
2 0.918814 0.202803 0.051546 0.038660
2 0.967945 0.179446 0.043492 0.040271
2 0.941366 0.146424 0.041881 0.045103
2 0.946198 0.094878 0.048325 0.038660
2 0.944588 0.047358 0.045103 0.046714
2 0.872101 0.084407 0.054768 0.043492
2 0.723905 0.100515 0.038660 0.040271
2 0.644169 0.033666 0.053157 0.061211
0 0.811695 0.106153 0.069265 0.064433
0 0.487919 0.078769 0.046714 0.045103
0 0.498389 0.127899 0.067655 0.056379
1 0.727932 0.060245 0.056379 0.043492
0 0.977932 0.306483 0.044137 0.065608
