0 0.576439 0.281362 0.042716 0.052833
0 0.515175 0.272932 0.037095 0.051709
0 0.569694 0.225157 0.044964 0.039344
1 0.819245 0.338129 0.056205 0.040468
1 0.814186 0.385342 0.059577 0.040468
2 0.813062 0.440423 0.082059 0.047212
2 0.860274 0.387590 0.039344 0.044964
2 0.901304 0.426371 0.038219 0.050585
0 0.602293 0.409510 0.040468 0.043840
0 0.455598 0.390400 0.048336 0.055081
0 0.265063 0.415692 0.071942 0.044964
0 0.766412 0.828237 0.080935 0.060701
0 0.135229 0.906362 0.048336 0.025854
0 0.169514 0.977743 0.062950 0.040468
1 0.230216 0.871515 0.069694 0.050585
1 0.183004 0.924910 0.035971 0.049460
1 0.236398 0.944020 0.039344 0.056205
1 0.376911 0.723134 0.066322 0.059577
1 0.382531 0.793952 0.048336 0.050585
1 0.308341 0.522482 0.057329 0.060701
1 0.326888 0.453350 0.040468 0.037095
1 0.277428 0.464029 0.049460 0.029227
1 0.274618 0.550022 0.059577 0.043840
1 0.705148 0.648943 0.046088 0.030351
1 0.569132 0.615782 0.037095 0.038219
1 0.582621 0.658498 0.048336 0.038219
0 0.574191 0.584870 0.058453 0.052833
0 0.707397 0.537657 0.030351 0.028103
1 0.805193 0.230216 0.023606 0.040468
1 0.657374 0.818121 0.062950 0.078687
1 0.605103 0.859712 0.041592 0.047212
1 0.710207 0.893435 0.060701 0.069694
2 0.025629 0.676484 0.040468 0.065198
2 0.645009 0.593300 0.040468 0.051709
1 0.785522 0.589928 0.022482 0.026978
