1 0.403372 0.031764 0.052426 0.052426
1 0.550884 0.207545 0.045230 0.033923
1 0.062089 0.305201 0.048314 0.044202
1 0.108861 0.298006 0.039062 0.050370
1 0.152549 0.543174 0.027755 0.045230
1 0.092928 0.603310 0.035979 0.046258
1 0.133532 0.632607 0.045230 0.049342
1 0.149979 0.688631 0.049342 0.038035
1 0.496916 0.537007 0.050370 0.055510
1 0.552426 0.581723 0.052426 0.038035
1 0.593544 0.573499 0.031867 0.033923
1 0.611534 0.612048 0.039062 0.041118
1 0.579153 0.523129 0.046258 0.038035
0 0.182112 0.643319 0.046336 0.056034
0 0.185884 0.690194 0.030172 0.035560
0 0.515086 0.642241 0.080819 0.060345
0 0.590517 0.657866 0.054957 0.052802
0 0.569504 0.617996 0.045259 0.048491
0 0.545259 0.488147 0.054957 0.045259
0 0.375488 0.085775 0.047201 0.039876
2 0.580973 0.156169 0.043132 0.035807
2 0.161610 0.019440 0.059048 0.033612
