1 0.266782 0.034144 0.074074 0.042824
1 0.298032 0.065394 0.067130 0.045139
1 0.223958 0.248264 0.037037 0.045139
1 0.379630 0.245949 0.042824 0.063657
1 0.331597 0.280671 0.050926 0.063657
1 0.284144 0.223380 0.034722 0.041667
1 0.880787 0.159144 0.054398 0.047454
1 0.950231 0.085069 0.052083 0.059028
1 0.837384 0.300926 0.057870 0.037037
1 0.864583 0.332176 0.045139 0.041667
1 0.866319 0.397569 0.064815 0.052083
1 0.772569 0.355324 0.055556 0.069444
1 0.915509 0.361690 0.047454 0.070602
0 0.958333 0.373264 0.040509 0.065972
0 0.943287 0.421296 0.040509 0.053241
1 0.985243 0.446410 0.029514 0.064116
