0 0.842187 0.075781 0.053125 0.057813
0 0.786719 0.075000 0.064062 0.068750
0 0.885938 0.055469 0.056250 0.045312
0 0.548438 0.103125 0.056250 0.037500
1 0.520312 0.070312 0.046875 0.046875
1 0.557813 0.071094 0.040625 0.032813
1 0.899219 0.164844 0.054688 0.051562
1 0.973437 0.138281 0.046875 0.045312
1 0.975781 0.184375 0.048438 0.050000
0 0.946094 0.197656 0.060937 0.051562
0 0.872656 0.225000 0.064062 0.043750
0 0.927344 0.237500 0.067187 0.065625
0 0.957812 0.271094 0.046875 0.057813
1 0.932031 0.339844 0.064062 0.054688
1 0.920312 0.392969 0.053125 0.048438
0 0.971094 0.429080 0.057813 0.070660
1 0.788281 0.215625 0.042188 0.043750
0 0.750000 0.238281 0.040625 0.042188
0 0.912500 0.567187 0.062500 0.075000
1 0.960938 0.561719 0.056250 0.045312
1 0.956250 0.603906 0.034375 0.035937
1 0.810156 0.657813 0.045312 0.075000
1 0.943750 0.683594 0.062500 0.054688
2 0.589063 0.772656 0.062500 0.035937
2 0.577344 0.748437 0.039062 0.037500
0 0.942187 0.739844 0.040625 0.035937
1 0.907031 0.712500 0.048438 0.062500
2 0.648438 0.649219 0.050000 0.045312
2 0.669531 0.631250 0.060937 0.037500
