0 0.506250 0.664844 0.098437 0.095312
0 0.929688 0.623437 0.120313 0.150000
0 0.980078 0.523346 0.036719 0.096693
0 0.204687 0.401562 0.123438 0.103125
0 0.412500 0.320312 0.114062 0.118750
0 0.507812 0.128906 0.110937 0.114062
0 0.047656 0.396875 0.087500 0.131250
0 0.046094 0.461719 0.084375 0.082812
2 0.403125 0.168750 0.064062 0.062500
2 0.786719 0.400781 0.096875 0.089063
2 0.832812 0.480469 0.095312 0.114062
2 0.967187 0.170313 0.051562 0.100000
2 0.692187 0.847656 0.104688 0.101562
2 0.365625 0.776563 0.073438 0.084375
2 0.189844 0.676562 0.068750 0.078125
2 0.340625 0.882812 0.098437 0.106250
2 0.464517 0.965625 0.093096 0.065625
2 0.528394 0.974219 0.080225 0.048438
2 0.584375 0.953125 0.067187 0.068750
1 0.099219 0.384375 0.062500 0.078125
2 0.396094 0.415625 0.075000 0.093750
