0 0.149979 0.139700 0.069901 0.062706
0 0.097039 0.188014 0.087377 0.050370
0 0.144326 0.230160 0.072985 0.066817
2 0.087788 0.140728 0.062706 0.048314
2 0.532895 0.178248 0.052426 0.059622
2 0.599712 0.157175 0.083265 0.060650
2 0.583779 0.227076 0.067845 0.062706
2 0.653680 0.198808 0.071957 0.063734
2 0.635691 0.258429 0.056538 0.061678
1 0.658820 0.394634 0.074013 0.095600
1 0.415193 0.112459 0.113076 0.108964
2 0.247122 0.527755 0.062706 0.063734
2 0.293894 0.558080 0.071957 0.056538
2 0.653166 0.326789 0.035979 0.050370
2 0.451686 0.259457 0.066817 0.051398
2 0.424445 0.208573 0.051398 0.031867
2 0.106291 0.260485 0.060650 0.069901
