2 0.561198 0.029948 0.036458 0.052083
2 0.297526 0.330078 0.045573 0.055990
2 0.341146 0.319010 0.054688 0.057292
0 0.143229 0.233724 0.062500 0.061198
0 0.699219 0.875651 0.085938 0.079427
0 0.885417 0.752604 0.093750 0.062500
1 0.559245 0.325521 0.055990 0.026042
2 0.628906 0.714844 0.067708 0.062500
2 0.822266 0.967448 0.058594 0.052083
2 0.864583 0.872396 0.049479 0.062500
2 0.807292 0.860026 0.067708 0.069010
0 0.751953 0.751953 0.061198 0.066406
2 0.952474 0.753906 0.050781 0.057292
2 0.936198 0.822917 0.052083 0.052083
0 0.879557 0.957031 0.082031 0.059896
2 0.948568 0.944010 0.063802 0.057292
2 0.944010 0.670573 0.057292 0.062500
