2 0.204408 0.090718 0.065299 0.055970
2 0.269706 0.056320 0.053638 0.061800
2 0.216068 0.204991 0.081623 0.067631
2 0.299440 0.249300 0.075793 0.065299
2 0.274953 0.174090 0.045476 0.050140
0 0.186917 0.511077 0.090951 0.073461
2 0.283116 0.518074 0.064132 0.078125
1 0.383396 0.828242 0.085121 0.080457
1 0.407882 0.737290 0.068797 0.073461
2 0.755364 0.874883 0.089785 0.068797
1 0.906367 0.743703 0.053638 0.081623
1 0.968342 0.745750 0.063316 0.088049
1 0.853312 0.923274 0.075793 0.065299
1 0.925606 0.941931 0.071129 0.079291
2 0.901702 0.863223 0.055970 0.071129
2 0.659748 0.802006 0.052472 0.051306
2 0.708139 0.361241 0.060634 0.065299
2 0.472015 0.151353 0.057136 0.041978
2 0.398554 0.128032 0.043144 0.032649
2 0.590951 0.137943 0.043144 0.052472
2 0.552472 0.162430 0.038479 0.045476
