0 0.455036 0.189186 0.076439 0.055081
0 0.574191 0.195931 0.056205 0.059577
0 0.660184 0.194807 0.095549 0.088804
0 0.819807 0.308903 0.059577 0.051709
0 0.854654 0.372415 0.084308 0.086556
0 0.699528 0.465715 0.084308 0.070818
0 0.787770 0.485949 0.076439 0.073067
0 0.854092 0.481452 0.058453 0.102293
0 0.912545 0.462905 0.078687 0.087680
0 0.421313 0.245391 0.065198 0.057329
2 0.541592 0.162208 0.056205 0.066322
0 0.467963 0.374663 0.082059 0.100045
0 0.270121 0.111061 0.050585 0.042716
0 0.330823 0.119492 0.057329 0.059577
2 0.792828 0.415692 0.070818 0.092176
