0 0.017840 0.214319 0.032649 0.079291
0 0.063316 0.209655 0.065299 0.062966
0 0.557719 0.160098 0.074627 0.075793
0 0.629431 0.171175 0.061800 0.074627
0 0.575210 0.227729 0.093284 0.066465
0 0.603195 0.097715 0.088619 0.076959
0 0.670243 0.119286 0.066465 0.068797
0 0.484258 0.085471 0.083955 0.078125
1 0.054571 0.239389 0.071129 0.071129
1 0.642257 0.044660 0.087453 0.047808
2 0.705807 0.165345 0.069963 0.069963
1 0.805504 0.403218 0.052472 0.076959
0 0.742537 0.397388 0.071129 0.076959
1 0.698228 0.439366 0.057136 0.069963
2 0.639925 0.718633 0.059468 0.052472
2 0.641674 0.751283 0.062966 0.054804
2 0.717467 0.784515 0.053638 0.058302
0 0.379897 0.042910 0.080457 0.069963
