0 0.424665 0.399554 0.122768 0.113467
0 0.544643 0.408854 0.109747 0.091146
0 0.428385 0.558594 0.145089 0.100446
0 0.779948 0.474888 0.078125 0.093006
2 0.630208 0.499070 0.076265 0.066964
2 0.566964 0.595796 0.087426 0.055804
2 0.658110 0.619978 0.057664 0.055804
2 0.734375 0.646949 0.065104 0.053943
2 0.687872 0.739955 0.083705 0.046503
2 0.921317 0.716704 0.059524 0.066964
2 0.963449 0.818745 0.073103 0.055273
0 0.565104 0.659970 0.087426 0.053943
0 0.646949 0.676711 0.061384 0.057664
0 0.707403 0.696243 0.074405 0.052083
