2 0.466989 0.710717 0.085827 0.118838
2 0.597931 0.850462 0.094630 0.118838
2 0.441131 0.896677 0.102333 0.085827
2 0.406470 0.836708 0.085827 0.062720
2 0.374010 0.745379 0.095731 0.097931
2 0.281030 0.681558 0.072623 0.060519
2 0.294234 0.639745 0.081426 0.069322
2 0.237566 0.644146 0.071523 0.071523
2 0.123129 0.590229 0.086928 0.086928
2 0.111026 0.652949 0.115537 0.100132
2 0.175946 0.186400 0.089129 0.067121
2 0.199604 0.246919 0.061620 0.075924
2 0.291483 0.306888 0.086928 0.092430
2 0.316791 0.364657 0.075924 0.084727
2 0.193002 0.301937 0.110035 0.073724
2 0.148988 0.323944 0.088028 0.075924
2 0.185849 0.391615 0.086928 0.068222
2 0.107724 0.404269 0.084727 0.102333
2 0.180898 0.442232 0.092430 0.094630
2 0.032350 0.473592 0.050616 0.100132
2 0.181448 0.735475 0.086928 0.104533
2 0.149538 0.777289 0.084727 0.071523
2 0.215559 0.827905 0.082526 0.062720
2 0.299736 0.876320 0.066021 0.100132
2 0.347051 0.898327 0.059419 0.091329
2 0.259573 0.924736 0.106734 0.067121
2 0.218860 0.878521 0.058319 0.071523
2 0.253521 0.954445 0.118838 0.082526
2 0.508253 0.962698 0.102333 0.063820
