0 0.341890 0.441406 0.098586 0.089286
0 0.082403 0.213542 0.074405 0.083705
0 0.026600 0.257254 0.052083 0.081845
0 0.085193 0.291667 0.079985 0.061384
0 0.299107 0.040551 0.072545 0.079985
0 0.414435 0.315848 0.083705 0.053943
0 0.644159 0.454427 0.055804 0.089286
0 0.675781 0.241443 0.063244 0.106027
0 0.582775 0.204241 0.089286 0.065104
0 0.576265 0.283296 0.083705 0.078125
0 0.279576 0.147507 0.052083 0.048363
0 0.026600 0.182850 0.044643 0.059524
0 0.969029 0.518609 0.061942 0.072561
0 0.898996 0.542783 0.059524 0.068824
1 0.903646 0.461868 0.057664 0.063244
0 0.759487 0.554874 0.066964 0.078125
1 0.722284 0.634859 0.063244 0.070685
2 0.797619 0.501860 0.065104 0.087426
2 0.815290 0.410714 0.081845 0.065104
2 0.248884 0.340030 0.072545 0.068824
2 0.255394 0.435826 0.059524 0.063244
2 0.247024 0.482329 0.061384 0.048363
2 0.185640 0.144717 0.068824 0.065104
2 0.293527 0.305618 0.083705 0.063244
2 0.597656 0.443266 0.048363 0.052083
2 0.814360 0.536272 0.076265 0.063244
2 0.116815 0.035900 0.061384 0.059524
2 0.182850 0.024740 0.055804 0.048363
