1 0.739433 0.159960 0.049460 0.061826
1 0.791142 0.159960 0.035971 0.039344
0 0.840040 0.204362 0.046088 0.062950
2 0.797887 0.240895 0.031475 0.037095
0 0.917603 0.277428 0.046088 0.049460
0 0.924910 0.312275 0.038219 0.049460
2 0.874888 0.303282 0.032599 0.040468
1 0.946268 0.406700 0.038219 0.035971
1 0.940085 0.446605 0.041592 0.043840
1 0.954699 0.589366 0.055081 0.064074
0 0.947392 0.753485 0.076439 0.079811
1 0.562950 0.630396 0.047212 0.033723
1 0.618593 0.709645 0.055081 0.041592
1 0.565198 0.733251 0.053957 0.052833
0 0.502810 0.763602 0.057329 0.048336
0 0.281924 0.821493 0.067446 0.056205
0 0.226844 0.769222 0.062950 0.059577
1 0.458408 0.832172 0.051709 0.061826
