0 0.711018 0.577320 0.096649 0.088595
1 0.752899 0.652223 0.080541 0.074098
0 0.789948 0.702159 0.086985 0.067655
1 0.699742 0.677996 0.077320 0.080541
2 0.825387 0.550741 0.054768 0.064433
2 0.853576 0.609536 0.062822 0.059601
1 0.796392 0.798808 0.103093 0.086985
0 0.697326 0.770619 0.098260 0.104704
1 0.669942 0.800419 0.046714 0.035438
1 0.669137 0.862436 0.074098 0.053157
1 0.463756 0.570876 0.098260 0.075709
1 0.407378 0.667526 0.101482 0.078930
0 0.312339 0.746456 0.107925 0.088595
1 0.417043 0.853576 0.072487 0.061211
