0 0.457205 0.227807 0.051752 0.058718
0 0.831409 0.854797 0.087580 0.068670
1 0.377090 0.182524 0.040804 0.039809
1 0.392516 0.231290 0.041799 0.049761
1 0.500000 0.186007 0.061704 0.056728
1 0.551254 0.138734 0.056728 0.055732
1 0.604001 0.124303 0.054737 0.054737
1 0.558221 0.078523 0.046775 0.046775
1 0.957803 0.072054 0.055732 0.063694
2 0.601513 0.743830 0.033838 0.047771
2 0.636346 0.732385 0.039809 0.042795
2 0.730892 0.754777 0.043790 0.037818
2 0.726413 0.793591 0.030852 0.041799
2 0.768213 0.758758 0.032842 0.043790
2 0.806529 0.740346 0.041799 0.038814
2 0.855792 0.787619 0.052747 0.053742
