0 0.104399 0.410928 0.090565 0.078623
0 0.239252 0.593551 0.085589 0.089570
0 0.446258 0.399482 0.109475 0.109475
0 0.617436 0.385052 0.091561 0.106489
0 0.584594 0.118830 0.099522 0.075637
0 0.644805 0.184017 0.078623 0.086584
1 0.033240 0.476612 0.053742 0.074642
1 0.128284 0.482086 0.092556 0.077627
1 0.295979 0.586584 0.045780 0.045780
1 0.329817 0.618929 0.071656 0.056728
1 0.393014 0.672174 0.090565 0.063694
1 0.452727 0.565187 0.076632 0.078623
1 0.359674 0.521397 0.071656 0.056728
1 0.583599 0.371616 0.043790 0.057723
1 0.456210 0.314391 0.081608 0.078623
1 0.684614 0.233280 0.058718 0.063694
1 0.583101 0.246716 0.064689 0.068670
1 0.561206 0.177548 0.080613 0.077627
1 0.688595 0.066083 0.090565 0.055732
1 0.737361 0.175557 0.086584 0.075637
1 0.846338 0.327826 0.067675 0.063694
2 0.911525 0.509952 0.058718 0.059713
2 0.970243 0.469148 0.046775 0.091561
2 0.831907 0.687600 0.064689 0.034833
