0 0.515175 0.611286 0.084308 0.085432
0 0.505621 0.915355 0.125899 0.102293
0 0.777418 0.973696 0.109693 0.052608
2 0.343750 0.635454 0.085432 0.057329
2 0.351057 0.732689 0.043840 0.044964
2 0.386466 0.766412 0.076439 0.067446
2 0.081272 0.861398 0.075315 0.068570
2 0.908611 0.469649 0.059577 0.085432
2 0.944582 0.407262 0.064074 0.066322
2 0.901866 0.399393 0.052833 0.066322
2 0.823179 0.350495 0.066322 0.089928
2 0.776529 0.360612 0.080935 0.096673
2 0.970998 0.490445 0.056205 0.075315
2 0.607352 0.904114 0.084308 0.064074
2 0.474146 0.740558 0.076439 0.083183
2 0.419627 0.660184 0.041592 0.048336
2 0.540468 0.840040 0.049460 0.041592
2 0.469087 0.835544 0.061826 0.055081
2 0.625337 0.967064 0.082059 0.059577
