1 0.051562 0.289062 0.096875 0.115625
1 0.081250 0.383594 0.156250 0.117188
1 0.616406 0.512500 0.117188 0.109375
1 0.492188 0.535937 0.106250 0.100000
1 0.567187 0.603125 0.081250 0.075000
1 0.504687 0.660156 0.075000 0.092188
1 0.592969 0.650781 0.067187 0.064062
0 0.682031 0.610938 0.110937 0.115625
0 0.760156 0.596094 0.064062 0.101562
0 0.730469 0.696875 0.095312 0.100000
1 0.631250 0.728906 0.093750 0.082812
1 0.579688 0.782031 0.056250 0.076563
1 0.514062 0.742969 0.103125 0.101562
1 0.386719 0.664062 0.110937 0.096875
1 0.330469 0.617969 0.064062 0.054688
1 0.296875 0.675000 0.087500 0.084375
1 0.230469 0.642969 0.067187 0.092188
1 0.271875 0.746094 0.068750 0.073438
2 0.387500 0.834375 0.081250 0.081250
2 0.489063 0.829688 0.071875 0.081250
2 0.307812 0.813281 0.075000 0.064062
2 0.226562 0.821094 0.096875 0.110937
2 0.344531 0.882812 0.064062 0.065625
2 0.282813 0.939844 0.087500 0.092188
2 0.207813 0.924219 0.059375 0.067187
2 0.150000 0.842969 0.078125 0.070312
2 0.076563 0.854688 0.059375 0.087500
2 0.123438 0.924219 0.081250 0.064062
2 0.223438 0.976562 0.068750 0.046875
