0 0.383979 0.522155 0.062966 0.058302
0 0.095965 0.400886 0.072295 0.044310
2 0.142607 0.342001 0.044310 0.033815
2 0.277285 0.267957 0.054804 0.060634
2 0.234725 0.305271 0.037313 0.030317
2 0.372901 0.321595 0.024487 0.044310
2 0.347831 0.337920 0.025653 0.044310
1 0.445196 0.397971 0.045476 0.029151
1 0.811917 0.599697 0.051306 0.054804
1 0.754198 0.597365 0.040812 0.054804
0 0.794426 0.554804 0.062966 0.051306
1 0.522738 0.580457 0.079291 0.051306
1 0.445196 0.623601 0.071129 0.058302
1 0.364156 0.572878 0.086287 0.057136
2 0.174674 0.584538 0.057136 0.043144
1 0.137360 0.624184 0.061800 0.043144
2 0.134445 0.552472 0.060634 0.039646
1 0.941931 0.405550 0.052472 0.048974
1 0.912780 0.599697 0.050140 0.052472
1 0.930854 0.618354 0.020989 0.054804
1 0.792677 0.107043 0.038479 0.065299
1 0.615438 0.082556 0.071129 0.055970
2 0.481343 0.051656 0.080457 0.059468
2 0.197411 0.269706 0.034981 0.031483
2 0.165345 0.283116 0.052472 0.034981
2 0.110541 0.327425 0.038479 0.034981
0 0.020581 0.341440 0.041161 0.046598
