0 0.775879 0.499186 0.079753 0.084635
0 0.964030 0.665394 0.071940 0.068743
2 0.955729 0.709147 0.065104 0.052083
0 0.875163 0.484538 0.083008 0.065104
2 0.775065 0.288411 0.068359 0.060221
2 0.783203 0.212728 0.061849 0.061849
2 0.613932 0.284342 0.048828 0.045573
2 0.576497 0.404785 0.045573 0.052083
1 0.482096 0.416992 0.065104 0.053711
1 0.493490 0.386882 0.052083 0.045573
0 0.541504 0.416992 0.066732 0.053711
2 0.541504 0.360026 0.040690 0.050456
2 0.513021 0.515462 0.042318 0.048828
2 0.490234 0.517904 0.045573 0.040690
