0 0.353002 0.195210 0.042146 0.048314
0 0.362253 0.147410 0.046258 0.041118
0 0.393092 0.176706 0.033923 0.048314
0 0.317537 0.204461 0.030839 0.038035
0 0.445518 0.315481 0.050370 0.056538
0 0.425987 0.358655 0.066817 0.052426
0 0.409025 0.426501 0.059622 0.052426
0 0.013312 0.033401 0.026624 0.049152
0 0.043586 0.043072 0.038035 0.027755
0 0.030273 0.013282 0.060547 0.025655
0 0.011770 0.078882 0.023540 0.048650
0 0.053351 0.094984 0.057566 0.047286
0 0.027190 0.135623 0.054379 0.064692
0 0.066715 0.163857 0.051398 0.059622
0 0.042558 0.206517 0.062706 0.066817
0 0.282765 0.560985 0.051818 0.066964
0 0.225765 0.812101 0.063776 0.068559
0 0.211416 0.905373 0.063776 0.046237
0 0.192283 0.957589 0.054209 0.050223
0 0.227360 0.972337 0.047832 0.046237
0 0.754991 0.131076 0.064381 0.057147
0 0.509404 0.690249 0.037616 0.032552
