1 0.725116 0.653935 0.053241 0.090278
0 0.785880 0.646412 0.054398 0.091435
0 0.663773 0.611690 0.081019 0.091435
0 0.673611 0.749421 0.089120 0.075231
0 0.592593 0.733796 0.075231 0.078704
0 0.590278 0.603009 0.063657 0.055556
2 0.146412 0.485532 0.057870 0.065972
2 0.310185 0.926505 0.082176 0.068287
2 0.332755 0.884259 0.081019 0.069444
2 0.235532 0.962384 0.064815 0.056713
2 0.289931 0.973958 0.078704 0.047454
2 0.082755 0.718171 0.057870 0.049769
2 0.109954 0.652778 0.089120 0.083333
0 0.094907 0.494792 0.054398 0.086806
0 0.082176 0.398727 0.065972 0.063657
0 0.145255 0.427083 0.071759 0.046296
