2 0.015142 0.058634 0.025773 0.056379
2 0.073937 0.056218 0.053157 0.057990
2 0.130316 0.106153 0.053157 0.080541
1 0.082796 0.121456 0.074098 0.091817
2 0.053802 0.168170 0.077320 0.095039
2 0.604704 0.094072 0.070876 0.075709
2 0.634504 0.045747 0.082152 0.075709
2 0.713434 0.069910 0.098260 0.082152
0 0.701091 0.023276 0.103618 0.046553
2 0.805251 0.308312 0.091817 0.078930
2 0.933312 0.341334 0.074098 0.083763
2 0.967461 0.405407 0.065077 0.086265
2 0.941366 0.497584 0.077320 0.077320
0 0.965528 0.455702 0.067655 0.083763
2 0.934117 0.593428 0.043492 0.062822
2 0.150451 0.371939 0.074098 0.061211
2 0.250322 0.349388 0.057990 0.074098
2 0.206830 0.400934 0.070876 0.061211
0 0.326836 0.505638 0.082152 0.083763
0 0.387242 0.549936 0.090206 0.091817
0 0.298647 0.603093 0.096649 0.082152
0 0.211662 0.798808 0.086985 0.074098
0 0.225354 0.851160 0.104704 0.066044
0 0.083602 0.974388 0.066044 0.045103
2 0.235019 0.731959 0.062822 0.075709
1 0.287371 0.757732 0.074098 0.095039
1 0.155284 0.952642 0.090206 0.075709
2 0.399323 0.970361 0.066044 0.056379
2 0.517719 0.913177 0.064433 0.048325
2 0.527384 0.962307 0.080541 0.059601
2 0.650612 0.961501 0.043492 0.051546
2 0.602287 0.637726 0.082152 0.070876
0 0.619201 0.586179 0.070876 0.064433
