1 0.635938 0.700781 0.057813 0.073438
1 0.670312 0.735938 0.054688 0.075000
2 0.603906 0.760156 0.075000 0.092188
2 0.853125 0.515625 0.060937 0.078125
1 0.839063 0.317969 0.089063 0.079687
1 0.919531 0.258594 0.053125 0.060937
2 0.863281 0.259375 0.096875 0.068750
2 0.373437 0.392188 0.073438 0.065625
2 0.453906 0.349219 0.081250 0.079687
2 0.625781 0.606250 0.084375 0.068750
2 0.721094 0.540625 0.031250 0.040625
2 0.775000 0.960938 0.054688 0.043750
2 0.676562 0.928125 0.079687 0.065625
2 0.610938 0.943750 0.054688 0.071875
2 0.544531 0.867188 0.078125 0.065625
2 0.582812 0.896875 0.079687 0.056250
2 0.621094 0.880469 0.071875 0.070312
2 0.542188 0.943750 0.089063 0.084375
2 0.506250 0.905469 0.070312 0.054688
2 0.482812 0.843750 0.085938 0.093750
2 0.371875 0.891406 0.098437 0.064062
2 0.344531 0.823438 0.096875 0.081250
2 0.271875 0.841406 0.057813 0.060937
