2 0.344264 0.019428 0.061678 0.031867
2 0.315995 0.047697 0.072985 0.065789
2 0.392064 0.041016 0.066817 0.062706
2 0.489206 0.028680 0.088405 0.046258
2 0.716386 0.023540 0.059622 0.038035
1 0.765214 0.063117 0.089433 0.078125
2 0.942023 0.178762 0.050370 0.056538
1 0.854646 0.185444 0.077097 0.088405
1 0.779605 0.216797 0.068873 0.068873
2 0.646484 0.176706 0.078125 0.068873
1 0.568359 0.088816 0.078125 0.071957
1 0.569387 0.178762 0.078125 0.089433
2 0.670127 0.262027 0.061678 0.050370
2 0.615646 0.291838 0.078125 0.081209
2 0.713302 0.298006 0.067845 0.054482
2 0.778063 0.215255 0.065789 0.074013
2 0.236842 0.219367 0.083265 0.065789
2 0.203433 0.279502 0.051398 0.068873
2 0.287212 0.324733 0.068873 0.062706
2 0.426501 0.250206 0.061678 0.059622
0 0.467105 0.304688 0.093544 0.082237
2 0.168483 0.582751 0.067845 0.064762
