0 0.633272 0.519301 0.045956 0.051471
0 0.657169 0.318015 0.038603 0.049632
0 0.715074 0.318015 0.047794 0.049632
0 0.624081 0.331801 0.045956 0.040441
0 0.653493 0.369485 0.031250 0.034926
0 0.736213 0.374081 0.049632 0.036765
0 0.742647 0.423713 0.047794 0.047794
0 0.731618 0.486213 0.044118 0.047794
0 0.705882 0.513787 0.047794 0.047794
0 0.647978 0.472426 0.042279 0.045956
0 0.634191 0.437500 0.044118 0.034926
0 0.611213 0.458640 0.038603 0.036765
0 0.292279 0.142463 0.044118 0.058824
0 0.250919 0.126838 0.045956 0.056985
0 0.038603 0.920956 0.044118 0.053309
0 0.024816 0.878676 0.045956 0.038603
0 0.079963 0.882353 0.056985 0.031250
0 0.899816 0.772978 0.045956 0.047794
0 0.600184 0.554228 0.045956 0.055147
0 0.669118 0.562500 0.069853 0.045956
0 0.771140 0.470588 0.045956 0.049632
0 0.785846 0.409007 0.038603 0.051471
0 0.513787 0.739890 0.053309 0.036765
0 0.589154 0.493566 0.027574 0.033088
0 0.479779 0.762868 0.029412 0.027574
0 0.482537 0.571691 0.038603 0.038603
0 0.198529 0.824449 0.022059 0.036765
