0 0.579770 0.825658 0.047697 0.049342
0 0.530428 0.505757 0.064145 0.044408
0 0.314145 0.324013 0.055921 0.062500
0 0.421875 0.184211 0.044408 0.036184
0 0.376645 0.509046 0.065789 0.070724
0 0.769737 0.916118 0.055921 0.049342
0 0.946546 0.708882 0.067434 0.065789
0 0.844572 0.732730 0.057566 0.047697
0 0.527138 0.719572 0.070724 0.067434
0 0.303454 0.512336 0.041118 0.050987
0 0.370888 0.343750 0.064145 0.042763
2 0.318257 0.195724 0.037829 0.052632
2 0.351974 0.189145 0.039474 0.059211
2 0.388158 0.156250 0.032895 0.042763
2 0.363487 0.259046 0.052632 0.060855
2 0.367599 0.300164 0.041118 0.044408
2 0.260691 0.485197 0.054276 0.049342
2 0.245888 0.515625 0.047697 0.047697
2 0.251645 0.538651 0.049342 0.050987
2 0.839638 0.684211 0.057566 0.055921
2 0.824836 0.936678 0.057566 0.054276
2 0.776316 0.972862 0.062500 0.037829
2 0.780428 0.800987 0.041118 0.042763
2 0.736842 0.821546 0.036184 0.050987
2 0.490132 0.810033 0.039474 0.057566
2 0.432566 0.847862 0.049342 0.044408
