0 0.188083 0.707556 0.100280 0.090951
0 0.197994 0.790345 0.099114 0.095616
0 0.102962 0.779268 0.104944 0.099114
0 0.097715 0.709888 0.094450 0.076959
0 0.120452 0.637593 0.076959 0.090951
2 0.624184 0.752449 0.051306 0.066465
2 0.539646 0.797341 0.073461 0.072295
2 0.585121 0.599114 0.071129 0.076959
2 0.546642 0.667327 0.064132 0.059468
2 0.552472 0.741954 0.085121 0.059468
2 0.637593 0.672575 0.066465 0.060634
2 0.048158 0.639925 0.072295 0.067631
2 0.031833 0.529734 0.058302 0.075793
2 0.041744 0.593867 0.071129 0.061800
2 0.449277 0.549557 0.051306 0.047808
2 0.510494 0.525070 0.043144 0.057136
