0 0.547212 0.394897 0.101169 0.077563
0 0.814748 0.430306 0.092176 0.071942
0 0.965265 0.572360 0.069469 0.072777
0 0.596111 0.591052 0.091052 0.067446
0 0.818683 0.947392 0.059577 0.089928
0 0.901304 0.938961 0.078687 0.075315
0 0.880508 0.872639 0.052833 0.043840
2 0.195369 0.357801 0.060701 0.052833
2 0.349933 0.593862 0.057329 0.057329
2 0.305531 0.626461 0.060701 0.066322
2 0.467963 0.620279 0.023606 0.040468
2 0.493817 0.673112 0.068570 0.033723
2 0.077338 0.595549 0.069694 0.071942
1 0.772594 0.496066 0.057329 0.066322
1 0.898494 0.500000 0.046088 0.042716
1 0.893435 0.557891 0.047212 0.064074
1 0.672549 0.890625 0.068570 0.097797
1 0.759667 0.898494 0.056205 0.057329
2 0.969312 0.810252 0.055081 0.053957
