0 0.251953 0.628255 0.074219 0.084635
0 0.082031 0.740234 0.098958 0.079427
0 0.034505 0.627593 0.069010 0.057314
0 0.112630 0.613281 0.076823 0.065104
2 0.255859 0.406901 0.055990 0.055990
2 0.235026 0.364583 0.066406 0.039062
0 0.175781 0.617188 0.065104 0.054688
0 0.332031 0.681641 0.078125 0.095052
0 0.281901 0.704427 0.092448 0.075521
2 0.225911 0.761068 0.066406 0.053385
2 0.238932 0.882161 0.055990 0.063802
1 0.194010 0.661458 0.049479 0.067708
0 0.687500 0.724609 0.075521 0.087240
0 0.842448 0.673828 0.057292 0.087240
2 0.901042 0.532552 0.054688 0.062500
2 0.832682 0.550130 0.050781 0.061198
