2 0.966502 0.093076 0.044964 0.049460
2 0.912545 0.080710 0.026978 0.044964
2 0.918165 0.128485 0.033723 0.032599
0 0.841165 0.186376 0.073067 0.049460
2 0.833296 0.229092 0.034847 0.047212
2 0.860836 0.215040 0.029227 0.032599
0 0.879946 0.246515 0.042716 0.043840
1 0.875450 0.302720 0.033723 0.028103
1 0.851281 0.335881 0.028103 0.031475
1 0.811376 0.342626 0.024730 0.031475
0 0.779339 0.353305 0.055081 0.034847
1 0.781025 0.401079 0.060701 0.033723
1 0.811376 0.427496 0.060701 0.039344
2 0.602855 0.158835 0.030351 0.037095
2 0.629834 0.043615 0.037095 0.044964
