1 0.730699 0.392463 0.045956 0.036765
0 0.704044 0.434743 0.051471 0.062500
2 0.750919 0.445772 0.038603 0.036765
2 0.694853 0.611213 0.055147 0.058824
2 0.647059 0.637868 0.055147 0.064338
2 0.695772 0.665441 0.060662 0.038603
2 0.749081 0.630515 0.053309 0.038603
2 0.784007 0.669118 0.049632 0.049632
2 0.746324 0.598346 0.040441 0.047794
2 0.779412 0.612132 0.044118 0.042279
2 0.852022 0.669118 0.053309 0.064338
2 0.874081 0.644301 0.049632 0.055147
2 0.962316 0.675551 0.045956 0.051471
2 0.855699 0.961397 0.045956 0.049632
2 0.817096 0.977941 0.049632 0.038603
