0 0.055619 0.185350 0.091743 0.097477
2 0.044868 0.110092 0.070241 0.053039
1 0.043435 0.272076 0.078842 0.070241
0 0.136611 0.185350 0.073108 0.123280
2 0.093607 0.343750 0.075975 0.067374
0 0.089306 0.419008 0.096044 0.080275
0 0.052036 0.437643 0.078842 0.086009
1 0.327982 0.355218 0.068807 0.090310
1 0.469180 0.506451 0.090310 0.088876
0 0.665568 0.259174 0.044438 0.047305
0 0.593177 0.568807 0.094610 0.098911
0 0.665568 0.500717 0.107511 0.100344
1 0.641915 0.892775 0.088876 0.081709
2 0.351634 0.984518 0.055906 0.021502
