0 0.087629 0.707796 0.083763 0.082152
0 0.549130 0.966334 0.059601 0.064433
0 0.535438 0.855187 0.077320 0.054768
1 0.484697 0.694104 0.088595 0.070876
2 0.025290 0.618175 0.050580 0.074539
2 0.026095 0.718669 0.052191 0.079736
2 0.330863 0.342139 0.080541 0.066044
2 0.230992 0.458119 0.067655 0.049936
2 0.276901 0.512081 0.053157 0.051546
2 0.086018 0.280928 0.090206 0.082152
2 0.489530 0.917204 0.072487 0.066044
2 0.478254 0.973582 0.072487 0.049936
2 0.283344 0.370329 0.066044 0.048325
2 0.020457 0.401110 0.040915 0.044751
