0 0.105545 0.082567 0.044424 0.058211
0 0.153033 0.753523 0.053615 0.067402
0 0.244179 0.531403 0.045956 0.052083
0 0.383578 0.555913 0.052083 0.049020
0 0.825521 0.826287 0.059743 0.059743
0 0.809436 0.773438 0.055147 0.052083
0 0.867647 0.787990 0.052083 0.056679
0 0.869945 0.712163 0.065870 0.055147
0 0.942708 0.673100 0.036765 0.047488
0 0.988971 0.752482 0.022059 0.050000
0 0.970282 0.584252 0.045956 0.047488
0 0.738205 0.215839 0.053615 0.055147
0 0.729779 0.159926 0.030637 0.056679
1 0.833946 0.629442 0.036765 0.042892
1 0.979013 0.637359 0.041973 0.046470
1 0.894455 0.837010 0.053615 0.053615
2 0.898284 0.764246 0.045956 0.045956
2 0.937347 0.818627 0.041360 0.053615
2 0.589614 0.936581 0.047488 0.044424
2 0.554381 0.878370 0.044424 0.038297
