0 0.445913 0.248689 0.050262 0.074301
0 0.523492 0.251967 0.056818 0.056818
0 0.731097 0.180398 0.069930 0.064467
0 0.964379 0.176027 0.040428 0.060096
0 0.253059 0.669362 0.068837 0.045892
0 0.191871 0.760599 0.029502 0.040428
0 0.226836 0.848011 0.038243 0.038243
0 0.268903 0.816871 0.048077 0.056818
0 0.056381 0.879698 0.033872 0.033872
0 0.042177 0.903737 0.029502 0.029502
0 0.096809 0.903737 0.042614 0.038243
0 0.869865 0.904283 0.045892 0.039336
0 0.902098 0.925044 0.053540 0.041521
0 0.897181 0.882976 0.037150 0.033872
0 0.979677 0.630573 0.027316 0.038243
0 0.954545 0.319165 0.053540 0.051355
0 0.583588 0.645323 0.039336 0.041521
2 0.491805 0.205529 0.052448 0.051355
2 0.886801 0.302229 0.064467 0.059003
2 0.947443 0.272727 0.037150 0.048077
2 0.969843 0.288024 0.038243 0.041521
