2 0.436927 0.582425 0.043005 0.065940
2 0.509318 0.604644 0.055906 0.061640
2 0.564507 0.642632 0.080275 0.071674
2 0.407540 0.634748 0.067374 0.064507
2 0.297162 0.489249 0.067374 0.063073
2 0.349484 0.439794 0.051606 0.044438
2 0.307196 0.661984 0.055906 0.061640
2 0.367403 0.692087 0.061640 0.078842
1 0.329415 0.733658 0.045872 0.041571
2 0.270642 0.689937 0.071674 0.060206
2 0.226204 0.746560 0.137615 0.087443
2 0.274943 0.756594 0.037271 0.038704
2 0.036984 0.722907 0.045872 0.028670
1 0.024799 0.670585 0.021502 0.047305
