0 0.610795 0.620739 0.072443 0.073864
0 0.573153 0.679688 0.093750 0.075284
0 0.580966 0.760653 0.075284 0.066761
0 0.438210 0.953125 0.051136 0.048295
2 0.820312 0.850852 0.045455 0.036932
2 0.818892 0.879972 0.056818 0.038352
2 0.939631 0.763494 0.059659 0.058239
2 0.686790 0.682528 0.056818 0.044034
2 0.482244 0.516335 0.053977 0.061080
1 0.549716 0.629261 0.055398 0.056818
1 0.674006 0.647017 0.056818 0.058239
1 0.698864 0.779119 0.052557 0.049716
1 0.687500 0.803267 0.049716 0.055398
1 0.686790 0.860795 0.093750 0.059659
1 0.665483 0.977273 0.071023 0.045455
