1 0.167266 0.515737 0.047212 0.051709
1 0.230216 0.550022 0.033723 0.046088
2 0.168390 0.572504 0.035971 0.041592
2 0.193683 0.612410 0.030351 0.040468
2 0.405576 0.523044 0.044964 0.039344
1 0.683228 0.857464 0.060701 0.031475
1 0.422999 0.715265 0.055081 0.043840
1 0.474146 0.711331 0.053957 0.033723
1 0.407262 0.872077 0.048336 0.044964
1 0.359487 0.896246 0.065198 0.052833
1 0.956385 0.584308 0.038219 0.047212
1 0.724258 0.482014 0.037095 0.022482
1 0.671425 0.705148 0.043840 0.046088
2 0.632082 0.683228 0.046088 0.038219
0 0.724258 0.904676 0.073067 0.040468
0 0.781587 0.515175 0.048336 0.075315
0 0.046425 0.909735 0.059577 0.041592
