2 0.032343 0.477054 0.051355 0.050262
2 0.047094 0.559003 0.045892 0.065559
2 0.059659 0.512019 0.038243 0.050262
2 0.070586 0.462303 0.044799 0.053540
2 0.274913 0.691761 0.055726 0.060096
2 0.303322 0.730004 0.049170 0.055726
2 0.370520 0.757321 0.048077 0.055726
2 0.415319 0.761145 0.043706 0.074301
2 0.507102 0.827251 0.061189 0.077579
2 0.667177 0.750765 0.060096 0.077579
2 0.808129 0.862216 0.055726 0.062281
2 0.286385 0.799934 0.056818 0.053540
2 0.296766 0.856753 0.062281 0.057911
2 0.243772 0.861123 0.043706 0.042614
2 0.078234 0.763877 0.068837 0.055726
2 0.073864 0.704327 0.033872 0.037150
2 0.022509 0.755682 0.033872 0.045892
2 0.089707 0.833260 0.065559 0.063374
2 0.176027 0.938156 0.065559 0.054633
0 0.656796 0.961101 0.083042 0.072115
0 0.484703 0.738199 0.081949 0.065559
