0 0.453912 0.059915 0.161871 0.115782
2 0.505058 0.129047 0.088804 0.089928
2 0.517986 0.270121 0.101169 0.102293
2 0.372415 0.263377 0.129272 0.136016
2 0.486511 0.385904 0.110162 0.100045
2 0.310589 0.621965 0.106790 0.140513
2 0.429744 0.615782 0.138264 0.155126
2 0.054856 0.888939 0.103417 0.114658
2 0.110499 0.909173 0.100045 0.121403
2 0.245953 0.932217 0.157374 0.122527
2 0.657936 0.589928 0.097797 0.078687
2 0.618031 0.628147 0.062950 0.051709
2 0.610162 0.693907 0.094424 0.070818
2 0.664119 0.667491 0.085432 0.087680
2 0.725944 0.716951 0.080935 0.069694
2 0.683228 0.437612 0.074191 0.066322
2 0.802945 0.511241 0.064074 0.092176
2 0.863647 0.641637 0.039344 0.049460
2 0.901304 0.673674 0.076439 0.120279
2 0.977630 0.645647 0.044739 0.151905
2 0.919290 0.601169 0.078687 0.074191
2 0.915917 0.145908 0.139388 0.139388
