0 0.039709 0.162619 0.068670 0.087580
0 0.048666 0.238754 0.088575 0.080613
0 0.068073 0.597034 0.055732 0.060709
0 0.143710 0.597034 0.073646 0.070661
0 0.267118 0.386545 0.065685 0.063694
0 0.554240 0.103901 0.032842 0.067675
0 0.578125 0.192476 0.044785 0.067675
0 0.573149 0.368631 0.060709 0.061704
0 0.518412 0.477110 0.050756 0.043790
0 0.551254 0.563197 0.044785 0.058718
0 0.510947 0.676154 0.057723 0.043790
0 0.597034 0.692576 0.062699 0.074642
0 0.611963 0.815983 0.070661 0.064689
0 0.663217 0.531847 0.067675 0.097532
0 0.801055 0.537321 0.058718 0.062699
0 0.760748 0.591561 0.063694 0.063694
0 0.739849 0.565187 0.053742 0.060709
0 0.691083 0.390525 0.055732 0.061704
0 0.734873 0.420880 0.059713 0.070661
1 0.342257 0.295482 0.078623 0.048766
1 0.392018 0.248706 0.056728 0.058718
1 0.595541 0.093949 0.045780 0.069666
1 0.735370 0.496019 0.048766 0.053742
1 0.715963 0.806031 0.077627 0.090565
1 0.514431 0.734375 0.082604 0.062699
1 0.174064 0.423865 0.088575 0.066680
2 0.235768 0.481588 0.036823 0.036823
2 0.289510 0.502986 0.048766 0.047771
2 0.295482 0.547771 0.042795 0.051752
2 0.347731 0.535330 0.049761 0.054737
2 0.296477 0.917994 0.088575 0.063694
