0 0.455598 0.875450 0.061826 0.044964
0 0.437612 0.908611 0.082059 0.043840
0 0.433678 0.954137 0.067446 0.051709
0 0.535971 0.891749 0.056205 0.039344
0 0.582621 0.903552 0.055081 0.047212
0 0.481452 0.931093 0.055081 0.048336
0 0.526416 0.931093 0.048336 0.048336
0 0.565760 0.943458 0.055081 0.046088
0 0.497752 0.970998 0.049460 0.031475
0 0.542154 0.970998 0.055081 0.033723
0 0.620841 0.960881 0.059577 0.047212
0 0.591614 0.419065 0.041592 0.042716
0 0.572504 0.376911 0.050585 0.046088
0 0.619155 0.487635 0.042716 0.038219
0 0.607352 0.487635 0.086556 0.058453
0 0.673112 0.448291 0.078687 0.062950
0 0.654564 0.390962 0.055081 0.049460
0 0.711893 0.415130 0.055081 0.064074
0 0.705148 0.478080 0.032599 0.034847
1 0.782149 0.452788 0.060701 0.042716
0 0.855778 0.514051 0.041592 0.043840
0 0.845099 0.465715 0.056205 0.050585
0 0.800135 0.493817 0.069694 0.039344
0 0.881632 0.501124 0.043840 0.051709
0 0.929969 0.518548 0.043840 0.055081
1 0.808566 0.526416 0.059577 0.043840
1 0.970998 0.467963 0.051709 0.055081
0 0.706272 0.974933 0.068570 0.034847
