2 0.607537 0.794118 0.053309 0.075368
2 0.664522 0.768382 0.053309 0.060662
2 0.687500 0.741728 0.073529 0.058824
2 0.657169 0.703125 0.060662 0.055147
2 0.353860 0.761949 0.064338 0.066176
2 0.153493 0.966912 0.064338 0.060662
2 0.297794 0.653493 0.040441 0.051471
2 0.374081 0.198529 0.071691 0.056985
2 0.057904 0.159007 0.060662 0.066176
2 0.094669 0.190257 0.049632 0.044118
2 0.721507 0.164522 0.056985 0.062500
2 0.765625 0.180147 0.056985 0.053309
0 0.165441 0.493566 0.069853 0.062500
0 0.462316 0.575368 0.068015 0.060662
0 0.403493 0.267463 0.079044 0.084559
0 0.448529 0.229779 0.069853 0.075368
0 0.502757 0.287684 0.086397 0.088235
0 0.499081 0.421875 0.075368 0.069853
0 0.439338 0.319853 0.066176 0.079044
0 0.949449 0.963235 0.086397 0.068015
1 0.942096 0.885110 0.079044 0.066176
