0 0.593048 0.564080 0.063202 0.061447
0 0.956900 0.705846 0.060569 0.050035
0 0.706724 0.902037 0.050035 0.068469
0 0.370962 0.781777 0.054424 0.047402
2 0.394663 0.793627 0.056180 0.048279
2 0.505706 0.852001 0.060569 0.063202
2 0.442065 0.886236 0.038624 0.038624
2 0.312588 0.866046 0.044768 0.049157
2 0.259919 0.793627 0.053546 0.044768
2 0.119031 0.963922 0.057935 0.046524
2 0.931004 0.968311 0.042135 0.032479
1 0.932321 0.750614 0.043013 0.046524
1 0.981039 0.764221 0.035112 0.033357
1 0.986570 0.597404 0.026861 0.052603
2 0.974017 0.669856 0.038624 0.043013
