0 0.379596 0.717831 0.060662 0.055147
0 0.412684 0.695772 0.042279 0.036765
1 0.493566 0.251838 0.056985 0.053309
0 0.110294 0.045037 0.051471 0.047794
0 0.083640 0.066176 0.045956 0.049632
0 0.030331 0.061581 0.049632 0.069853
2 0.078125 0.089154 0.042279 0.040441
2 0.178309 0.035846 0.040441 0.047794
2 0.352941 0.151654 0.033088 0.044118
2 0.402574 0.204963 0.040441 0.040441
2 0.461397 0.187500 0.033088 0.045956
2 0.499081 0.859375 0.038603 0.036765
2 0.045956 0.279412 0.033088 0.031250
0 0.011029 0.284926 0.022059 0.056985
