0 0.188305 0.232603 0.078930 0.078930
0 0.110180 0.228576 0.074098 0.067655
0 0.083548 0.016028 0.085481 0.032055
0 0.326031 0.027223 0.099871 0.048325
2 0.781089 0.195554 0.056379 0.053157
2 0.924452 0.280122 0.043492 0.048325
2 0.965528 0.306701 0.028995 0.049936
2 0.959890 0.260793 0.024162 0.035438
2 0.670747 0.133537 0.045103 0.038660
2 0.657055 0.092461 0.049936 0.040271
2 0.502416 0.028028 0.043492 0.040271
2 0.551615 0.028109 0.048187 0.056218
2 0.193943 0.111791 0.048325 0.049936
2 0.200387 0.174613 0.067655 0.059601
