1 0.364063 0.789062 0.060937 0.071875
1 0.436719 0.810937 0.071875 0.065625
1 0.353906 0.736719 0.068750 0.051562
0 0.381250 0.610156 0.089063 0.082812
0 0.332031 0.621875 0.062500 0.062500
0 0.401562 0.934375 0.070312 0.078125
2 0.407813 0.949219 0.045312 0.045312
2 0.379688 0.873437 0.054688 0.056250
2 0.267188 0.803125 0.048438 0.056250
2 0.145313 0.816406 0.070312 0.054688
2 0.160938 0.876563 0.048438 0.062500
2 0.200781 0.921875 0.050000 0.053125
2 0.182031 0.971094 0.046875 0.042188
2 0.266406 0.892969 0.043750 0.057813
2 0.315625 0.922656 0.051562 0.042188
2 0.328906 0.952344 0.059375 0.048438
2 0.391406 0.696094 0.050000 0.054688
2 0.442188 0.675781 0.045312 0.048438
2 0.479687 0.714063 0.048438 0.059375
2 0.434375 0.572656 0.054688 0.057813
2 0.327344 0.546094 0.065625 0.051562
2 0.275000 0.553906 0.051562 0.051562
2 0.227344 0.525000 0.056250 0.062500
2 0.155469 0.558594 0.050000 0.057813
2 0.198437 0.575000 0.054688 0.059375
2 0.156250 0.446094 0.070312 0.060937
2 0.265625 0.474219 0.054688 0.057813
2 0.025781 0.741406 0.046875 0.054688
2 0.471875 0.950000 0.057813 0.065625
