0 0.040538 0.492351 0.056818 0.054633
0 0.106097 0.528955 0.085227 0.073208
0 0.147072 0.480878 0.064467 0.086320
0 0.226289 0.447552 0.085227 0.078671
0 0.276552 0.481971 0.054633 0.077579
0 0.210992 0.526770 0.063374 0.075393
0 0.164554 0.562828 0.055726 0.060096
0 0.097356 0.612544 0.102710 0.076486
0 0.050918 0.571023 0.062281 0.054633
0 0.603802 0.153628 0.088505 0.080857
0 0.749126 0.677557 0.055726 0.077579
0 0.712522 0.947443 0.080857 0.073208
0 0.816871 0.964379 0.101617 0.063374
2 0.770433 0.889532 0.083042 0.068837
2 0.171110 0.401115 0.071023 0.062281
