0 0.458022 0.467351 0.066465 0.058302
0 0.773438 0.422458 0.065299 0.073461
0 0.833489 0.413130 0.085121 0.092118
0 0.877215 0.530900 0.072295 0.075793
1 0.920359 0.465602 0.067631 0.068797
2 0.898204 0.684235 0.034981 0.030317
0 0.940765 0.757113 0.057136 0.064132
0 0.947761 0.814832 0.054804 0.069963
2 0.909282 0.819496 0.038479 0.055970
1 0.534981 0.933769 0.038479 0.032649
0 0.540812 0.892957 0.073461 0.046642
2 0.260378 0.779851 0.048974 0.037313
0 0.326259 0.525070 0.050140 0.054804
0 0.035331 0.612523 0.051306 0.043144
0 0.087803 0.626516 0.053638 0.047808
0 0.111124 0.668493 0.055970 0.047808
2 0.051656 0.654501 0.046642 0.047808
2 0.076143 0.589785 0.058302 0.046642
2 0.034165 0.488340 0.055970 0.072295
0 0.027169 0.426539 0.044310 0.062966
2 0.230644 0.167094 0.047808 0.054804
2 0.180504 0.154851 0.050140 0.058302
2 0.139692 0.060984 0.061800 0.052472
0 0.478428 0.022505 0.041978 0.031483
0 0.481343 0.053405 0.047808 0.044310
0 0.955340 0.330924 0.041978 0.044310
0 0.985833 0.132929 0.028335 0.037780
1 0.910448 0.081973 0.026819 0.033815
1 0.964086 0.098881 0.059468 0.046642
2 0.925606 0.178755 0.043144 0.050140
2 0.951259 0.286614 0.047808 0.053638
1 0.546642 0.395056 0.052472 0.072295
0 0.604944 0.390975 0.052472 0.068797
2 0.542561 0.455107 0.055970 0.061800
0 0.487174 0.447528 0.057136 0.067631
2 0.214319 0.710471 0.047808 0.031483
2 0.165928 0.740788 0.032649 0.029151
2 0.144356 0.704058 0.033815 0.032649
0 0.172924 0.785098 0.055970 0.054804
2 0.228895 0.829408 0.023321 0.040812
2 0.208489 0.941348 0.057136 0.033815
2 0.822411 0.486590 0.027985 0.054804
0 0.772271 0.480177 0.046642 0.060634
