0 0.808099 0.205656 0.134243 0.154049
0 0.528609 0.047205 0.193662 0.085827
0 0.283781 0.117628 0.133143 0.149648
0 0.340449 0.139635 0.125440 0.156250
0 0.102773 0.084067 0.096831 0.106734
0 0.264525 0.468640 0.145246 0.147447
0 0.271127 0.863666 0.167254 0.160651
0 0.144586 0.926386 0.154049 0.096831
0 0.086818 0.963248 0.122139 0.047315
0 0.328895 0.624340 0.089129 0.102333
1 0.270026 0.568772 0.116637 0.138644
2 0.188050 0.592980 0.093530 0.127641
2 0.102223 0.868068 0.133143 0.077025
2 0.180348 0.500550 0.115537 0.118838
2 0.515955 0.264525 0.111136 0.104533
1 0.508803 0.352003 0.125440 0.105634
1 0.184749 0.141835 0.122139 0.118838
