0 0.926063 0.212468 0.056379 0.051546
0 0.936534 0.284149 0.054768 0.043492
0 0.911566 0.361469 0.059601 0.056379
0 0.868073 0.370329 0.040271 0.045103
0 0.825387 0.401740 0.054768 0.043492
0 0.762564 0.079575 0.057990 0.043492
0 0.808473 0.106959 0.030606 0.053157
0 0.731959 0.113402 0.045103 0.043492
0 0.707796 0.066688 0.048325 0.053157
0 0.635309 0.680412 0.054768 0.049936
0 0.557990 0.779478 0.041881 0.045103
0 0.792365 0.964723 0.066044 0.054768
0 0.943782 0.938144 0.088595 0.059601
0 0.710213 0.930896 0.069265 0.048325
0 0.583763 0.909149 0.048325 0.056379
0 0.620812 0.938144 0.051546 0.037049
0 0.162532 0.806057 0.066044 0.056379
0 0.095202 0.975918 0.069915 0.048164
0 0.397450 0.987999 0.078404 0.024001
2 0.384826 0.950226 0.056379 0.032216
2 0.542687 0.884182 0.056379 0.054768
2 0.209246 0.752899 0.072487 0.043492
