1 0.465167 0.702030 0.043790 0.051752
0 0.463674 0.757265 0.062699 0.050756
2 0.522890 0.743830 0.073646 0.061704
2 0.540804 0.691083 0.071656 0.045780
2 0.519904 0.606986 0.053742 0.040804
2 0.533838 0.565187 0.067675 0.068670
2 0.632365 0.566680 0.047771 0.061704
2 0.707504 0.582106 0.070661 0.042795
2 0.668193 0.530354 0.073646 0.048766
2 0.743332 0.742834 0.082604 0.029857
2 0.721437 0.791600 0.046775 0.037818
2 0.776174 0.794586 0.056728 0.029857
2 0.720442 0.830912 0.032842 0.026871
2 0.768213 0.829916 0.048766 0.032842
