0 0.208573 0.401316 0.065789 0.055510
0 0.259457 0.384868 0.064762 0.051398
0 0.253803 0.450658 0.065789 0.051398
0 0.304174 0.472245 0.055510 0.049342
0 0.245066 0.503084 0.062706 0.049342
0 0.169511 0.465049 0.055510 0.063734
0 0.237356 0.660876 0.082237 0.062706
0 0.181846 0.591488 0.051398 0.071957
0 0.082134 0.525185 0.043174 0.060650
0 0.131476 0.659334 0.069901 0.067845
0 0.764186 0.406970 0.033923 0.044202
0 0.808902 0.467105 0.047286 0.037007
0 0.857216 0.472759 0.049342 0.060650
0 0.764186 0.511822 0.044202 0.035979
0 0.821238 0.521073 0.034951 0.050370
0 0.776007 0.639803 0.034951 0.049342
1 0.877775 0.433697 0.051398 0.044202
1 0.908100 0.550370 0.044202 0.039062
1 0.292352 0.321135 0.060650 0.051398
2 0.108861 0.580181 0.041118 0.047286
2 0.259457 0.573499 0.066817 0.048314
2 0.133018 0.515933 0.023643 0.035979
2 0.752364 0.463507 0.065789 0.040090
2 0.796053 0.411595 0.038035 0.037007
1 0.827919 0.424445 0.054482 0.062706
2 0.903988 0.608964 0.064762 0.041118
2 0.781147 0.577097 0.045230 0.045230
