0 0.317334 0.219537 0.086556 0.055081
0 0.816434 0.664681 0.075315 0.068570
0 0.888939 0.668615 0.044964 0.078687
0 0.780463 0.175697 0.061826 0.066322
0 0.365108 0.022257 0.078687 0.035971
0 0.648943 0.107127 0.064074 0.059577
2 0.121740 0.249888 0.084308 0.048336
2 0.091951 0.272370 0.067446 0.046088
2 0.294852 0.535409 0.037095 0.055081
2 0.219537 0.669739 0.064074 0.049460
2 0.274618 0.695031 0.043840 0.066322
2 0.077338 0.734375 0.049460 0.050585
2 0.150967 0.739996 0.070818 0.050585
2 0.307779 0.760229 0.044964 0.037095
2 0.820369 0.595549 0.076439 0.076439
2 0.845661 0.533161 0.064074 0.064074
2 0.782149 0.522482 0.024730 0.038219
2 0.796763 0.426933 0.069694 0.053957
2 0.781025 0.363984 0.056205 0.051709
2 0.870391 0.264501 0.046088 0.055081
1 0.654002 0.235274 0.080935 0.050585
0 0.460094 0.188624 0.073067 0.031475
0 0.410634 0.137478 0.064074 0.050585
2 0.454474 0.093638 0.066322 0.034847
