1 0.040568 0.173165 0.070241 0.061640
2 0.341600 0.085722 0.078842 0.073108
2 0.388905 0.042718 0.081709 0.078842
2 0.366686 0.164564 0.108945 0.093177
2 0.094323 0.272076 0.131881 0.104644
2 0.052752 0.359518 0.097477 0.081709
2 0.063503 0.426892 0.104644 0.107511
2 0.138761 0.533687 0.117546 0.111812
2 0.095757 0.568807 0.074541 0.081709
2 0.025516 0.702838 0.045872 0.100344
2 0.097190 0.727208 0.129014 0.131881
2 0.588159 0.302896 0.110378 0.114679
2 0.779530 0.342317 0.086009 0.081709
2 0.942231 0.428326 0.093177 0.107511
2 0.654100 0.392489 0.096044 0.090310
2 0.703555 0.454845 0.074541 0.077408
0 0.711439 0.530103 0.061640 0.053039
2 0.803899 0.539421 0.108945 0.114679
2 0.896359 0.609662 0.090310 0.103211
0 0.780963 0.594610 0.097477 0.087443
2 0.835436 0.674169 0.088876 0.086009
1 0.308630 0.912127 0.098911 0.097477
2 0.682053 0.854788 0.063073 0.068807
1 0.814650 0.843320 0.078842 0.088876
1 0.737242 0.923595 0.075975 0.080275
