0 0.545103 0.323615 0.061211 0.038660
0 0.520941 0.272874 0.074098 0.049936
0 0.462146 0.332474 0.059601 0.053157
0 0.469394 0.370329 0.067655 0.041881
0 0.962307 0.888209 0.064433 0.053157
0 0.955863 0.742429 0.045103 0.038660
0 0.984375 0.836695 0.031250 0.050000
2 0.334085 0.350999 0.038660 0.035438
2 0.366302 0.329253 0.041881 0.049936
2 0.410599 0.346972 0.046714 0.046714
2 0.581347 0.289787 0.030606 0.048325
2 0.771424 0.396102 0.053157 0.032216
2 0.764175 0.442010 0.057990 0.049936
2 0.923647 0.390464 0.035438 0.040271
2 0.979543 0.340564 0.040915 0.050007
2 0.937339 0.330863 0.037049 0.046714
2 0.953447 0.696521 0.056379 0.059601
2 0.973099 0.654199 0.053802 0.049054
2 0.892236 0.700548 0.037049 0.038660
2 0.897068 0.755316 0.053157 0.038660
2 0.897068 0.670747 0.046714 0.049936
2 0.817332 0.665110 0.064433 0.028995
2 0.858409 0.550741 0.040271 0.048325
2 0.889820 0.607120 0.048325 0.032216
2 0.828608 0.597455 0.038660 0.041881
2 0.808473 0.619201 0.049936 0.046714
2 0.762564 0.667526 0.038660 0.030606
2 0.754510 0.699742 0.061211 0.046714
