0 0.321135 0.707134 0.122327 0.105880
0 0.221937 0.700966 0.111020 0.105880
0 0.227076 0.633635 0.129523 0.106908
0 0.180818 0.893709 0.078125 0.076069
0 0.237870 0.860300 0.081209 0.093544
0 0.299034 0.876234 0.086349 0.090461
0 0.256373 0.916838 0.081209 0.079153
0 0.501028 0.385382 0.079153 0.070929
2 0.493832 0.282586 0.070929 0.066817
2 0.690687 0.033306 0.067845 0.063734
2 0.025082 0.084704 0.046258 0.067845
2 0.203433 0.078536 0.055510 0.055510
2 0.253803 0.187500 0.059622 0.053454
2 0.466077 0.247122 0.054482 0.057566
2 0.081620 0.844881 0.066817 0.058594
2 0.139186 0.828947 0.050370 0.057566
2 0.366365 0.835115 0.081209 0.067845
2 0.383326 0.766242 0.059622 0.055510
2 0.353516 0.935855 0.063734 0.069901
2 0.100637 0.967722 0.094572 0.049342
2 0.075452 0.920436 0.072985 0.061678
2 0.031301 0.963634 0.062603 0.059574
2 0.024568 0.907586 0.037007 0.072985
2 0.190584 0.519531 0.085321 0.069901
