0 0.191220 0.097284 0.120908 0.096726
0 0.069382 0.173549 0.081845 0.078125
0 0.113095 0.157738 0.065104 0.076265
0 0.193080 0.180060 0.083705 0.061384
0 0.172619 0.256324 0.068824 0.076265
0 0.064732 0.326079 0.068824 0.052083
0 0.147507 0.335379 0.085565 0.085565
0 0.217262 0.304688 0.068824 0.057664
0 0.307478 0.273996 0.052083 0.055804
0 0.276786 0.353981 0.102307 0.063244
0 0.195871 0.391183 0.063244 0.048363
0 0.239583 0.431176 0.057664 0.050223
0 0.186570 0.440476 0.044643 0.046503
0 0.248884 0.469308 0.087426 0.033482
0 0.290737 0.406994 0.059524 0.065104
0 0.225632 0.535342 0.085565 0.072545
0 0.102865 0.473958 0.085565 0.057664
0 0.147507 0.550223 0.085565 0.072545
0 0.047991 0.508371 0.050223 0.055804
0 0.055432 0.576265 0.076265 0.065104
0 0.115885 0.591146 0.055804 0.046503
1 0.059152 0.256324 0.053943 0.072545
1 0.108445 0.238653 0.055804 0.078125
2 0.239583 0.256324 0.042783 0.046503
2 0.270275 0.228423 0.052083 0.061384
0 0.030320 0.040551 0.052083 0.072545
