2 0.427609 0.340883 0.067374 0.070241
2 0.524369 0.344467 0.054472 0.045872
2 0.592460 0.396072 0.053039 0.054472
2 0.790281 0.256307 0.061640 0.067374
2 0.670585 0.425459 0.065940 0.070241
2 0.558773 0.462729 0.054472 0.061640
2 0.603211 0.492116 0.051606 0.060206
2 0.749427 0.635464 0.077408 0.045872
2 0.840453 0.729358 0.047305 0.047305
2 0.920728 0.715023 0.041571 0.047305
2 0.890625 0.744409 0.044438 0.045872
2 0.889192 0.787414 0.075975 0.060206
2 0.872706 0.864822 0.071674 0.068807
0 0.720040 0.478498 0.073108 0.075975
1 0.795298 0.449111 0.057339 0.077408
2 0.816084 0.329415 0.053039 0.061640
0 0.740826 0.341600 0.106078 0.094610
0 0.492833 0.509318 0.094610 0.083142
0 0.440510 0.544438 0.084576 0.078842
0 0.670585 0.631164 0.108945 0.088876
0 0.661267 0.930046 0.061640 0.058773
0 0.621130 0.952265 0.070241 0.060206
1 0.489966 0.876290 0.034404 0.063073
2 0.673452 0.983802 0.077408 0.025803
