0 0.540468 0.018885 0.038219 0.031475
0 0.950202 0.131857 0.039344 0.064074
0 0.864771 0.333071 0.046088 0.046088
0 0.443795 0.379159 0.053957 0.048336
0 0.403889 0.259442 0.082059 0.024730
1 0.146470 0.016075 0.034847 0.030351
1 0.441547 0.076776 0.031475 0.039344
2 0.393210 0.091389 0.024730 0.037095
2 0.389838 0.114433 0.024730 0.033723
2 0.430868 0.112747 0.037095 0.046088
2 0.503372 0.106003 0.062950 0.034847
2 0.476394 0.063287 0.038219 0.046088
2 0.503934 0.040243 0.034847 0.038219
2 0.925472 0.064411 0.059577 0.048336
2 0.703462 0.316210 0.026978 0.021358
2 0.634892 0.119492 0.026978 0.016862
