0 0.171978 0.303911 0.062086 0.040356
0 0.074193 0.355132 0.087955 0.068295
0 0.033320 0.299255 0.047599 0.057947
0 0.788183 0.227856 0.052773 0.033113
0 0.877173 0.242343 0.046565 0.051738
0 0.924772 0.268729 0.069329 0.034147
0 0.957885 0.643315 0.063121 0.056912
0 0.964611 0.815604 0.035182 0.043460
0 0.762831 0.832161 0.070364 0.066225
0 0.303394 0.681084 0.064156 0.074503
0 0.240791 0.626242 0.067260 0.047599
0 0.189052 0.646937 0.067260 0.053808
0 0.266660 0.724027 0.065190 0.044495
0 0.138866 0.910286 0.072434 0.063121
1 0.758175 0.720923 0.044495 0.056912
1 0.783009 0.186983 0.034147 0.046565
