2 0.015482 0.041284 0.025803 0.027236
2 0.036984 0.071388 0.045872 0.035837
2 0.082139 0.107225 0.030103 0.047305
2 0.124427 0.052752 0.037271 0.055906
2 0.132311 0.124427 0.035837 0.050172
2 0.107942 0.163847 0.038704 0.060206
2 0.158114 0.176032 0.053039 0.047305
2 0.229071 0.145212 0.045872 0.048739
2 0.295728 0.121560 0.038704 0.035837
2 0.297162 0.153096 0.050172 0.035837
2 0.274943 0.181049 0.034404 0.048739
2 0.304329 0.209719 0.041571 0.040138
2 0.262758 0.255591 0.027236 0.022936
2 0.297878 0.274226 0.040138 0.022936
2 0.252724 0.208286 0.035837 0.031537
2 0.236239 0.230505 0.025803 0.021502
2 0.220470 0.188217 0.031537 0.028670
2 0.221904 0.228354 0.031537 0.028670
2 0.273509 0.241256 0.037271 0.031537
