0 0.418403 0.340856 0.062500 0.068287
0 0.417824 0.386574 0.077546 0.048611
0 0.127894 0.335069 0.069444 0.056713
0 0.192130 0.403935 0.061343 0.037037
0 0.184606 0.564236 0.069444 0.045139
0 0.438079 0.794560 0.067130 0.084491
0 0.453704 0.869213 0.070602 0.064815
0 0.524306 0.863426 0.068287 0.055556
1 0.583333 0.552083 0.056713 0.055556
1 0.683449 0.551505 0.027778 0.063657
1 0.503472 0.706597 0.063657 0.068287
2 0.293981 0.414931 0.049769 0.042824
2 0.050347 0.437500 0.050926 0.055556
2 0.096065 0.502894 0.059028 0.033565
2 0.033565 0.508102 0.052083 0.050926
2 0.028356 0.545139 0.048611 0.055556
2 0.063657 0.619213 0.059028 0.046296
2 0.562500 0.505787 0.054398 0.046296
2 0.553241 0.583912 0.056713 0.056713
2 0.497106 0.818866 0.053241 0.047454
2 0.494792 0.357060 0.050926 0.038194
2 0.237847 0.331597 0.046296 0.045139
2 0.644676 0.560764 0.047454 0.065972
