2 0.103192 0.287545 0.074191 0.060701
2 0.374101 0.180755 0.062950 0.069694
2 0.414568 0.200427 0.056205 0.070818
2 0.672549 0.197617 0.082059 0.069694
2 0.719762 0.173449 0.059577 0.061826
2 0.754047 0.159397 0.058453 0.060701
2 0.681542 0.312837 0.052833 0.043840
2 0.722010 0.338129 0.055081 0.056205
0 0.847347 0.262815 0.078687 0.087680
0 0.916479 0.244829 0.070818 0.087680
0 0.688287 0.279114 0.082059 0.066322
0 0.765850 0.281924 0.070818 0.071942
0 0.765288 0.336443 0.065198 0.073067
0 0.467401 0.594424 0.076439 0.085432
2 0.551147 0.528665 0.055081 0.061826
2 0.543278 0.596673 0.048336 0.053957
2 0.340378 0.533161 0.071942 0.073067
2 0.373539 0.597797 0.079811 0.053957
0 0.397707 0.660184 0.076439 0.064074
0 0.231340 0.316772 0.076439 0.092176
0 0.168952 0.335881 0.079811 0.071942
2 0.187500 0.259442 0.058453 0.053957
0 0.330261 0.128485 0.078687 0.075315
0 0.410634 0.138602 0.061826 0.075315
0 0.320144 0.205486 0.098921 0.092176
2 0.450540 0.257756 0.067446 0.055081
