2 0.144097 0.324942 0.086806 0.066551
2 0.241030 0.218605 0.060764 0.056424
2 0.068142 0.539786 0.053530 0.050637
0 0.127459 0.565104 0.053530 0.072338
0 0.454427 0.745949 0.111400 0.112847
1 0.358941 0.745226 0.070891 0.070891
1 0.248264 0.688802 0.086806 0.079572
1 0.969184 0.094800 0.061632 0.072122
1 0.474682 0.848669 0.079572 0.081019
1 0.853733 0.794416 0.059317 0.065104
1 0.977141 0.912534 0.045718 0.081434
2 0.833478 0.466001 0.076678 0.088252
2 0.822627 0.401620 0.069444 0.057870
2 0.620804 0.519531 0.044850 0.050637
0 0.910880 0.464554 0.052083 0.079572
0 0.756800 0.465278 0.056424 0.089699
0 0.915220 0.659867 0.049190 0.088252
2 0.817564 0.698929 0.050637 0.050637
2 0.852286 0.646846 0.056424 0.065104
0 0.352431 0.908709 0.083912 0.082465
0 0.395833 0.837095 0.069444 0.078125
0 0.923900 0.957176 0.060764 0.075231
