2 0.344785 0.376863 0.064156 0.043460
2 0.375310 0.430153 0.050704 0.034147
2 0.479305 0.446192 0.053808 0.060017
2 0.240273 0.393419 0.053808 0.039321
2 0.280629 0.420323 0.043460 0.026904
2 0.227856 0.466887 0.045530 0.028974
2 0.165252 0.437397 0.052773 0.042425
2 0.132140 0.529491 0.050704 0.050704
2 0.581747 0.689880 0.047599 0.042425
2 0.649007 0.639694 0.035182 0.037252
2 0.528974 0.691432 0.031043 0.028974
2 0.557947 0.661424 0.031043 0.037252
2 0.763349 0.630381 0.042425 0.031043
2 0.805257 0.882864 0.035182 0.039321
2 0.769557 0.830608 0.030008 0.025869
2 0.908733 0.726614 0.045530 0.045530
0 0.950124 0.641763 0.064156 0.064156
0 0.905112 0.626759 0.048634 0.050704
0 0.735410 0.696606 0.054843 0.062086
