0 0.897859 0.362558 0.072338 0.072338
0 0.818287 0.130353 0.040509 0.039062
0 0.703993 0.205584 0.072338 0.056424
0 0.502170 0.199797 0.056424 0.047743
0 0.377749 0.399450 0.050637 0.056424
0 0.411024 0.374132 0.050637 0.052083
0 0.369068 0.437066 0.062211 0.053530
0 0.058738 0.359664 0.043403 0.046296
0 0.443576 0.707610 0.052083 0.062211
0 0.497106 0.756076 0.069444 0.057870
0 0.466001 0.867477 0.070891 0.040509
0 0.510127 0.918837 0.060764 0.047743
0 0.353154 0.809606 0.076678 0.060764
0 0.207031 0.725694 0.062211 0.054977
0 0.243200 0.833478 0.053530 0.053530
2 0.426939 0.787905 0.050637 0.046296
2 0.453704 0.651910 0.040509 0.040509
2 0.395110 0.727865 0.039062 0.047743
2 0.259838 0.677951 0.043403 0.052083
2 0.183160 0.787182 0.063657 0.065104
2 0.661314 0.302517 0.073785 0.065104
2 0.672164 0.251881 0.049190 0.041956
1 0.840712 0.084057 0.065104 0.047743
1 0.981771 0.262731 0.028935 0.057870
2 0.533275 0.144821 0.066551 0.053530
2 0.479745 0.146991 0.069444 0.043403
2 0.368345 0.189670 0.046296 0.041956
2 0.405237 0.295284 0.062211 0.050637
1 0.292390 0.029080 0.073785 0.053530
2 0.115162 0.359664 0.049190 0.043403
0 0.447917 0.827691 0.054977 0.027488
