0 0.076776 0.752361 0.077563 0.070818
0 0.155463 0.725382 0.082059 0.086556
0 0.585432 0.583746 0.074191 0.079811
0 0.596673 0.528103 0.085432 0.083183
1 0.619717 0.425809 0.057329 0.074191
1 0.757419 0.391524 0.080935 0.070818
1 0.701214 0.418503 0.044964 0.048336
1 0.659060 0.467401 0.068570 0.076439
1 0.663557 0.622527 0.066322 0.074191
1 0.570818 0.796201 0.056205 0.050585
1 0.610724 0.861960 0.104541 0.069694
1 0.124550 0.548898 0.071942 0.050585
1 0.226281 0.586556 0.059577 0.044964
1 0.201551 0.651754 0.066322 0.062950
1 0.340940 0.686601 0.061826 0.076439
1 0.281362 0.773719 0.050585 0.052833
1 0.403327 0.728192 0.080935 0.056205
1 0.455036 0.650629 0.051709 0.056205
1 0.404451 0.657936 0.069694 0.052833
