0 0.546088 0.588804 0.078687 0.087680
2 0.604541 0.588804 0.042716 0.047212
2 0.611286 0.517424 0.071942 0.050585
2 0.337567 0.731565 0.041592 0.040468
0 0.383094 0.765288 0.062950 0.060701
0 0.635454 0.770346 0.055081 0.068570
0 0.691097 0.826551 0.080935 0.088804
0 0.625337 0.840603 0.061826 0.067446
2 0.598359 0.758543 0.039344 0.060701
2 0.256070 0.287545 0.071942 0.083183
2 0.064411 0.158273 0.041592 0.033723
0 0.080710 0.720886 0.067446 0.075315
0 0.302720 0.642761 0.043840 0.087680
0 0.066097 0.449978 0.049460 0.052833
