2 0.222133 0.066688 0.069265 0.056379
2 0.239852 0.147229 0.091817 0.095039
2 0.319588 0.124678 0.074098 0.088595
2 0.599066 0.110180 0.072487 0.075709
2 0.679607 0.049774 0.069265 0.041881
2 0.783505 0.048969 0.067655 0.082152
2 0.815080 0.026498 0.107598 0.052996
2 0.669137 0.365496 0.064433 0.077320
2 0.723099 0.363080 0.062822 0.075709
2 0.873711 0.364691 0.054768 0.069265
2 0.728737 0.426707 0.086985 0.086985
2 0.660277 0.555573 0.069265 0.083763
2 0.535438 0.727932 0.061211 0.077320
2 0.486308 0.767397 0.085374 0.085374
2 0.712629 0.758537 0.064433 0.090206
2 0.956669 0.630477 0.066044 0.072487
2 0.974710 0.532758 0.050580 0.073571
2 0.524162 0.911566 0.099871 0.083763
2 0.620812 0.930090 0.080541 0.066044
2 0.913982 0.900290 0.064433 0.061211
2 0.832635 0.776256 0.062822 0.064433
2 0.868073 0.754510 0.053157 0.056379
2 0.162532 0.764175 0.072487 0.046714
0 0.383215 0.151256 0.085374 0.099871
0 0.032055 0.476643 0.056379 0.122423
0 0.101186 0.958199 0.139872 0.083602
0 0.245490 0.934923 0.070876 0.072487
0 0.765786 0.568460 0.093428 0.086985
0 0.938144 0.673969 0.103093 0.091817
0 0.929285 0.560406 0.107925 0.093428
0 0.675580 0.442010 0.103093 0.095039
0 0.756927 0.356637 0.072487 0.101482
0 0.886598 0.271263 0.090206 0.069265
0 0.842300 0.313950 0.082152 0.083763
0 0.927674 0.331669 0.085374 0.096649
0 0.830219 0.364691 0.083763 0.082152
0 0.716656 0.102126 0.114369 0.104704
2 0.714240 0.151256 0.080541 0.057990
