2 0.656250 0.790580 0.024730 0.032599
2 0.687163 0.786084 0.034847 0.039344
2 0.766412 0.808566 0.038219 0.032599
2 0.832172 0.734937 0.041592 0.035971
2 0.252136 0.559577 0.061826 0.053957
2 0.268997 0.598359 0.046088 0.043840
2 0.292041 0.584870 0.049460 0.039344
2 0.370166 0.562950 0.034847 0.056205
2 0.391524 0.628147 0.039344 0.020234
1 0.635454 0.747302 0.043840 0.051709
0 0.709083 0.739433 0.038219 0.049460
0 0.741120 0.770908 0.041592 0.031475
0 0.770346 0.769784 0.023606 0.047212
0 0.807442 0.791142 0.032599 0.049460
0 0.620279 0.671425 0.060701 0.037095
0 0.581497 0.573629 0.037095 0.046088
0 0.598359 0.597235 0.028103 0.025854
0 0.448853 0.681542 0.057329 0.050585
0 0.417941 0.731565 0.067446 0.049460
0 0.356115 0.713579 0.044964 0.047212
0 0.335319 0.638264 0.066322 0.058453
0 0.425247 0.588804 0.055081 0.049460
0 0.298786 0.534847 0.058453 0.069694
0 0.329699 0.568008 0.037095 0.028103
