0 0.285297 0.484825 0.067446 0.043840
0 0.374101 0.491007 0.056205 0.060701
1 0.328013 0.553395 0.060701 0.050585
0 0.299910 0.565198 0.065198 0.069694
0 0.464029 0.603979 0.044964 0.061826
0 0.412882 0.650067 0.052833 0.061826
0 0.443233 0.718638 0.061826 0.050585
1 0.351057 0.618031 0.032599 0.047212
1 0.520234 0.783273 0.042716 0.033723
0 0.595549 0.785522 0.062950 0.067446
0 0.666367 0.844537 0.069694 0.073067
0 0.582059 0.856902 0.065198 0.052833
0 0.515737 0.851281 0.051709 0.055081
0 0.130733 0.880508 0.070818 0.030351
0 0.105441 0.240895 0.051709 0.050585
0 0.253822 0.041367 0.031475 0.033723
0 0.060477 0.169514 0.038219 0.038219
