2 0.271263 0.021585 0.090206 0.040271
2 0.436372 0.309923 0.069265 0.066044
2 0.405767 0.343750 0.075709 0.069265
2 0.408183 0.408988 0.074098 0.077320
2 0.473421 0.367912 0.066044 0.059601
2 0.467784 0.433956 0.077320 0.056379
2 0.524162 0.296231 0.070876 0.051546
2 0.693299 0.301063 0.067655 0.061211
2 0.759343 0.316366 0.045103 0.062822
2 0.934117 0.241463 0.053157 0.061211
0 0.974710 0.223104 0.050580 0.085705
2 0.909955 0.335696 0.059601 0.053157
2 0.909149 0.373550 0.067655 0.054768
2 0.891430 0.423486 0.074098 0.054768
2 0.951031 0.424291 0.061211 0.062822
2 0.741624 0.459729 0.054768 0.059601
2 0.822970 0.622423 0.072487 0.075709
2 0.843911 0.686856 0.111147 0.066044
2 0.695715 0.731153 0.066044 0.054768
2 0.762564 0.735986 0.048325 0.064433
2 0.173003 0.634504 0.064433 0.070876
2 0.317171 0.534633 0.066044 0.057990
0 0.595844 0.476643 0.053157 0.061211
0 0.620812 0.521746 0.054768 0.041881
2 0.651418 0.391269 0.057990 0.035438
0 0.541881 0.827803 0.054768 0.057990
2 0.746456 0.844716 0.057990 0.056379
2 0.588595 0.843911 0.054768 0.051546
2 0.818943 0.446843 0.051546 0.078930
2 0.549130 0.202803 0.062822 0.064433
