2 0.977796 0.708111 0.044408 0.097142
2 0.893914 0.786184 0.087171 0.095395
2 0.055099 0.378289 0.067434 0.078947
2 0.090461 0.541941 0.075658 0.093750
2 0.319901 0.509046 0.083882 0.074013
2 0.289474 0.620066 0.088816 0.082237
2 0.087171 0.539474 0.078947 0.075658
2 0.222862 0.937500 0.070724 0.085526
2 0.208059 0.889803 0.090461 0.085526
2 0.409539 0.625822 0.085526 0.077303
2 0.439145 0.540296 0.085526 0.087171
2 0.379934 0.514803 0.069079 0.069079
0 0.770559 0.966283 0.110197 0.050987
0 0.164474 0.964638 0.049342 0.067434
1 0.552632 0.535362 0.125000 0.103618
