1 0.306479 0.096474 0.063073 0.086009
1 0.387471 0.101491 0.064507 0.070241
1 0.469897 0.117259 0.060206 0.075975
1 0.839019 0.161697 0.053039 0.053039
2 0.902093 0.202552 0.096044 0.091743
1 0.910694 0.145212 0.061640 0.043005
0 0.910694 0.079272 0.050172 0.043005
1 0.973767 0.237672 0.044438 0.078842
1 0.947964 0.292144 0.084576 0.090310
2 0.841886 0.310063 0.133314 0.094610
1 0.839736 0.500000 0.126147 0.098911
1 0.906393 0.579558 0.041571 0.057339
0 0.949398 0.500717 0.058773 0.071674
0 0.790998 0.480648 0.065940 0.063073
1 0.695671 0.472764 0.041571 0.047305
1 0.646216 0.439077 0.048739 0.057339
2 0.634748 0.568091 0.097477 0.091743
2 0.730075 0.545155 0.075975 0.071674
2 0.335149 0.553039 0.097477 0.104644
2 0.421158 0.583859 0.077408 0.074541
1 0.462013 0.541571 0.084576 0.055906
1 0.337299 0.859805 0.067374 0.090310
1 0.327265 0.955849 0.081709 0.070241
2 0.253440 0.912844 0.071674 0.090310
2 0.224054 0.823968 0.047305 0.058773
2 0.121560 0.535120 0.080275 0.146216
1 0.232655 0.567374 0.081709 0.087443
0 0.239822 0.636181 0.073108 0.053039
0 0.389622 0.684203 0.103211 0.060206
1 0.401089 0.759461 0.074541 0.075975
1 0.322964 0.775229 0.093177 0.078842
1 0.136611 0.427609 0.073108 0.086009
1 0.060636 0.465596 0.044438 0.090310
1 0.033400 0.342317 0.044438 0.055906
1 0.208286 0.198968 0.067374 0.044438
1 0.310780 0.186067 0.051606 0.055906
1 0.217603 0.132311 0.094610 0.054472
1 0.221187 0.157397 0.021502 0.027236
1 0.416141 0.173882 0.070241 0.057339
1 0.978068 0.608945 0.041571 0.067374
1 0.033400 0.277093 0.044438 0.043005
