0 0.810855 0.251645 0.095395 0.082237
0 0.763980 0.517270 0.100329 0.080592
0 0.458882 0.125000 0.095395 0.088816
1 0.530428 0.310855 0.080592 0.075658
1 0.733553 0.453125 0.088816 0.080592
2 0.427632 0.055099 0.072368 0.080592
2 0.481908 0.035362 0.055921 0.070724
2 0.833059 0.148026 0.060855 0.055921
2 0.888980 0.144737 0.064145 0.049342
2 0.888158 0.090461 0.065789 0.052632
2 0.634046 0.262336 0.077303 0.054276
2 0.843750 0.434211 0.072368 0.065789
2 0.781250 0.439967 0.046053 0.044408
2 0.806743 0.472862 0.050987 0.047697
1 0.666941 0.768914 0.064145 0.064145
1 0.657072 0.826480 0.087171 0.054276
1 0.716283 0.972862 0.120066 0.047697
