0 0.681250 0.803906 0.128125 0.110937
1 0.814844 0.496875 0.092188 0.103125
1 0.560937 0.610156 0.093750 0.095312
1 0.596094 0.677344 0.060937 0.070312
2 0.457813 0.932031 0.075000 0.054688
2 0.418750 0.975000 0.075000 0.046875
2 0.485938 0.880469 0.075000 0.051562
2 0.658594 0.632812 0.070312 0.084375
2 0.713281 0.685937 0.070312 0.100000
1 0.774219 0.714063 0.089063 0.112500
1 0.896094 0.637500 0.085938 0.096875
1 0.931250 0.432812 0.071875 0.078125
1 0.945312 0.547656 0.087500 0.085938
2 0.833594 0.617188 0.067187 0.075000
2 0.971875 0.685937 0.056250 0.071875
