0 0.170759 0.871094 0.046503 0.040923
0 0.161458 0.934338 0.065104 0.048363
0 0.284226 0.849702 0.057664 0.046503
0 0.296317 0.885975 0.052083 0.037202
0 0.234933 0.885975 0.055804 0.040923
0 0.217262 0.931548 0.035342 0.039062
0 0.191220 0.850632 0.050223 0.037202
0 0.305618 0.607887 0.026042 0.035342
0 0.293527 0.639509 0.031622 0.042783
0 0.334449 0.644159 0.035342 0.026042
0 0.318638 0.682292 0.022321 0.024182
0 0.331659 0.729725 0.052083 0.037202
0 0.335379 0.242374 0.052083 0.063244
0 0.393973 0.235863 0.046503 0.042783
0 0.337240 0.289807 0.029762 0.031622
0 0.404204 0.275856 0.070685 0.033482
0 0.849702 0.276786 0.050223 0.065104
0 0.975260 0.393043 0.026042 0.040923
0 0.943638 0.427455 0.037202 0.035342
0 0.915737 0.462798 0.048363 0.050223
0 0.930618 0.512091 0.055804 0.048363
0 0.966890 0.468378 0.061384 0.061384
