0 0.426933 0.501124 0.051709 0.049460
0 0.496066 0.513489 0.048336 0.029227
1 0.507307 0.558453 0.055081 0.044964
1 0.457284 0.532037 0.051709 0.046088
2 0.344312 0.576439 0.041592 0.040468
2 0.391524 0.583183 0.039344 0.035971
2 0.338692 0.675922 0.034847 0.030351
2 0.371853 0.660746 0.040468 0.038219
2 0.304969 0.706835 0.050585 0.044964
2 0.281362 0.621965 0.046088 0.034847
2 0.308903 0.653440 0.038219 0.041592
2 0.277990 0.664119 0.055081 0.042716
2 0.248201 0.636578 0.042716 0.048336
2 0.242019 0.672549 0.048336 0.039344
2 0.137478 0.697842 0.075315 0.062950
2 0.186376 0.711331 0.038219 0.038219
2 0.210544 0.717513 0.039344 0.037095
2 0.251012 0.745054 0.043840 0.040468
2 0.084645 0.799011 0.037095 0.042716
2 0.160522 0.755733 0.047212 0.046088
2 0.083521 0.774281 0.034847 0.033723
2 0.387028 0.704024 0.046088 0.050585
2 0.191996 0.827675 0.042716 0.043840
2 0.222909 0.766412 0.050585 0.042716
