0 0.804688 0.468040 0.134943 0.132102
0 0.891335 0.553977 0.140625 0.147727
0 0.928977 0.301136 0.130682 0.136364
0 0.643466 0.271307 0.122159 0.110795
0 0.577415 0.049006 0.117898 0.092330
0 0.928977 0.490057 0.113636 0.122159
1 0.605824 0.360085 0.126420 0.117898
1 0.889205 0.264915 0.099432 0.112216
1 0.905540 0.927557 0.112216 0.099432
2 0.790483 0.712358 0.083807 0.098011
2 0.872159 0.761364 0.102273 0.105114
2 0.541903 0.269886 0.100852 0.122159
2 0.683949 0.187500 0.086648 0.088068
2 0.857244 0.127841 0.083807 0.093750
2 0.941761 0.079545 0.090909 0.093750
2 0.823153 0.046875 0.095170 0.090909
2 0.733665 0.045455 0.095170 0.090909
2 0.646307 0.074574 0.093750 0.098011
2 0.568892 0.136364 0.086648 0.116477
2 0.607955 0.117188 0.088068 0.120739
2 0.711648 0.127131 0.096591 0.106534
2 0.963778 0.588778 0.055398 0.123580
