0 0.507031 0.735156 0.056250 0.067187
0 0.529687 0.873437 0.048438 0.065625
0 0.603906 0.900781 0.056250 0.045312
0 0.573438 0.912500 0.064062 0.056250
0 0.355469 0.691406 0.068750 0.054688
0 0.366406 0.548438 0.056250 0.059375
0 0.407813 0.588281 0.060937 0.067187
0 0.318750 0.532031 0.070312 0.064062
0 0.316406 0.574219 0.059375 0.067187
0 0.399219 0.449219 0.065625 0.060937
0 0.411719 0.478906 0.071875 0.054688
0 0.357812 0.391406 0.073438 0.060937
0 0.408594 0.363281 0.062500 0.048438
0 0.433594 0.391406 0.065625 0.048438
1 0.364844 0.171875 0.059375 0.059375
1 0.416406 0.250000 0.046875 0.056250
1 0.445312 0.737500 0.060937 0.068750
2 0.389062 0.152344 0.051562 0.042188
2 0.405469 0.200000 0.050000 0.050000
2 0.345313 0.265625 0.064062 0.046875
2 0.350781 0.309375 0.037500 0.043750
2 0.418750 0.312500 0.070312 0.059375
2 0.396094 0.275781 0.056250 0.042188
2 0.500781 0.370312 0.043750 0.040625
2 0.482031 0.391406 0.040625 0.042188
2 0.310937 0.380469 0.048438 0.060937
2 0.326562 0.436719 0.051562 0.048438
1 0.366406 0.503906 0.034375 0.048438
2 0.474219 0.647656 0.040625 0.051562
2 0.373437 0.620313 0.045312 0.040625
2 0.402344 0.672656 0.050000 0.048438
2 0.549219 0.750000 0.046875 0.059375
1 0.564844 0.861719 0.040625 0.035937
1 0.610938 0.861719 0.051562 0.054688
2 0.492188 0.285938 0.042188 0.053125
2 0.518750 0.266406 0.039062 0.039062
1 0.317188 0.207031 0.057813 0.057813
1 0.306250 0.158594 0.039062 0.070312
