1 0.847765 0.732747 0.167101 0.176866
2 0.578668 0.840712 0.128038 0.106337
0 0.069531 0.135156 0.125000 0.145313
0 0.045312 0.253906 0.076563 0.092188
0 0.056250 0.375781 0.092188 0.104688
0 0.270313 0.603906 0.157812 0.139063
0 0.440625 0.864062 0.114062 0.153125
2 0.525000 0.928125 0.148438 0.106250
2 0.522656 0.721094 0.081250 0.089063
1 0.235937 0.449219 0.085938 0.126562
2 0.866406 0.864844 0.156250 0.135937
2 0.969141 0.811235 0.058594 0.094346
0 0.168750 0.060156 0.104688 0.110937
1 0.162500 0.209375 0.129688 0.125000
