0 0.179758 0.607686 0.054899 0.052083
0 0.230434 0.619651 0.060529 0.050676
0 0.124859 0.606982 0.060529 0.056306
0 0.170608 0.678773 0.056306 0.047860
1 0.135417 0.735079 0.050676 0.045045
1 0.175535 0.737190 0.052083 0.054899
0 0.084741 0.778012 0.056306 0.046453
0 0.031954 0.925816 0.032376 0.043637
0 0.107967 0.936374 0.049268 0.056306
0 0.636543 0.770974 0.033784 0.040822
0 0.696368 0.765343 0.040822 0.054899
0 0.672438 0.811092 0.043637 0.045045
0 0.726633 0.816723 0.042230 0.045045
0 0.742821 0.860360 0.057714 0.053491
0 0.662584 0.854730 0.043637 0.050676
0 0.616132 0.820946 0.054899 0.045045
0 0.633727 0.891329 0.039414 0.036599
1 0.706926 0.550676 0.028153 0.039414
1 0.037584 0.737894 0.060529 0.042230
1 0.051661 0.842061 0.032376 0.033784
1 0.598536 0.863176 0.053491 0.042230
1 0.600648 0.775901 0.035191 0.036599
1 0.868102 0.739302 0.032376 0.036599
0 0.827984 0.735783 0.042230 0.035191
0 0.808981 0.759713 0.038007 0.038007
0 0.889921 0.711149 0.042230 0.050676
0 0.868102 0.864583 0.023930 0.016892
0 0.870918 0.941301 0.026745 0.040822
0 0.093187 0.858953 0.030968 0.030968
0 0.212838 0.545749 0.053491 0.049268
1 0.247325 0.571087 0.052083 0.040822
1 0.258587 0.536599 0.060529 0.047860
0 0.193834 0.518300 0.043637 0.033784
