0 0.167677 0.383979 0.131763 0.103778
0 0.111707 0.473181 0.099114 0.088619
0 0.065065 0.551889 0.101446 0.087453
0 0.543727 0.164762 0.104944 0.089785
0 0.486007 0.095965 0.078125 0.106110
0 0.932020 0.272038 0.121269 0.169076
0 0.644590 0.302355 0.099114 0.101446
0 0.642840 0.590951 0.104944 0.137593
0 0.550140 0.775770 0.108442 0.082789
0 0.504664 0.729711 0.115438 0.062966
0 0.953591 0.500000 0.057136 0.114272
0 0.895289 0.534981 0.085121 0.093284
1 0.817164 0.648088 0.073461 0.079291
2 0.741371 0.621852 0.059468 0.089785
2 0.704058 0.553055 0.092118 0.101446
2 0.800840 0.479011 0.066465 0.051306
2 0.858559 0.453358 0.083955 0.058302
1 0.568214 0.428871 0.109608 0.088619
1 0.644590 0.441698 0.087453 0.065299
1 0.637010 0.382229 0.079291 0.083955
2 0.529734 0.319846 0.081623 0.050140
2 0.560634 0.276119 0.047808 0.086287
1 0.078475 0.383396 0.065299 0.088619
1 0.181087 0.486590 0.097948 0.082789
2 0.803172 0.561800 0.064132 0.079291
0 0.632929 0.118703 0.087453 0.111940
1 0.539646 0.118120 0.082789 0.080457
2 0.541395 0.047575 0.081623 0.058302
