0 0.055845 0.796586 0.057870 0.054977
0 0.055845 0.859520 0.066551 0.056424
0 0.100694 0.832755 0.052083 0.052083
0 0.445023 0.792969 0.040509 0.056424
0 0.464554 0.741609 0.036169 0.034722
0 0.522425 0.737992 0.053530 0.047743
0 0.529659 0.781395 0.056424 0.036169
0 0.496383 0.827691 0.041956 0.036169
1 0.484809 0.781395 0.044850 0.036169
1 0.683738 0.808883 0.049190 0.059317
2 0.762587 0.858796 0.050637 0.037616
1 0.917390 0.727865 0.027488 0.033275
0 0.905093 0.677228 0.031829 0.050637
0 0.947772 0.720631 0.024595 0.039062
0 0.886285 0.749566 0.028935 0.033275
0 0.761140 0.789352 0.047743 0.063657
0 0.737992 0.805990 0.050637 0.062211
0 0.527488 0.698206 0.040509 0.034722
