0 0.532813 0.817187 0.104688 0.103125
0 0.478906 0.898438 0.100000 0.093750
0 0.443750 0.817969 0.085938 0.092188
0 0.292187 0.757031 0.085938 0.085938
0 0.219531 0.613281 0.090625 0.082812
0 0.031250 0.431250 0.060937 0.128125
0 0.036719 0.532813 0.071875 0.084375
2 0.090625 0.163281 0.064062 0.089063
2 0.067187 0.230469 0.064062 0.070312
2 0.040625 0.259375 0.045312 0.062500
2 0.096094 0.250781 0.062500 0.079687
1 0.096875 0.395313 0.073438 0.109375
2 0.026562 0.327344 0.048438 0.085938
2 0.073438 0.404687 0.051562 0.084375
2 0.232031 0.557813 0.093750 0.065625
2 0.288281 0.547656 0.056250 0.073438
2 0.339844 0.565625 0.081250 0.078125
1 0.334375 0.642188 0.082812 0.096875
2 0.271094 0.685156 0.071875 0.082812
2 0.215625 0.732031 0.082812 0.079687
2 0.197656 0.833594 0.065625 0.067187
2 0.156250 0.878906 0.079687 0.067187
2 0.211719 0.894531 0.059375 0.073438
2 0.118750 0.828125 0.064062 0.053125
2 0.114062 0.919531 0.064062 0.067187
2 0.099219 0.870313 0.062500 0.034375
2 0.124219 0.960938 0.071875 0.050000
2 0.327344 0.704688 0.053125 0.059375
2 0.360938 0.684375 0.032813 0.068750
2 0.607812 0.861719 0.070312 0.076563
1 0.562500 0.896094 0.060937 0.098437
0 0.564844 0.947656 0.068750 0.054688
