2 0.669144 0.448422 0.050061 0.050061
2 0.664593 0.514411 0.062197 0.063714
2 0.616050 0.467385 0.053095 0.054612
2 0.819326 0.653975 0.083434 0.075850
2 0.864078 0.785194 0.081917 0.086468
2 0.894417 0.876972 0.072816 0.063714
2 0.824636 0.854976 0.078883 0.095570
2 0.696450 0.692658 0.062197 0.059163
2 0.534132 0.654733 0.062197 0.047027
2 0.503034 0.701001 0.057646 0.048544
2 0.636529 0.691899 0.063714 0.069782
2 0.884557 0.650941 0.074333 0.075850
2 0.728307 0.748786 0.077367 0.068265
2 0.928550 0.812500 0.068265 0.062197
2 0.762439 0.820843 0.063714 0.084951
2 0.751820 0.650941 0.057646 0.060680
2 0.710862 0.212530 0.048544 0.048544
