0 0.477385 0.593544 0.101768 0.102796
0 0.420847 0.492804 0.109992 0.088405
0 0.792455 0.868010 0.076069 0.117188
0 0.568873 0.846937 0.068873 0.079153
0 0.699938 0.759560 0.082237 0.077097
0 0.916838 0.469675 0.086349 0.118215
2 0.261513 0.474301 0.079153 0.055510
2 0.296464 0.535979 0.079153 0.080181
2 0.421361 0.652652 0.061678 0.060650
2 0.637747 0.910670 0.105880 0.081209
2 0.553968 0.710732 0.059622 0.041118
2 0.569901 0.764700 0.058594 0.056538
2 0.634149 0.766756 0.080181 0.054482
2 0.618215 0.710732 0.064762 0.053454
2 0.645970 0.829975 0.079153 0.063734
2 0.711760 0.826377 0.070929 0.083265
2 0.726151 0.919922 0.058594 0.081209
2 0.647512 0.314967 0.074013 0.082237
2 0.597142 0.315481 0.055510 0.091488
2 0.938939 0.350432 0.079153 0.085321
2 0.927118 0.293380 0.078125 0.047286
