0 0.491569 0.363422 0.075315 0.075315
0 0.491007 0.437612 0.058453 0.068570
0 0.423561 0.425247 0.065198 0.057329
0 0.433116 0.324640 0.073067 0.051709
0 0.401641 0.267311 0.052833 0.062950
0 0.380845 0.365670 0.047212 0.034847
0 0.329699 0.382531 0.043840 0.055081
0 0.318458 0.512927 0.066322 0.057329
0 0.385904 0.496066 0.057329 0.073067
0 0.207734 0.511803 0.083183 0.061826
1 0.248763 0.448853 0.061826 0.068570
1 0.058228 0.480328 0.074191 0.077563
0 0.085769 0.424685 0.068570 0.069694
0 0.119492 0.343750 0.066322 0.053957
0 0.153777 0.405013 0.031475 0.064074
0 0.028440 0.402765 0.046088 0.059577
0 0.025067 0.199303 0.034847 0.073067
0 0.184690 0.447167 0.037095 0.044964
2 0.131295 0.469649 0.035971 0.049460
2 0.135791 0.533161 0.089928 0.066322
2 0.079586 0.572504 0.044964 0.048336
2 0.149843 0.625899 0.043840 0.042716
0 0.036308 0.548336 0.064074 0.042716
0 0.122864 0.694469 0.077563 0.071942
0 0.208858 0.650067 0.087680 0.052833
0 0.194807 0.727068 0.073067 0.076439
