0 0.442188 0.660156 0.095312 0.095312
0 0.496094 0.734375 0.090625 0.084375
0 0.591406 0.682813 0.087500 0.118750
0 0.476562 0.419531 0.092188 0.095312
0 0.435937 0.416406 0.110937 0.082812
0 0.538281 0.388281 0.093750 0.039062
0 0.421094 0.621875 0.112500 0.093750
0 0.350000 0.691406 0.104688 0.107813
0 0.389062 0.805469 0.123438 0.114062
0 0.175000 0.892188 0.123438 0.125000
0 0.223438 0.790625 0.120313 0.128125
0 0.260937 0.887500 0.104688 0.115625
0 0.057031 0.826562 0.106250 0.106250
0 0.183594 0.749219 0.093750 0.079687
0 0.249219 0.710938 0.103125 0.096875
0 0.085938 0.735156 0.092188 0.104688
0 0.030469 0.792188 0.059375 0.103125
0 0.059375 0.981250 0.092188 0.031250
0 0.139844 0.932813 0.109375 0.106250
0 0.213281 0.983594 0.096875 0.017188
0 0.103906 0.652344 0.084375 0.073438
0 0.019531 0.477344 0.037500 0.073438
0 0.032813 0.528906 0.057813 0.117188
0 0.136719 0.814063 0.081250 0.078125
0 0.035156 0.917188 0.068750 0.131250
