0 0.325781 0.650781 0.068750 0.073438
0 0.283594 0.710938 0.075000 0.068750
0 0.574219 0.505469 0.059375 0.064062
0 0.497656 0.489063 0.050000 0.062500
0 0.415625 0.142187 0.092188 0.087500
0 0.202344 0.134375 0.093750 0.093750
0 0.289062 0.112500 0.101562 0.081250
0 0.575000 0.100781 0.076563 0.048438
0 0.214844 0.442969 0.068750 0.054688
0 0.425781 0.431250 0.046875 0.046875
0 0.102344 0.707812 0.096875 0.081250
0 0.603125 0.800000 0.070312 0.062500
0 0.028906 0.379688 0.050000 0.081250
0 0.012500 0.296875 0.017188 0.059375
0 0.114844 0.110156 0.081250 0.057813
0 0.056250 0.098437 0.064062 0.050000
2 0.497656 0.139063 0.059375 0.065625
2 0.448437 0.203906 0.064062 0.057813
2 0.333594 0.221094 0.043750 0.035937
2 0.265625 0.175000 0.048438 0.053125
2 0.241406 0.496094 0.078125 0.079687
2 0.201563 0.704688 0.082812 0.078125
2 0.212500 0.756250 0.082812 0.053125
2 0.074219 0.336719 0.050000 0.057813
2 0.039062 0.294531 0.048438 0.051562
2 0.314844 0.374219 0.046875 0.051562
