0 0.475694 0.495949 0.165509 0.160880
0 0.500000 0.288773 0.146991 0.142361
0 0.605324 0.401620 0.172454 0.162037
0 0.382523 0.373843 0.159722 0.166667
0 0.375579 0.521991 0.118056 0.131944
0 0.560764 0.545139 0.162037 0.122685
0 0.792824 0.217014 0.190972 0.197917
0 0.855324 0.354167 0.130787 0.113426
0 0.925926 0.256366 0.109954 0.186343
0 0.739583 0.381944 0.135417 0.120370
0 0.932292 0.483218 0.111111 0.177083
0 0.762153 0.821181 0.162037 0.151620
0 0.665509 0.913194 0.165509 0.122685
2 0.614005 0.809606 0.134259 0.130787
0 0.864583 0.913194 0.170139 0.125000
0 0.157986 0.405671 0.178241 0.184028
0 0.277199 0.254630 0.178241 0.175926
2 0.100694 0.089699 0.130787 0.128472
2 0.176505 0.145833 0.108796 0.106481
2 0.215856 0.082176 0.097222 0.094907
0 0.083333 0.203704 0.103009 0.150463
0 0.101852 0.560185 0.151620 0.129630
0 0.124421 0.803819 0.185185 0.188657
