1 0.380845 0.150405 0.105665 0.085432
1 0.455598 0.211668 0.073067 0.093300
2 0.366794 0.220661 0.073067 0.066322
2 0.416817 0.304406 0.065198 0.074191
0 0.354429 0.328013 0.106790 0.092176
0 0.372415 0.415130 0.127023 0.095549
2 0.479204 0.414006 0.086556 0.075315
2 0.568008 0.434240 0.086556 0.084308
0 0.397145 0.484825 0.084308 0.050585
0 0.383656 0.574753 0.145009 0.140513
0 0.328575 0.686601 0.111286 0.116906
0 0.433116 0.750112 0.136016 0.113534
0 0.512927 0.646133 0.131520 0.143885
0 0.571380 0.754047 0.111286 0.114658
0 0.621965 0.834420 0.138264 0.088804
0 0.690535 0.732127 0.097797 0.104541
0 0.643885 0.661308 0.107914 0.133768
0 0.485387 0.503372 0.096673 0.098921
0 0.589366 0.530351 0.120279 0.134892
0 0.691659 0.568570 0.082059 0.130396
0 0.619717 0.398831 0.115782 0.125899
0 0.687163 0.466277 0.073067 0.101169
0 0.868143 0.528665 0.088804 0.106790
0 0.946268 0.584870 0.060701 0.113534
0 0.848471 0.620841 0.103417 0.100045
0 0.778215 0.562950 0.084308 0.098921
0 0.756857 0.663557 0.093300 0.084308
0 0.828237 0.734937 0.123651 0.107914
0 0.926034 0.698966 0.078687 0.094424
0 0.862522 0.788332 0.077563 0.093300
0 0.746178 0.771470 0.076439 0.088804
