0 0.398831 0.500000 0.092176 0.087680
0 0.462343 0.524730 0.091052 0.080935
0 0.728192 0.487635 0.085432 0.101169
0 0.739433 0.569694 0.083183 0.103417
0 0.750112 0.718638 0.077563 0.102293
0 0.643885 0.661308 0.083183 0.109038
0 0.527540 0.627023 0.075315 0.112410
0 0.590490 0.738309 0.073067 0.107914
2 0.403327 0.626461 0.060701 0.055081
2 0.256632 0.415692 0.068570 0.083183
2 0.617469 0.302158 0.059577 0.069694
2 0.525854 0.268435 0.080935 0.074191
2 0.458408 0.254946 0.051709 0.085432
0 0.514613 0.322392 0.103417 0.096673
0 0.482576 0.420189 0.079811 0.087680
