0 0.277199 0.161458 0.037616 0.043403
0 0.312645 0.187500 0.036169 0.037616
0 0.333203 0.156250 0.039844 0.039844
0 0.443359 0.139063 0.038281 0.038281
0 0.387109 0.158984 0.033594 0.031250
0 0.346484 0.201172 0.033594 0.040625
0 0.261328 0.130078 0.036719 0.034375
0 0.510938 0.132422 0.037500 0.040625
1 0.266797 0.206250 0.023438 0.025781
0 0.238672 0.160156 0.031250 0.033594
1 0.293795 0.217172 0.024790 0.026292
0 0.321214 0.225811 0.025541 0.036058
0 0.258864 0.220553 0.034555 0.030048
0 0.268630 0.254733 0.031550 0.032302
1 0.301683 0.255859 0.027043 0.028546
1 0.326097 0.258864 0.023287 0.027043
0 0.482347 0.167969 0.030799 0.037560
0 0.548828 0.126277 0.036058 0.032302
0 0.569486 0.140174 0.035306 0.033053
0 0.601788 0.139047 0.027794 0.030799
0 0.635968 0.171725 0.033053 0.036058
2 0.669772 0.174730 0.033053 0.036058
2 0.700195 0.193510 0.029297 0.034555
2 0.569862 0.184871 0.031550 0.027794
1 0.522912 0.231445 0.032302 0.032302
2 0.493239 0.249099 0.031550 0.027043
0 0.493239 0.214543 0.036058 0.034555
0 0.463567 0.230319 0.032302 0.034555
0 0.433894 0.255484 0.036058 0.033804
0 0.466947 0.275015 0.040565 0.038311
0 0.491361 0.295673 0.032302 0.036058
0 0.563852 0.218675 0.037560 0.033804
0 0.601037 0.222431 0.035306 0.035306
0 0.653621 0.249474 0.038311 0.039814
0 0.619066 0.276517 0.045823 0.044321
0 0.555213 0.305439 0.051833 0.049579
0 0.498122 0.355394 0.050331 0.048828
0 0.423002 0.333233 0.047326 0.048077
0 0.451547 0.364784 0.039814 0.039062
0 0.307317 0.381686 0.038311 0.039814
0 0.335487 0.409856 0.034555 0.045072
0 0.353516 0.378305 0.048077 0.040565
0 0.294546 0.418119 0.039814 0.036058
1 0.387320 0.447416 0.033053 0.025541
0 0.472581 0.395583 0.047326 0.027043
0 0.439904 0.407227 0.034555 0.036809
0 0.463942 0.430514 0.042067 0.038311
0 0.513522 0.436899 0.052584 0.045072
0 0.546199 0.348257 0.048828 0.037560
0 0.585637 0.334360 0.040565 0.041316
0 0.678035 0.281776 0.042067 0.039814
0 0.644231 0.300180 0.039062 0.039062
0 0.670147 0.339994 0.036809 0.036058
0 0.708459 0.328350 0.042819 0.041316
0 0.719727 0.301307 0.039814 0.039814
0 0.748272 0.256611 0.039814 0.043570
0 0.787710 0.269005 0.045072 0.042819
0 0.783954 0.191256 0.043570 0.036058
0 0.758789 0.205904 0.032302 0.035306
0 0.784706 0.228816 0.037560 0.033053
0 0.817383 0.236704 0.041316 0.038311
0 0.827148 0.278395 0.027794 0.037560
0 0.792218 0.312200 0.043570 0.042067
0 0.755784 0.315956 0.032302 0.034555
0 0.830153 0.326848 0.036809 0.039814
0 0.837290 0.294922 0.033053 0.031550
0 0.781325 0.346379 0.047326 0.032302
0 0.743765 0.371920 0.032302 0.032302
0 0.775316 0.379432 0.036809 0.036809
0 0.810622 0.379432 0.032302 0.035306
0 0.717097 0.405349 0.034555 0.036058
0 0.747897 0.407602 0.030048 0.037560
0 0.782076 0.415490 0.035306 0.032302
0 0.842548 0.407602 0.031550 0.036058
0 0.814002 0.414363 0.024038 0.030048
0 0.824519 0.459059 0.034555 0.035306
0 0.842924 0.484976 0.026292 0.036058
0 0.796349 0.477088 0.041316 0.039814
2 0.676157 0.387320 0.029297 0.027043
0 0.654372 0.445162 0.030799 0.033053
0 0.696815 0.444411 0.046575 0.043570
0 0.828275 0.524038 0.033053 0.033053
2 0.756535 0.450421 0.023287 0.025541
0 0.652118 0.501502 0.041316 0.040565
0 0.691556 0.503380 0.039062 0.047326
0 0.572115 0.453425 0.039062 0.037560
0 0.539814 0.467323 0.036058 0.032302
0 0.496995 0.482722 0.051082 0.046575
0 0.459435 0.460562 0.039062 0.033804
0 0.390325 0.478591 0.033053 0.033804
0 0.357647 0.475586 0.033804 0.032302
0 0.438777 0.498498 0.045823 0.042067
0 0.404597 0.515775 0.043570 0.037560
0 0.438026 0.541316 0.032302 0.030048
0 0.478966 0.517278 0.040565 0.042067
0 0.533053 0.532302 0.049579 0.043570
0 0.543570 0.497746 0.037560 0.025541
0 0.575120 0.487230 0.031550 0.030048
0 0.625826 0.536809 0.051833 0.046575
0 0.583008 0.554462 0.045823 0.044321
0 0.699069 0.556716 0.042067 0.045823
0 0.665264 0.541692 0.025541 0.042819
0 0.633338 0.591647 0.036809 0.033053
0 0.678035 0.595778 0.042067 0.038311
0 0.720853 0.594276 0.042067 0.039814
0 0.675406 0.658128 0.041316 0.041316
1 0.632963 0.635968 0.034555 0.034555
0 0.596905 0.636719 0.042067 0.039062
0 0.706581 0.661884 0.031550 0.041316
2 0.430889 0.637846 0.022536 0.023287
2 0.709961 0.763672 0.026292 0.027043
1 0.775691 0.783579 0.034555 0.039814
0 0.729117 0.796725 0.043570 0.039062
0 0.694186 0.811373 0.038311 0.038311
0 0.675406 0.860201 0.029297 0.041316
0 0.616436 0.814754 0.052584 0.042067
0 0.569486 0.777194 0.030799 0.034555
0 0.601788 0.774189 0.030799 0.034555
0 0.611929 0.675781 0.046575 0.040565
0 0.652494 0.696064 0.036058 0.042067
0 0.623197 0.741136 0.049579 0.045072
0 0.669772 0.746770 0.043570 0.045823
0 0.687049 0.700195 0.033053 0.036809
0 0.704703 0.720478 0.038311 0.038311
0 0.427509 0.770808 0.041316 0.036809
0 0.391076 0.780950 0.042067 0.039062
0 0.276893 0.750526 0.034555 0.035306
0 0.301307 0.720478 0.042819 0.035306
0 0.339994 0.740385 0.042067 0.034555
0 0.329477 0.777194 0.042067 0.036058
0 0.370042 0.706581 0.039062 0.039062
0 0.334736 0.705078 0.028546 0.027043
0 0.319336 0.675406 0.036809 0.033804
0 0.327599 0.627704 0.044321 0.043570
0 0.398588 0.570613 0.030048 0.033053
0 0.371169 0.571740 0.029297 0.036809
0 0.469952 0.558218 0.030048 0.033804
0 0.502629 0.561599 0.041316 0.045072
0 0.528170 0.579627 0.038311 0.040565
0 0.473708 0.596154 0.036058 0.036058
0 0.403471 0.619817 0.042819 0.038311
0 0.369291 0.627704 0.022536 0.034555
0 0.348633 0.666016 0.030799 0.036058
0 0.383188 0.665640 0.047326 0.035306
0 0.427509 0.668269 0.032302 0.037560
0 0.409480 0.689303 0.038311 0.021034
0 0.456806 0.651367 0.032302 0.033804
0 0.491361 0.651743 0.039814 0.045072
0 0.463191 0.685171 0.036058 0.029297
0 0.655496 0.203326 0.035169 0.028135
0 0.653989 0.140776 0.032154 0.024618
0 0.623342 0.152582 0.031150 0.029140
0 0.550492 0.168408 0.027130 0.026628
0 0.865253 0.313103 0.033662 0.037681
0 0.870277 0.351286 0.037681 0.030647
0 0.868268 0.493469 0.032657 0.038686
0 0.869775 0.448754 0.032657 0.033662
0 0.870529 0.394242 0.034164 0.041198
0 0.640926 0.779843 0.038183 0.029642
0 0.295016 0.123945 0.037681 0.028135
0 0.329682 0.123191 0.045719 0.029642
0 0.379672 0.124699 0.047227 0.027633
0 0.412580 0.131481 0.034666 0.035169
0 0.422377 0.170167 0.037178 0.034164
0 0.420117 0.280697 0.030647 0.038183
