0 0.220732 0.407299 0.076959 0.059468
0 0.143773 0.402635 0.079291 0.052472
0 0.156017 0.460354 0.080457 0.076959
0 0.344916 0.463853 0.089785 0.093284
0 0.551889 0.477262 0.095616 0.099114
0 0.611357 0.505830 0.027985 0.095616
0 0.607276 0.420126 0.036147 0.073461
0 0.582206 0.553055 0.053638 0.059468
0 0.614272 0.601446 0.024487 0.076959
0 0.568797 0.612523 0.073461 0.082789
0 0.551889 0.666161 0.060634 0.068797
0 0.604361 0.673741 0.051306 0.072295
0 0.598531 0.755364 0.055970 0.093284
0 0.543727 0.740205 0.069963 0.072295
0 0.555387 0.813083 0.074627 0.068797
0 0.610774 0.838736 0.036147 0.071129
0 0.524487 0.885378 0.073461 0.078125
0 0.474930 0.809002 0.093284 0.083955
0 0.484258 0.575793 0.090951 0.081623
0 0.464436 0.636427 0.081623 0.088619
0 0.397971 0.530900 0.086287 0.089785
0 0.386894 0.568797 0.066465 0.074627
0 0.378731 0.657416 0.087453 0.086287
0 0.428288 0.708722 0.051306 0.058302
0 0.437617 0.899370 0.100280 0.099114
0 0.346665 0.902285 0.076959 0.079291
0 0.223064 0.448111 0.058302 0.047808
0 0.266791 0.524487 0.103778 0.100280
0 0.312850 0.569963 0.083955 0.095616
0 0.124534 0.586870 0.113106 0.106110
0 0.179338 0.645756 0.087453 0.081623
0 0.400303 0.955340 0.072295 0.061800
0 0.024837 0.703475 0.048974 0.106110
0 0.098298 0.684818 0.100280 0.096782
0 0.156017 0.921525 0.085121 0.085121
0 0.094216 0.960005 0.092118 0.075793
0 0.043493 0.884795 0.083955 0.100280
0 0.022913 0.968219 0.045826 0.059365
0 0.038829 0.765858 0.072295 0.097948
0 0.076726 0.452775 0.075793 0.075793
1 0.048741 0.420126 0.073461 0.071129
2 0.391558 0.772271 0.059468 0.059468
0 0.605527 0.962920 0.046642 0.069963
