0 0.602508 0.312400 0.099522 0.106489
0 0.582604 0.420880 0.079618 0.082604
0 0.651771 0.409435 0.070661 0.077627
0 0.538814 0.515426 0.085589 0.096537
0 0.621915 0.501990 0.084594 0.077627
0 0.699542 0.497512 0.062699 0.082604
0 0.641819 0.572651 0.142317 0.073646
0 0.499005 0.585589 0.097532 0.083599
0 0.747313 0.394009 0.082604 0.080613
0 0.708997 0.308917 0.069666 0.065685
0 0.778662 0.297472 0.091561 0.082604
0 0.828424 0.402966 0.077627 0.082604
0 0.899582 0.369626 0.064689 0.075637
0 0.961783 0.376592 0.067675 0.093551
0 0.943869 0.247213 0.089570 0.093551
0 0.858280 0.207902 0.089570 0.086584
0 0.763734 0.192974 0.079618 0.094546
0 0.861266 0.124303 0.093551 0.078623
0 0.978901 0.163329 0.042197 0.077056
0 0.923467 0.151174 0.078623 0.084594
0 0.778165 0.051652 0.084594 0.090565
0 0.880175 0.032743 0.077627 0.054737
0 0.946357 0.071557 0.106489 0.088575
