0 0.067240 0.590414 0.075492 0.077247
0 0.196602 0.632737 0.097087 0.091019
0 0.346784 0.362712 0.078883 0.078883
0 0.405188 0.421875 0.089502 0.057646
0 0.098756 0.516687 0.086468 0.068265
0 0.269417 0.770783 0.103155 0.084951
0 0.182191 0.790504 0.074333 0.039442
0 0.067658 0.783677 0.081917 0.062197
0 0.290655 0.503792 0.094053 0.084951
0 0.119235 0.415807 0.051578 0.057646
0 0.048695 0.468143 0.037925 0.062197
2 0.180674 0.710862 0.074333 0.053095
0 0.398362 0.567506 0.112257 0.103155
0 0.346784 0.531857 0.051578 0.080400
0 0.372573 0.607706 0.084951 0.080400
0 0.383950 0.690382 0.098604 0.087985
0 0.346025 0.788987 0.050061 0.048544
0 0.394569 0.779885 0.062197 0.066748
0 0.474211 0.785194 0.109223 0.056129
0 0.483313 0.633495 0.124393 0.098604
0 0.580400 0.746511 0.127427 0.115291
0 0.577367 0.589502 0.121359 0.113774
0 0.469660 0.534891 0.094053 0.083434
0 0.419600 0.483313 0.084951 0.068265
0 0.459800 0.366505 0.110740 0.101638
0 0.497725 0.445388 0.086468 0.092536
0 0.697209 0.300516 0.136529 0.081917
0 0.702518 0.383950 0.125910 0.121359
0 0.628186 0.415807 0.098604 0.103155
0 0.582676 0.468902 0.086468 0.097087
0 0.695692 0.489381 0.109223 0.095570
0 0.771541 0.452973 0.081917 0.128944
0 0.684314 0.557646 0.116808 0.083434
0 0.776092 0.606948 0.087985 0.118325
0 0.858768 0.538683 0.101638 0.084951
0 0.874697 0.638046 0.115291 0.101638
2 0.930825 0.569782 0.066748 0.083434
0 0.801123 0.704035 0.119842 0.072816
0 0.877731 0.257282 0.106189 0.131978
0 0.942203 0.219357 0.065231 0.068265
0 0.946754 0.326305 0.050061 0.106189
0 0.883040 0.426426 0.080400 0.115291
0 0.133647 0.280036 0.037925 0.050061
0 0.196602 0.421875 0.051578 0.054612
