0 0.720324 0.340378 0.049460 0.053957
0 0.330823 0.846223 0.059577 0.060701
0 0.389276 0.844537 0.059577 0.064074
0 0.616906 0.607914 0.042716 0.053957
0 0.706272 0.588804 0.037095 0.049460
0 0.757981 0.279676 0.041592 0.058453
0 0.764726 0.348246 0.032599 0.058453
0 0.138602 0.909173 0.059577 0.060701
0 0.056542 0.909173 0.050585 0.060701
0 0.143660 0.975495 0.058453 0.040468
0 0.343750 0.909173 0.071942 0.044964
0 0.393210 0.965378 0.062950 0.038219
0 0.696718 0.674798 0.042716 0.043840
0 0.757419 0.505621 0.031475 0.035971
