0 0.602855 0.627585 0.086556 0.068570
0 0.691659 0.625899 0.079811 0.078687
0 0.288669 0.616344 0.069694 0.066322
0 0.268997 0.676484 0.073067 0.049460
0 0.582621 0.695594 0.086556 0.049460
2 0.614096 0.759667 0.073067 0.062950
2 0.679294 0.795076 0.050585 0.068570
2 0.969762 0.902811 0.060477 0.063716
0 0.881070 0.616906 0.049460 0.029227
0 0.863647 0.661871 0.061826 0.060701
0 0.941772 0.644447 0.056205 0.077563
0 0.922100 0.711893 0.048336 0.073067
0 0.854092 0.729879 0.069694 0.043840
0 0.678732 0.724258 0.080935 0.061826
0 0.522482 0.753485 0.056205 0.068570
0 0.541030 0.824303 0.073067 0.064074
0 0.621403 0.833858 0.071942 0.069694
0 0.481452 0.840603 0.064074 0.062950
0 0.551147 0.873201 0.066322 0.022482
0 0.570818 0.919852 0.056205 0.061826
0 0.640513 0.937275 0.060701 0.089928
0 0.711893 0.922100 0.068570 0.068570
0 0.895121 0.901866 0.082059 0.070818
0 0.828799 0.953575 0.050585 0.073067
0 0.896246 0.970436 0.068570 0.057329
0 0.969770 0.969762 0.055997 0.060477
0 0.727630 0.978867 0.070818 0.040468
0 0.533723 0.968750 0.033723 0.056205
0 0.583081 0.975382 0.044760 0.049236
0 0.645227 0.991120 0.054392 0.017761
0 0.380283 0.612972 0.095549 0.050585
0 0.961443 0.494942 0.064074 0.057329
