0 0.346591 0.570312 0.082386 0.080966
0 0.433949 0.549716 0.086648 0.076705
0 0.534091 0.394886 0.085227 0.071023
0 0.358665 0.363636 0.058239 0.053977
0 0.304688 0.398437 0.058239 0.055398
0 0.479403 0.252131 0.063920 0.046875
0 0.443892 0.475142 0.072443 0.066761
1 0.447443 0.313210 0.062500 0.061080
1 0.527699 0.321733 0.066761 0.066761
1 0.311790 0.469460 0.075284 0.072443
1 0.360085 0.428977 0.069602 0.062500
1 0.406960 0.397727 0.069602 0.068182
1 0.402699 0.459517 0.066761 0.066761
2 0.448864 0.407670 0.059659 0.071023
2 0.375710 0.498580 0.069602 0.059659
2 0.576705 0.355114 0.051136 0.051136
2 0.402699 0.607244 0.055398 0.049716
2 0.771307 0.614347 0.048295 0.055398
2 0.827415 0.649148 0.058239 0.053977
2 0.838068 0.578125 0.048295 0.053977
2 0.760653 0.586648 0.083807 0.073864
0 0.843040 0.723011 0.041193 0.073864
