0 0.510794 0.363281 0.078125 0.071957
0 0.441406 0.356600 0.060650 0.070929
0 0.372533 0.317023 0.066817 0.067845
0 0.289268 0.228104 0.064762 0.058594
0 0.035362 0.469161 0.050370 0.039062
0 0.021484 0.504626 0.039062 0.033923
0 0.404400 0.430099 0.083265 0.057566
0 0.358141 0.497944 0.072985 0.061678
0 0.433183 0.496402 0.075041 0.066817
0 0.399260 0.554482 0.068873 0.061678
0 0.357627 0.625411 0.057566 0.074013
0 0.376131 0.694285 0.053454 0.059622
0 0.440378 0.717414 0.070929 0.056538
0 0.483553 0.669613 0.062706 0.055510
0 0.483553 0.549856 0.079153 0.077097
0 0.534951 0.509766 0.050370 0.070929
0 0.482011 0.474815 0.063734 0.068873
0 0.561678 0.562706 0.058594 0.069901
0 0.522101 0.604852 0.061678 0.061678
0 0.556024 0.274363 0.051398 0.044202
2 0.308285 0.291324 0.061678 0.069901
2 0.323705 0.361225 0.061678 0.067845
2 0.466591 0.616674 0.065789 0.058594
2 0.420847 0.654708 0.070929 0.060650
0 0.500000 0.290296 0.046258 0.059622
0 0.465049 0.415193 0.058594 0.050370
