0 0.625925 0.330387 0.141859 0.137747
0 0.377673 0.247636 0.132607 0.136719
0 0.284128 0.226049 0.138775 0.122327
0 0.210115 0.338096 0.114104 0.134663
0 0.302632 0.346320 0.120271 0.122327
0 0.510794 0.309827 0.123355 0.129523
0 0.360711 0.443976 0.145970 0.132607
0 0.237356 0.454770 0.139803 0.135691
0 0.461965 0.507710 0.144942 0.144942
0 0.328331 0.559108 0.159334 0.138775
0 0.914268 0.721012 0.116160 0.139803
0 0.445518 0.661390 0.126439 0.104852
0 0.538035 0.755962 0.134663 0.113076
0 0.416735 0.755962 0.120271 0.108964
0 0.375617 0.846423 0.124383 0.115132
0 0.498458 0.867496 0.119243 0.103824
0 0.639803 0.519017 0.136719 0.118215
0 0.553968 0.603824 0.102796 0.069901
0 0.631065 0.793483 0.088405 0.114104
0 0.478413 0.400802 0.140831 0.091488
