0 0.703781 0.406578 0.131119 0.156250
0 0.691215 0.568291 0.105988 0.136582
0 0.835992 0.580310 0.150787 0.149694
0 0.930015 0.744466 0.139969 0.202655
0 0.967712 0.631031 0.064576 0.174649
0 0.962795 0.473754 0.074410 0.104850
0 0.983556 0.310966 0.032889 0.107072
2 0.792286 0.270542 0.128934 0.113636
2 0.678649 0.283108 0.096154 0.088505
2 0.872050 0.378715 0.126748 0.137675
2 0.908108 0.331184 0.111451 0.101617
2 0.584135 0.559550 0.116914 0.099432
2 0.521307 0.675372 0.109266 0.095061
2 0.698317 0.741477 0.120192 0.091783
2 0.499454 0.792832 0.107080 0.115822
2 0.619100 0.812500 0.110358 0.137675
2 0.357408 0.799934 0.139860 0.121285
2 0.363418 0.944712 0.138767 0.098339
2 0.518029 0.960009 0.157343 0.063374
