0 0.172656 0.623437 0.068750 0.068750
0 0.160938 0.679688 0.060937 0.056250
0 0.056250 0.646094 0.064062 0.070312
0 0.330469 0.638281 0.059375 0.070312
0 0.275781 0.678906 0.056250 0.057813
0 0.227344 0.690625 0.056250 0.043750
0 0.191406 0.746094 0.053125 0.064062
0 0.237500 0.739844 0.064062 0.060937
0 0.286719 0.772656 0.056250 0.064062
0 0.296094 0.834375 0.059375 0.065625
0 0.198437 0.799219 0.039062 0.051562
0 0.053125 0.765625 0.032813 0.062500
0 0.009375 0.871875 0.017188 0.046875
0 0.342187 0.525781 0.070312 0.060937
0 0.662500 0.637500 0.064062 0.071875
0 0.536719 0.685937 0.053125 0.090625
0 0.345313 0.943750 0.054688 0.050000
0 0.293750 0.946875 0.054688 0.056250
0 0.404687 0.495312 0.035937 0.053125
0 0.273438 0.542188 0.045312 0.056250
1 0.335156 0.708594 0.062500 0.054688
1 0.342187 0.793750 0.051562 0.059375
1 0.104688 0.691406 0.048438 0.042188
1 0.236719 0.792188 0.043750 0.059375
1 0.589063 0.666406 0.067187 0.067187
1 0.694531 0.691406 0.040625 0.051562
1 0.090625 0.597656 0.048438 0.057813
1 0.106250 0.650781 0.057813 0.064062
1 0.375781 0.746094 0.046875 0.051562
2 0.223438 0.512500 0.054688 0.056250
2 0.592187 0.620313 0.048438 0.046875
2 0.641406 0.702344 0.037500 0.067187
2 0.610156 0.728125 0.068750 0.056250
2 0.686719 0.787500 0.046875 0.059375
2 0.355469 0.835938 0.050000 0.043750
2 0.391406 0.803906 0.040625 0.048438
2 0.431250 0.828125 0.029687 0.046875
2 0.348438 0.896094 0.051562 0.048438
2 0.391406 0.878125 0.040625 0.040625
2 0.271094 0.917188 0.046875 0.040625
2 0.271875 0.857812 0.051562 0.050000
2 0.082031 0.723437 0.050000 0.050000
2 0.022656 0.712500 0.025000 0.037500
2 0.012891 0.664937 0.025781 0.033000
2 0.092188 0.545312 0.048438 0.040625
2 0.039844 0.591406 0.043750 0.035937
2 0.198437 0.558594 0.045312 0.045312
2 0.155469 0.535156 0.034375 0.039062
2 0.141406 0.554688 0.046875 0.040625
2 0.207813 0.597656 0.042188 0.045312
2 0.232813 0.641406 0.045312 0.048438
2 0.269531 0.592969 0.050000 0.051562
2 0.285156 0.719531 0.037500 0.042188
2 0.378906 0.667969 0.040625 0.051562
2 0.404687 0.660937 0.032813 0.034375
2 0.376563 0.705469 0.035937 0.035937
