0 0.585156 0.203906 0.079687 0.085938
0 0.714063 0.148438 0.093750 0.096875
0 0.686719 0.220312 0.070312 0.065625
0 0.650781 0.262500 0.051562 0.062500
1 0.588281 0.278125 0.054688 0.068750
0 0.626563 0.323437 0.071875 0.059375
0 0.703125 0.304688 0.065625 0.096875
0 0.758594 0.264844 0.051562 0.076563
1 0.747656 0.205469 0.045312 0.048438
0 0.797656 0.165625 0.070312 0.071875
0 0.865625 0.117969 0.062500 0.064062
0 0.857031 0.187500 0.048438 0.071875
0 0.906250 0.164062 0.050000 0.062500
0 0.811719 0.244531 0.067187 0.060937
0 0.653906 0.400781 0.076563 0.079687
0 0.585156 0.411719 0.060937 0.076563
0 0.797656 0.029687 0.082812 0.056250
0 0.873437 0.028906 0.065625 0.054688
0 0.934375 0.039844 0.046875 0.070312
0 0.786719 0.074219 0.048438 0.045312
0 0.831250 0.073438 0.040625 0.043750
1 0.878906 0.067187 0.039062 0.034375
1 0.787500 0.109375 0.056250 0.046875
1 0.630469 0.175781 0.064062 0.070312
1 0.551562 0.359375 0.037500 0.046875
1 0.528125 0.404687 0.062500 0.071875
