0 0.373539 0.562950 0.077563 0.074191
0 0.438737 0.515175 0.079811 0.077563
0 0.498314 0.639388 0.079811 0.080935
0 0.578125 0.681542 0.088804 0.064074
0 0.522482 0.528103 0.087680 0.096673
0 0.612972 0.517986 0.084308 0.080935
0 0.453350 0.393772 0.075315 0.075315
0 0.517986 0.366794 0.094424 0.086556
0 0.507869 0.447729 0.074191 0.068570
0 0.579249 0.443233 0.095549 0.091052
0 0.652878 0.461219 0.074191 0.091052
0 0.423561 0.606790 0.096673 0.080935
0 0.735499 0.579249 0.079811 0.075315
0 0.781587 0.638826 0.082059 0.075315
0 0.814748 0.580935 0.092176 0.092176
0 0.773156 0.452788 0.092176 0.078687
0 0.621403 0.310027 0.103417 0.076439
0 0.623651 0.369042 0.105665 0.075315
0 0.690535 0.358363 0.086556 0.076439
0 0.689973 0.421313 0.096673 0.069694
2 0.719200 0.288107 0.085432 0.057329
0 0.773719 0.336443 0.077563 0.070818
0 0.796763 0.387028 0.080935 0.077563
0 0.832172 0.347684 0.070818 0.086556
2 0.763040 0.517986 0.080935 0.056205
2 0.433678 0.581497 0.069694 0.057329
1 0.610162 0.628710 0.076439 0.073067
1 0.825989 0.480328 0.067446 0.073067
