2 0.943051 0.801706 0.085321 0.068873
2 0.958470 0.923006 0.070929 0.066817
2 0.752364 0.852590 0.078125 0.080181
2 0.719470 0.890625 0.063734 0.053454
2 0.678351 0.938425 0.055510 0.052426
2 0.371505 0.069285 0.085321 0.086349
2 0.443462 0.126850 0.077097 0.088405
2 0.527755 0.134046 0.077097 0.084293
2 0.557052 0.042044 0.096628 0.070929
2 0.709704 0.029194 0.105880 0.057566
2 0.891653 0.163343 0.083265 0.083265
2 0.868524 0.382812 0.076069 0.088405
2 0.785259 0.447060 0.086349 0.079153
2 0.861328 0.493832 0.086349 0.084293
2 0.762644 0.545744 0.074013 0.068873
2 0.715358 0.571443 0.067845 0.075041
2 0.741571 0.686061 0.075041 0.078125
2 0.677323 0.843339 0.059622 0.047286
2 0.476871 0.697368 0.071957 0.078125
2 0.655736 0.690687 0.059622 0.070929
2 0.653166 0.594058 0.066817 0.058594
2 0.688117 0.638261 0.062706 0.054482
2 0.249692 0.321649 0.059622 0.048314
2 0.297492 0.357627 0.062706 0.052426
