0 0.803398 0.361195 0.121359 0.136529
0 0.835255 0.467385 0.045510 0.103155
0 0.962379 0.330037 0.075243 0.068144
0 0.904278 0.371814 0.068265 0.084951
0 0.863319 0.261074 0.068265 0.100121
2 0.764715 0.494691 0.125910 0.112257
2 0.064624 0.604672 0.084951 0.113774
2 0.066141 0.519721 0.100121 0.074333
0 0.133647 0.697967 0.104672 0.121359
0 0.211013 0.632737 0.074333 0.094053
0 0.195085 0.514411 0.091019 0.103155
0 0.085103 0.480279 0.086468 0.110740
0 0.029733 0.149575 0.051578 0.138046
1 0.671420 0.393052 0.094053 0.087985
0 0.883799 0.062348 0.045510 0.069782
