2 0.100515 0.043331 0.070876 0.074098
2 0.154478 0.068299 0.075709 0.062822
2 0.164948 0.041720 0.074098 0.077320
2 0.204414 0.098905 0.078930 0.075709
2 0.255254 0.037774 0.093229 0.075548
2 0.135148 0.135148 0.078930 0.080541
2 0.188305 0.160116 0.075709 0.069265
2 0.267236 0.165754 0.072487 0.074098
2 0.209246 0.220522 0.072487 0.074098
2 0.198776 0.276901 0.099871 0.070876
2 0.138370 0.272068 0.066044 0.061211
2 0.135148 0.337307 0.066044 0.082152
2 0.371939 0.241463 0.088595 0.093428
2 0.399323 0.336501 0.085374 0.074098
2 0.401740 0.303479 0.077320 0.075709
2 0.317977 0.298647 0.061211 0.075709
2 0.279317 0.376772 0.090206 0.086985
2 0.364691 0.404961 0.074098 0.082152
2 0.177835 0.418653 0.080541 0.080541
2 0.253544 0.421070 0.090206 0.075709
2 0.275290 0.449259 0.088595 0.074098
2 0.316366 0.516914 0.067655 0.077320
2 0.246295 0.532216 0.069265 0.075709
2 0.339723 0.577320 0.075709 0.075709
2 0.363885 0.563628 0.046714 0.067655
2 0.208441 0.493557 0.057990 0.062822
2 0.152062 0.503222 0.080541 0.066044
2 0.178640 0.553963 0.075709 0.077320
2 0.270457 0.603898 0.075709 0.070876
2 0.217300 0.602287 0.075709 0.067655
2 0.044942 0.286566 0.049936 0.064433
2 0.063466 0.529800 0.077320 0.067655
2 0.115818 0.570071 0.056379 0.054768
2 0.146424 0.615174 0.095039 0.064433
2 0.057023 0.594233 0.057990 0.054768
2 0.036888 0.623228 0.062822 0.054768
2 0.057023 0.669137 0.064433 0.069265
2 0.126289 0.665110 0.074098 0.074098
2 0.022390 0.695715 0.040271 0.054768
2 0.019652 0.740883 0.039304 0.070747
2 0.033666 0.852771 0.062822 0.088595
2 0.362274 0.623228 0.059601 0.061211
2 0.422680 0.630477 0.077320 0.078930
2 0.391379 0.028914 0.078711 0.057829
2 0.459032 0.028109 0.075492 0.056218
2 0.354220 0.178640 0.033827 0.032216
2 0.378383 0.165754 0.046714 0.041881
2 0.407378 0.146424 0.046714 0.051546
2 0.492751 0.141591 0.037049 0.048325
2 0.533827 0.147229 0.064433 0.072487
2 0.483086 0.189111 0.046714 0.046714
2 0.538660 0.214079 0.054768 0.064433
2 0.094878 0.789143 0.040271 0.041881
2 0.228576 0.824581 0.053157 0.051546
2 0.173003 0.821360 0.048325 0.048325
2 0.193138 0.880155 0.056379 0.037049
2 0.135148 0.985664 0.062822 0.025773
2 0.233409 0.777062 0.046714 0.027384
2 0.250322 0.764175 0.057990 0.046714
2 0.301063 0.783505 0.046714 0.056379
2 0.147229 0.740818 0.048325 0.041881
2 0.177030 0.702964 0.049936 0.053157
2 0.297036 0.932506 0.048325 0.061211
2 0.333280 0.934923 0.043492 0.043492
2 0.369523 0.925258 0.054768 0.062822
2 0.311534 0.731959 0.051546 0.046714
2 0.371134 0.715045 0.061211 0.054768
2 0.380799 0.762564 0.070876 0.053157
2 0.429929 0.703769 0.078930 0.083763
2 0.483086 0.603093 0.053157 0.059601
2 0.479865 0.541076 0.059601 0.061211
2 0.530606 0.564433 0.054768 0.066044
2 0.523357 0.506443 0.069265 0.069265
2 0.528189 0.471811 0.075709 0.045103
2 0.585374 0.490335 0.061211 0.053157
2 0.586985 0.532216 0.064433 0.069265
2 0.562822 0.573293 0.064433 0.051546
2 0.527384 0.799613 0.045103 0.049936
2 0.575709 0.831024 0.061211 0.048325
2 0.465367 0.905928 0.040271 0.062822
2 0.615174 0.811695 0.037049 0.054768
2 0.636920 0.845522 0.051546 0.051546
2 0.603093 0.885793 0.051546 0.054768
2 0.645780 0.901095 0.046714 0.062822
2 0.612758 0.727126 0.041881 0.040271
2 0.647390 0.723905 0.043492 0.053157
2 0.681218 0.696521 0.053157 0.053157
2 0.812500 0.707796 0.048325 0.053157
2 0.603093 0.082796 0.038660 0.043492
2 0.655445 0.091656 0.046714 0.038660
2 0.697326 0.086018 0.056379 0.062822
2 0.751289 0.090851 0.048325 0.059601
2 0.679607 0.057829 0.056379 0.051546
2 0.707796 0.021585 0.067655 0.040271
2 0.869926 0.012001 0.072004 0.024001
2 0.805251 0.037693 0.066044 0.062822
2 0.938950 0.171392 0.056379 0.069265
2 0.985180 0.144845 0.029639 0.054832
2 0.884182 0.209246 0.066044 0.070876
2 0.893041 0.273679 0.057990 0.067655
2 0.836662 0.239852 0.057990 0.070876
2 0.773035 0.214079 0.066044 0.074098
2 0.714240 0.154478 0.077320 0.077320
2 0.669942 0.135954 0.069265 0.066044
2 0.674774 0.193138 0.072487 0.064433
2 0.708602 0.251933 0.075709 0.075709
2 0.751289 0.266430 0.032216 0.056379
2 0.793976 0.276901 0.059601 0.064433
2 0.826192 0.321198 0.075709 0.082152
2 0.874517 0.840689 0.049936 0.045103
2 0.789948 0.585374 0.045103 0.062822
2 0.832635 0.813305 0.059601 0.045103
2 0.824581 0.369523 0.043492 0.043492
2 0.860019 0.352610 0.046714 0.041881
