2 0.050781 0.189062 0.079687 0.075000
2 0.077344 0.016406 0.117188 0.029687
2 0.426563 0.805469 0.065625 0.064062
2 0.284375 0.771875 0.065625 0.056250
2 0.372656 0.842969 0.054688 0.064062
2 0.650000 0.558594 0.093750 0.073438
2 0.589063 0.376563 0.118750 0.065625
1 0.617188 0.453125 0.090625 0.071875
1 0.552344 0.522656 0.095312 0.089063
1 0.693750 0.493750 0.096875 0.084375
1 0.724219 0.396875 0.079687 0.078125
1 0.866406 0.451562 0.104688 0.081250
1 0.859375 0.534375 0.096875 0.078125
1 0.878125 0.617188 0.100000 0.068750
1 0.783594 0.637500 0.092188 0.087500
1 0.721875 0.703906 0.087500 0.092188
1 0.811719 0.713281 0.067187 0.054688
1 0.897656 0.719531 0.085938 0.092188
1 0.927344 0.801562 0.067187 0.068750
1 0.968750 0.861719 0.062500 0.082812
1 0.982812 0.800781 0.034375 0.070312
1 0.785937 0.767969 0.062500 0.045312
