2 0.444300 0.159288 0.065104 0.067998
2 0.426939 0.080440 0.053530 0.060764
2 0.364005 0.050058 0.054977 0.037616
2 0.369792 0.099248 0.066551 0.054977
2 0.377025 0.167969 0.066551 0.056424
2 0.271412 0.220775 0.057870 0.046296
2 0.293113 0.179543 0.063657 0.050637
2 0.290943 0.140480 0.056424 0.030382
2 0.309028 0.062355 0.075231 0.067998
2 0.252604 0.030527 0.060764 0.053530
2 0.193287 0.052951 0.063657 0.054977
2 0.215712 0.112269 0.059317 0.054977
2 0.112992 0.028356 0.065104 0.049190
2 0.133247 0.081163 0.053530 0.033275
2 0.120226 0.131800 0.050637 0.050637
2 0.069589 0.063079 0.067998 0.063657
2 0.024740 0.085503 0.041956 0.050637
2 0.071036 0.138310 0.053530 0.046296
2 0.040654 0.153501 0.056424 0.053530
2 0.150608 0.436343 0.033275 0.031829
2 0.101418 0.426939 0.041956 0.027488
2 0.062355 0.416088 0.024595 0.023148
2 0.173227 0.168344 0.063101 0.048828
2 0.297551 0.450421 0.035306 0.019531
2 0.281400 0.471454 0.022536 0.025541
2 0.257362 0.515775 0.045072 0.037560
2 0.233323 0.543570 0.042067 0.037560
2 0.225811 0.585261 0.042067 0.036809
2 0.179237 0.591647 0.027043 0.039062
2 0.334736 0.527794 0.039062 0.036058
2 0.304312 0.543945 0.041316 0.039814
2 0.280273 0.611178 0.033804 0.045072
2 0.329102 0.591271 0.036809 0.032302
2 0.449669 0.543945 0.031550 0.029297
2 0.480093 0.504883 0.033804 0.033804
2 0.541692 0.393329 0.017278 0.033053
2 0.463567 0.964994 0.045823 0.046575
2 0.523663 0.907151 0.045823 0.040565
2 0.446665 0.918795 0.037560 0.038311
2 0.464318 0.903020 0.045823 0.039814
2 0.410983 0.913912 0.033804 0.039062
2 0.397085 0.954477 0.055589 0.045072
2 0.377930 0.912785 0.030799 0.032302
2 0.408353 0.874850 0.046575 0.033053
2 0.370793 0.863957 0.036058 0.039814
2 0.339994 0.889498 0.040565 0.032302
2 0.285532 0.879357 0.050331 0.037560
2 0.281025 0.926307 0.042819 0.035306
2 0.244216 0.884615 0.035306 0.039062
2 0.230694 0.846680 0.039814 0.032302
2 0.066556 0.981896 0.045072 0.030799
2 0.080078 0.963492 0.043570 0.039062
2 0.023362 0.877103 0.041316 0.043570
2 0.059420 0.781325 0.030799 0.038311
2 0.074444 0.737755 0.032302 0.042819
2 0.109375 0.706956 0.028546 0.042819
2 0.219426 0.779823 0.044321 0.041316
2 0.447416 0.664889 0.024038 0.035306
