2 0.100057 0.023366 0.057339 0.045872
2 0.105791 0.080705 0.065940 0.048739
2 0.069954 0.117259 0.048739 0.053039
2 0.088589 0.148079 0.051606 0.048739
2 0.143062 0.130877 0.063073 0.040138
2 0.627580 0.020499 0.037271 0.031537
2 0.667001 0.024083 0.032970 0.041571
2 0.620413 0.054903 0.060206 0.043005
2 0.548022 0.082856 0.032970 0.035837
2 0.591026 0.097190 0.041571 0.041571
2 0.639765 0.109375 0.047305 0.051606
2 0.561640 0.133744 0.043005 0.048739
2 0.626864 0.177466 0.067374 0.061640
2 0.657683 0.210436 0.048739 0.053039
2 0.571674 0.226204 0.045872 0.058773
1 0.531537 0.283544 0.074541 0.075975
2 0.327265 0.382454 0.050172 0.050172
2 0.375287 0.355218 0.043005 0.047305
2 0.538704 0.355935 0.063073 0.054472
2 0.586009 0.280677 0.037271 0.030103
2 0.532970 0.516485 0.071674 0.065940
2 0.683486 0.117976 0.034404 0.057339
2 0.863389 0.036267 0.058773 0.045872
2 0.922162 0.028383 0.044438 0.041571
2 0.849054 0.090740 0.058773 0.065940
2 0.914278 0.104358 0.060206 0.061640
2 0.971617 0.150946 0.051606 0.071674
2 0.844753 0.170298 0.050172 0.067374
2 0.889908 0.159547 0.048739 0.068807
2 0.947964 0.185350 0.050172 0.060206
2 0.898509 0.224054 0.037271 0.037271
2 0.867689 0.226204 0.021502 0.044438
2 0.785981 0.210436 0.053039 0.061640
1 0.717173 0.211869 0.058773 0.070241
1 0.664851 0.310063 0.045872 0.034404
1 0.669151 0.359518 0.077408 0.041571
1 0.744409 0.360952 0.050172 0.047305
2 0.449828 0.527236 0.060206 0.064507
2 0.650516 0.613245 0.051606 0.044438
2 0.713589 0.621130 0.065940 0.068807
2 0.655533 0.664851 0.067374 0.055906
2 0.613962 0.722907 0.061640 0.071674
2 0.653383 0.785981 0.080275 0.068807
2 0.771646 0.813217 0.084576 0.086009
2 0.596044 0.866972 0.037271 0.078842
2 0.640482 0.855505 0.060206 0.073108
2 0.698538 0.878440 0.055906 0.070241
2 0.596760 0.953698 0.041571 0.043005
2 0.641198 0.977351 0.064507 0.038704
2 0.664851 0.919295 0.057339 0.060206
2 0.729358 0.917861 0.065940 0.074541
2 0.795298 0.921445 0.077408 0.090310
2 0.921445 0.821818 0.063073 0.063073
2 0.942231 0.908544 0.084576 0.087443
2 0.829702 0.955132 0.060206 0.065940
2 0.917144 0.968033 0.086009 0.054472
