2 0.632031 0.110937 0.071875 0.065625
2 0.712500 0.131250 0.054688 0.065625
2 0.741406 0.086719 0.056250 0.073438
2 0.882031 0.387500 0.071875 0.065625
2 0.771875 0.564844 0.051562 0.054688
2 0.777344 0.634375 0.056250 0.050000
2 0.632031 0.653906 0.040625 0.042188
2 0.597656 0.657031 0.043750 0.042188
2 0.517188 0.682813 0.070312 0.037500
2 0.503125 0.746094 0.073438 0.048438
2 0.476562 0.764844 0.048438 0.045312
2 0.437500 0.720313 0.057813 0.050000
2 0.561719 0.731250 0.046875 0.056250
2 0.592187 0.767188 0.060937 0.059375
2 0.629687 0.787500 0.042188 0.031250
2 0.116406 0.457031 0.065625 0.057813
2 0.048438 0.471094 0.048438 0.039062
2 0.069531 0.584375 0.059375 0.059375
2 0.113281 0.561719 0.065625 0.054688
2 0.107813 0.812500 0.076563 0.068750
2 0.085938 0.767969 0.048438 0.045312
2 0.061719 0.803906 0.065625 0.042188
2 0.053906 0.865625 0.090625 0.068750
2 0.199219 0.965625 0.071875 0.037500
2 0.754687 0.945312 0.089063 0.087500
2 0.827344 0.921875 0.071875 0.065625
2 0.881250 0.935937 0.054688 0.071875
2 0.896875 0.981250 0.107813 0.034375
2 0.604688 0.878125 0.032813 0.034375
2 0.536719 0.896875 0.053125 0.050000
2 0.975391 0.704883 0.046094 0.069141
2 0.503906 0.810937 0.056250 0.065625
