2 0.557329 0.129609 0.089928 0.082059
2 0.644447 0.085769 0.095549 0.070818
2 0.664681 0.175135 0.077563 0.049460
2 0.714141 0.205486 0.061826 0.058453
2 0.529789 0.078462 0.091052 0.085432
2 0.600607 0.031250 0.091052 0.049460
2 0.700090 0.041929 0.083183 0.066322
2 0.736623 0.107689 0.068570 0.078687
2 0.764164 0.175697 0.035971 0.057329
2 0.824303 0.158835 0.102293 0.084308
2 0.801259 0.069469 0.069694 0.067446
2 0.904676 0.106003 0.067446 0.059577
2 0.878260 0.162770 0.082059 0.074191
2 0.216727 0.598359 0.080935 0.075315
2 0.162208 0.609038 0.068570 0.076439
2 0.100944 0.689973 0.069694 0.069694
2 0.188624 0.715827 0.083183 0.056205
2 0.290355 0.711893 0.073067 0.070818
2 0.099820 0.615782 0.078687 0.062950
2 0.032374 0.617469 0.056205 0.075315
2 0.053170 0.701214 0.046088 0.044964
2 0.750674 0.618593 0.071942 0.075315
2 0.422437 0.351619 0.051709 0.051709
2 0.511241 0.429182 0.040468 0.047212
2 0.298786 0.301596 0.026978 0.030351
2 0.324640 0.276304 0.026978 0.035971
2 0.248763 0.331947 0.041592 0.032599
2 0.251574 0.378597 0.044964 0.035971
2 0.272370 0.398269 0.043840 0.046088
2 0.685477 0.388714 0.044964 0.035971
2 0.319020 0.355553 0.044964 0.041592
2 0.719200 0.410072 0.033723 0.033723
2 0.837230 0.435926 0.056205 0.053957
2 0.786084 0.766974 0.057329 0.068570
2 0.792828 0.704024 0.055081 0.050585
2 0.736623 0.722572 0.064074 0.074191
2 0.493255 0.917603 0.080935 0.050585
2 0.556767 0.955823 0.061826 0.052833
2 0.611848 0.978867 0.077563 0.031475
2 0.194807 0.787770 0.075315 0.080935
2 0.934465 0.299910 0.034847 0.038219
2 0.849033 0.260004 0.032599 0.032599
2 0.898494 0.727630 0.046088 0.075315
2 0.935589 0.769222 0.055081 0.064074
