2 0.196691 0.452206 0.033088 0.042279
2 0.238051 0.467831 0.038603 0.040441
2 0.273897 0.489890 0.047794 0.040441
2 0.238971 0.516544 0.047794 0.049632
2 0.289522 0.365809 0.038603 0.042279
2 0.321691 0.387868 0.033088 0.042279
2 0.349265 0.411765 0.044118 0.042279
2 0.271140 0.616728 0.130515 0.125000
2 0.227941 0.714154 0.095588 0.125000
2 0.225184 0.840993 0.038603 0.036765
2 0.261949 0.865809 0.045956 0.042279
2 0.196691 0.875000 0.033088 0.053309
2 0.240809 0.792279 0.033088 0.034926
2 0.275735 0.780331 0.036765 0.040441
2 0.327206 0.943934 0.029412 0.033088
2 0.363051 0.931066 0.038603 0.033088
2 0.340074 0.981618 0.040441 0.034926
2 0.811581 0.977022 0.056985 0.040441
2 0.897059 0.864890 0.040441 0.040441
2 0.931066 0.851103 0.034926 0.038603
2 0.755515 0.892463 0.047794 0.033088
2 0.848346 0.891544 0.042279 0.027574
2 0.783088 0.863971 0.040441 0.027574
2 0.464154 0.608456 0.042279 0.038603
2 0.490809 0.640625 0.040441 0.040441
2 0.494485 0.706801 0.047794 0.062500
2 0.579963 0.812500 0.027574 0.038603
2 0.654412 0.837316 0.040441 0.040441
2 0.611213 0.788603 0.038603 0.038603
2 0.801471 0.476103 0.102941 0.104779
2 0.897978 0.540441 0.097426 0.104779
2 0.965993 0.496009 0.068015 0.159298
