2 0.082959 0.479766 0.074191 0.060701
2 0.098696 0.512365 0.080935 0.076439
2 0.154339 0.431430 0.055081 0.071942
2 0.206610 0.466277 0.060701 0.078687
2 0.288669 0.476394 0.067446 0.089928
2 0.315647 0.516862 0.049460 0.071942
2 0.260004 0.583183 0.057329 0.067446
2 0.079024 0.654002 0.061826 0.065198
2 0.050360 0.659622 0.044964 0.040468
2 0.298224 0.715827 0.055081 0.062950
2 0.363422 0.734375 0.061826 0.066322
2 0.533161 0.562950 0.052833 0.083183
2 0.574191 0.619717 0.062950 0.091052
2 0.468525 0.306093 0.074191 0.052833
2 0.647257 0.307217 0.067446 0.061826
2 0.711331 0.328013 0.038219 0.047212
2 0.718638 0.429182 0.030351 0.047212
2 0.811376 0.451102 0.020234 0.041592
2 0.619717 0.935589 0.075315 0.039344
2 0.440423 0.894559 0.042716 0.056205
2 0.037995 0.557329 0.071942 0.080935
