1 0.388853 0.282539 0.077320 0.098260
1 0.779478 0.284149 0.066044 0.082152
2 0.866463 0.243879 0.082152 0.091817
2 0.833441 0.784311 0.090206 0.083763
2 0.710213 0.833441 0.085374 0.095039
2 0.475032 0.871295 0.111147 0.115979
2 0.429929 0.342139 0.104704 0.101482
2 0.293814 0.305896 0.103093 0.090206
2 0.282539 0.195554 0.106314 0.107925
2 0.348582 0.081186 0.074098 0.095039
2 0.559601 0.134343 0.083763 0.098260
2 0.679607 0.134343 0.117590 0.117590
2 0.797197 0.118235 0.072487 0.088595
2 0.534633 0.056218 0.111147 0.080541
2 0.966334 0.127094 0.066044 0.128866
2 0.496778 0.243073 0.096649 0.109536
2 0.577320 0.216495 0.045103 0.075709
