2 0.094323 0.963016 0.040138 0.032970
2 0.054903 0.398222 0.038704 0.032970
2 0.074255 0.438360 0.043005 0.035837
2 0.037701 0.455562 0.030103 0.044438
2 0.500000 0.980218 0.048739 0.035837
2 0.586009 0.977351 0.043005 0.035837
2 0.772362 0.044151 0.054472 0.058773
2 0.591026 0.307913 0.038704 0.030103
2 0.550172 0.317947 0.043005 0.041571
2 0.436210 0.479214 0.047305 0.040138
2 0.836869 0.031967 0.045872 0.040138
2 0.866972 0.042718 0.051606 0.044438
2 0.937213 0.062070 0.054472 0.054472
2 0.940797 0.026233 0.053039 0.040138
2 0.982368 0.029817 0.027236 0.047305
2 0.851921 0.683486 0.035837 0.050172
2 0.854071 0.773079 0.037271 0.037271
2 0.891342 0.765912 0.043005 0.048739
2 0.917861 0.797448 0.041571 0.051606
2 0.940080 0.753727 0.040138 0.041571
2 0.924312 0.699971 0.048739 0.054472
2 0.943664 0.677752 0.044438 0.038704
2 0.978068 0.661984 0.032970 0.032970
2 0.972334 0.423308 0.044438 0.051606
2 0.940080 0.447678 0.051606 0.048739
2 0.971617 0.482798 0.048739 0.041571
2 0.983658 0.523441 0.032683 0.048315
2 0.957999 0.560923 0.050172 0.043005
2 0.982942 0.712646 0.034117 0.054019
2 0.985235 0.750143 0.021502 0.043005
2 0.221904 0.257741 0.060206 0.055906
2 0.187500 0.284977 0.031537 0.027236
