2 0.068771 0.305715 0.102796 0.086349
2 0.045127 0.375617 0.076069 0.078125
0 0.142784 0.402858 0.150082 0.122327
2 0.152035 0.587891 0.137747 0.128495
0 0.803762 0.558594 0.176809 0.209704
2 0.629523 0.793483 0.124383 0.118215
1 0.665502 0.521073 0.142887 0.173725
2 0.400288 0.134046 0.136719 0.129523
1 0.476357 0.230160 0.114104 0.112048
1 0.430613 0.264083 0.121299 0.124383
0 0.575555 0.141756 0.137747 0.149054
2 0.688117 0.249178 0.120271 0.117188
2 0.777549 0.072882 0.157278 0.120271
1 0.949167 0.099053 0.101665 0.170557
0 0.921926 0.228853 0.156147 0.146439
2 0.811986 0.384354 0.123355 0.118215
1 0.917352 0.346320 0.114104 0.122327
0 0.805818 0.229646 0.127467 0.176809
