0 0.813017 0.702815 0.081747 0.076573
0 0.921151 0.536734 0.086921 0.075538
0 0.970659 0.415492 0.055557 0.077259
0 0.947020 0.055567 0.080712 0.071399
0 0.495861 0.746792 0.084851 0.081747
0 0.583816 0.635555 0.064156 0.051738
0 0.676945 0.569847 0.086921 0.073469
0 0.424462 0.802670 0.068295 0.081747
0 0.494826 0.850786 0.095199 0.057947
0 0.368067 0.900455 0.092094 0.057947
0 0.415666 0.967198 0.102442 0.061051
0 0.283216 0.809913 0.085886 0.071399
0 0.100579 0.809913 0.086921 0.077608
0 0.045737 0.451883 0.084851 0.069329
0 0.134209 0.164735 0.054843 0.053808
0 0.075745 0.726614 0.076573 0.066225
0 0.358754 0.765935 0.069329 0.070364
0 0.124379 0.965128 0.082781 0.061051
2 0.775766 0.265625 0.073469 0.065190
2 0.515522 0.290459 0.072434 0.052773
2 0.531560 0.244412 0.054843 0.051738
2 0.362893 0.134209 0.052773 0.046565
2 0.369102 0.183361 0.063121 0.045530
2 0.410493 0.223200 0.067260 0.048634
2 0.363928 0.248034 0.048634 0.038286
2 0.378415 0.280112 0.067260 0.050704
2 0.636589 0.441536 0.062086 0.050704
2 0.520178 0.487583 0.050704 0.053808
2 0.264073 0.516556 0.051738 0.051738
2 0.251656 0.606064 0.057947 0.044495
2 0.503104 0.912355 0.086921 0.056912
2 0.029698 0.840439 0.052773 0.095199
2 0.255795 0.964611 0.084851 0.064156
2 0.158526 0.233030 0.051738 0.039321
2 0.905112 0.130070 0.063121 0.069329
1 0.794392 0.319433 0.087955 0.077608
0 0.856478 0.282181 0.083816 0.090025
1 0.900455 0.404801 0.070364 0.062086
1 0.187500 0.316846 0.066225 0.074503
1 0.129036 0.381002 0.102442 0.068295
1 0.508796 0.613825 0.083816 0.082781
1 0.381002 0.665046 0.076573 0.077608
1 0.427566 0.715232 0.074503 0.076573
2 0.461714 0.315811 0.064156 0.055877
1 0.179739 0.723510 0.063121 0.057947
2 0.615377 0.512417 0.061051 0.043460
0 0.577090 0.446709 0.063121 0.067260
