0 0.484067 0.310855 0.102796 0.115132
0 0.396690 0.809416 0.086349 0.080181
0 0.363281 0.872122 0.081209 0.078125
0 0.462479 0.888055 0.117188 0.079153
0 0.796567 0.940995 0.069901 0.067845
2 0.177220 0.661390 0.050370 0.045230
2 0.222451 0.668072 0.054482 0.052426
2 0.372533 0.405942 0.029811 0.023643
2 0.396176 0.405942 0.025699 0.031867
2 0.421361 0.401830 0.037007 0.031867
2 0.416221 0.438322 0.032895 0.028783
2 0.728721 0.217825 0.030839 0.027755
2 0.023540 0.129420 0.045230 0.046258
2 0.034334 0.165399 0.029811 0.042146
2 0.069285 0.181332 0.031867 0.030839
2 0.059519 0.122225 0.030839 0.044202
2 0.088302 0.140728 0.039062 0.040090
2 0.119655 0.138158 0.023643 0.043174
2 0.075966 0.021998 0.059622 0.043174
2 0.122738 0.042558 0.040090 0.037007
2 0.175678 0.018914 0.049342 0.032895
2 0.161801 0.086760 0.031867 0.028783
2 0.128392 0.109375 0.030839 0.030839
2 0.165913 0.118113 0.023643 0.021587
2 0.202919 0.103721 0.048314 0.048314
2 0.175164 0.147924 0.038035 0.025699
2 0.217825 0.150493 0.053454 0.041118
2 0.663960 0.365337 0.045230 0.028783
2 0.372019 0.570415 0.053454 0.038035
2 0.307771 0.599712 0.050370 0.043174
2 0.319079 0.701480 0.035979 0.034951
