0 0.615438 0.060984 0.087453 0.078125
0 0.355993 0.265625 0.093284 0.102612
0 0.301772 0.422458 0.103778 0.117771
0 0.143773 0.351329 0.104944 0.096782
2 0.219566 0.458022 0.067631 0.069963
2 0.235308 0.336171 0.061800 0.052472
2 0.185168 0.305854 0.064132 0.047808
2 0.175840 0.238806 0.057136 0.065299
2 0.230644 0.242887 0.059468 0.059468
2 0.130947 0.251632 0.069963 0.067631
0 0.443447 0.439949 0.051306 0.052472
0 0.891208 0.655667 0.111940 0.082789
0 0.870219 0.978078 0.102612 0.041978
0 0.959422 0.969916 0.078125 0.051306
2 0.905784 0.929104 0.050140 0.051306
2 0.676073 0.891208 0.050140 0.052472
2 0.386894 0.806087 0.040812 0.054804
2 0.434701 0.734958 0.047808 0.047808
1 0.491838 0.742537 0.068797 0.069963
2 0.506996 0.622435 0.047808 0.048974
0 0.729128 0.219566 0.074627 0.068797
2 0.806670 0.954757 0.050140 0.041978
