2 0.109375 0.093539 0.059122 0.063345
2 0.087556 0.160755 0.052083 0.064048
2 0.173775 0.053069 0.051380 0.049972
2 0.172016 0.101985 0.063345 0.060529
2 0.135417 0.159347 0.042230 0.049972
2 0.333896 0.050253 0.060529 0.062641
2 0.346213 0.107264 0.057010 0.049972
2 0.401816 0.050253 0.049972 0.059825
2 0.456011 0.071016 0.054195 0.066160
2 0.416244 0.015062 0.061937 0.028857
2 0.365921 0.040752 0.026042 0.038007
2 0.398768 0.200337 0.042547 0.038879
2 0.746112 0.256089 0.049149 0.055018
2 0.507979 0.444149 0.033245 0.041888
2 0.751330 0.321809 0.041223 0.051197
2 0.715093 0.320811 0.041888 0.055851
2 0.780585 0.347739 0.043883 0.053856
2 0.446966 0.754334 0.050182 0.059307
2 0.519389 0.665374 0.021670 0.059307
2 0.409329 0.285584 0.036496 0.052464
