2 0.376262 0.217100 0.072787 0.062112
2 0.321429 0.272904 0.073758 0.065023
2 0.320458 0.336957 0.071817 0.065023
2 0.244759 0.356852 0.071817 0.065994
2 0.212733 0.272418 0.052407 0.058230
2 0.922166 0.144313 0.071817 0.062112
2 0.984860 0.184297 0.030280 0.060559
2 0.988742 0.241574 0.022516 0.064476
2 0.376262 0.446623 0.063082 0.057259
2 0.176339 0.387908 0.063082 0.064053
2 0.424301 0.407803 0.048525 0.043672
2 0.469915 0.436918 0.060171 0.051436
2 0.426242 0.547554 0.040761 0.041731
2 0.421390 0.602873 0.042702 0.049495
2 0.516984 0.577640 0.045613 0.043672
2 0.493692 0.612092 0.051436 0.038820
2 0.022516 0.526203 0.040761 0.074728
2 0.081231 0.623253 0.055318 0.057259
2 0.033676 0.652368 0.066964 0.066964
2 0.054542 0.582977 0.046584 0.048525
2 0.114227 0.561141 0.065023 0.049495
2 0.121506 0.614033 0.073758 0.073758
2 0.011258 0.588289 0.022516 0.057312
2 0.886029 0.380004 0.077614 0.062296
2 0.846712 0.410641 0.082721 0.068423
2 0.734375 0.462725 0.072508 0.062296
2 0.771140 0.504596 0.084763 0.068423
2 0.804330 0.526552 0.071487 0.063317
2 0.915135 0.580167 0.074551 0.066381
2 0.949346 0.638378 0.083742 0.070466
2 0.837520 0.630208 0.080678 0.072508
2 0.810458 0.593954 0.081699 0.067402
2 0.881434 0.552083 0.076593 0.063317
2 0.848243 0.482639 0.087827 0.067402
2 0.960376 0.462654 0.079248 0.076451
2 0.914624 0.451491 0.063317 0.068423
2 0.585156 0.594531 0.035937 0.038281
2 0.446484 0.721484 0.044531 0.043750
2 0.467187 0.742578 0.034375 0.031250
2 0.484375 0.705859 0.042188 0.039062
2 0.399219 0.687109 0.039062 0.035937
2 0.251563 0.869922 0.040625 0.037500
