2 0.470313 0.335156 0.123438 0.126562
2 0.605469 0.346875 0.140625 0.131250
2 0.521875 0.207813 0.114062 0.156250
2 0.632812 0.198437 0.117188 0.159375
2 0.773438 0.336719 0.073438 0.104688
2 0.896875 0.048438 0.104688 0.093750
2 0.046094 0.131250 0.084375 0.178125
2 0.100781 0.227344 0.143750 0.145313
2 0.316406 0.056250 0.121875 0.109375
2 0.395313 0.363281 0.148438 0.160938
2 0.960547 0.254229 0.075781 0.120959
2 0.836719 0.273438 0.112500 0.118750
2 0.800000 0.070312 0.076563 0.087500
2 0.189062 0.158594 0.123438 0.123438
2 0.712500 0.316406 0.064062 0.082812
