2 0.192150 0.021019 0.091146 0.037202
2 0.288876 0.079613 0.087426 0.065104
2 0.273996 0.023810 0.091146 0.042783
2 0.021949 0.181920 0.037202 0.106027
2 0.053571 0.222842 0.063244 0.065104
2 0.195871 0.205171 0.094866 0.081845
2 0.180990 0.516741 0.039062 0.039062
2 0.166109 0.556734 0.042783 0.029762
2 0.221912 0.563244 0.039062 0.031622
2 0.050781 0.627418 0.042783 0.037202
2 0.108445 0.681362 0.027902 0.040923
2 0.507440 0.157738 0.070685 0.076265
2 0.548363 0.455357 0.040923 0.046503
2 0.208891 0.810640 0.053943 0.027902
2 0.238653 0.797619 0.068824 0.039062
2 0.127976 0.832031 0.048363 0.026042
2 0.045201 0.937128 0.050223 0.046503
2 0.467448 0.717634 0.046503 0.050223
2 0.518601 0.669271 0.048363 0.068824
2 0.779018 0.429315 0.055804 0.042783
