2 0.125781 0.188281 0.048438 0.048438
2 0.396094 0.025000 0.057813 0.043750
2 0.443750 0.024219 0.046875 0.045312
2 0.325000 0.375000 0.040625 0.053125
2 0.203906 0.542188 0.057813 0.050000
2 0.273438 0.488281 0.050000 0.045312
2 0.264062 0.565625 0.065625 0.059375
2 0.020313 0.946875 0.031250 0.043750
2 0.055469 0.946875 0.042188 0.043750
2 0.045312 0.984375 0.056250 0.021875
2 0.096094 0.987500 0.032813 0.025000
2 0.094531 0.951562 0.032813 0.050000
2 0.395313 0.347656 0.050000 0.045312
2 0.696875 0.613281 0.056250 0.051562
2 0.762500 0.442188 0.059375 0.050000
2 0.764844 0.398438 0.051562 0.046875
2 0.850000 0.603125 0.050000 0.053125
2 0.889844 0.614062 0.035937 0.034375
2 0.910156 0.581250 0.032813 0.050000
2 0.974219 0.571094 0.051562 0.045312
2 0.972656 0.609375 0.054688 0.043750
2 0.945312 0.667969 0.053125 0.070312
2 0.901563 0.680469 0.040625 0.051562
2 0.776563 0.746094 0.050000 0.042188
2 0.721875 0.781250 0.046875 0.043750
2 0.773438 0.792969 0.043750 0.054688
2 0.818750 0.775781 0.040625 0.045312
2 0.849219 0.366406 0.048438 0.042188
2 0.976562 0.046875 0.046875 0.059375
