1 0.095717 0.076049 0.027316 0.037150
1 0.068400 0.126311 0.033872 0.039336
1 0.290756 0.130682 0.028409 0.034965
1 0.343204 0.139423 0.030594 0.032780
1 0.363964 0.114838 0.041521 0.031687
1 0.370520 0.066215 0.050262 0.041521
1 0.312609 0.032889 0.056818 0.053540
1 0.244865 0.025240 0.063374 0.049170
1 0.244865 0.079873 0.056818 0.044799
1 0.285293 0.066761 0.052448 0.046984
1 0.327906 0.098448 0.045892 0.040428
1 0.308239 0.173295 0.061189 0.039336
1 0.340472 0.210446 0.051355 0.045892
1 0.346482 0.297312 0.032780 0.031687
1 0.469952 0.282015 0.037150 0.044799
1 0.448099 0.236123 0.041521 0.036058
1 0.504917 0.250328 0.034965 0.051355
1 0.461757 0.197334 0.068837 0.043706
1 0.397290 0.326814 0.040428 0.053540
1 0.149257 0.168925 0.038243 0.034965
1 0.168925 0.093531 0.044799 0.045892
1 0.234484 0.129043 0.040428 0.031687
1 0.254698 0.172749 0.039336 0.049170
