2 0.408948 0.380283 0.092176 0.100045
2 0.501124 0.359487 0.101169 0.087680
2 0.517424 0.436488 0.104541 0.079811
2 0.466839 0.493255 0.111286 0.092176
2 0.668615 0.416254 0.080935 0.079811
2 0.638826 0.480328 0.068570 0.073067
2 0.701776 0.480890 0.061826 0.060701
2 0.734375 0.429744 0.084308 0.084308
2 0.670301 0.349933 0.082059 0.082059
2 0.743368 0.365108 0.064074 0.105665
2 0.785522 0.408948 0.053957 0.074191
2 0.449978 0.609038 0.068570 0.078687
2 0.714141 0.694469 0.068570 0.058453
2 0.776529 0.704024 0.065198 0.077563
2 0.777653 0.476956 0.076439 0.061826
