2 0.869829 0.420189 0.114658 0.157374
2 0.926034 0.351057 0.098921 0.106790
2 0.972122 0.462905 0.051709 0.152878
2 0.956385 0.622527 0.080935 0.098921
2 0.901866 0.667491 0.102293 0.105665
2 0.964141 0.747973 0.071718 0.124994
2 0.446043 0.815872 0.168615 0.119155
2 0.527540 0.906362 0.064074 0.100045
2 0.387590 0.915355 0.107914 0.088804
2 0.466839 0.970998 0.102293 0.049460
2 0.518548 0.050360 0.100045 0.085432
2 0.525292 0.153215 0.070818 0.070818
2 0.449978 0.155463 0.050585 0.077563
2 0.842851 0.026754 0.116906 0.042716
2 0.090827 0.269559 0.152878 0.175360
2 0.044177 0.395459 0.082059 0.105665
2 0.445481 0.496628 0.120279 0.107914
