2 0.795055 0.147300 0.086468 0.081917
2 0.847391 0.080552 0.094053 0.081917
2 0.914897 0.264108 0.071299 0.072816
2 0.950546 0.317961 0.078883 0.071299
2 0.902761 0.424909 0.083434 0.069782
2 0.666869 0.370297 0.081917 0.081917
2 0.536408 0.396086 0.066748 0.060680
2 0.130613 0.494691 0.104672 0.097087
2 0.099515 0.587985 0.094053 0.092536
2 0.028519 0.643504 0.057039 0.097383
2 0.054308 0.187117 0.108617 0.137279
2 0.137439 0.109375 0.142597 0.151699
2 0.396086 0.635012 0.053095 0.056129
2 0.365746 0.678246 0.053095 0.057646
2 0.379399 0.739684 0.062197 0.065231
2 0.444630 0.683556 0.056129 0.056129
2 0.515170 0.696450 0.066748 0.054612
2 0.519721 0.751062 0.066748 0.063714
2 0.915655 0.358161 0.072816 0.066748
2 0.273210 0.794296 0.068265 0.065231
