2 0.540812 0.155434 0.085121 0.075793
2 0.584538 0.189249 0.062966 0.078125
2 0.667910 0.103545 0.073461 0.076959
2 0.709305 0.176423 0.060634 0.052472
2 0.713386 0.234725 0.061800 0.078125
2 0.795592 0.259212 0.088619 0.078125
2 0.817747 0.188083 0.086287 0.054804
2 0.882463 0.246385 0.082789 0.103778
2 0.840485 0.318680 0.087453 0.073461
2 0.732626 0.348414 0.107276 0.095616
2 0.699977 0.410215 0.081623 0.060634
2 0.600863 0.284282 0.065299 0.067631
2 0.616021 0.551306 0.044310 0.074627
2 0.332673 0.929104 0.086287 0.083955
2 0.238806 0.929104 0.071129 0.062966
2 0.188083 0.971665 0.060634 0.052472
2 0.662663 0.493587 0.037313 0.059468
2 0.666744 0.543144 0.040812 0.041978
2 0.720965 0.571712 0.044310 0.052472
2 0.769939 0.588619 0.044310 0.062966
2 0.940765 0.459188 0.047808 0.046642
2 0.973589 0.503735 0.052822 0.061108
2 0.972248 0.393890 0.054804 0.062966
2 0.965252 0.281950 0.043144 0.044310
2 0.983500 0.319213 0.032999 0.051205
2 0.954757 0.230644 0.057136 0.058302
2 0.789762 0.425956 0.046642 0.043144
2 0.804338 0.534398 0.054804 0.040812
2 0.890625 0.536147 0.075793 0.060634
2 0.897038 0.582206 0.062966 0.050140
2 0.828242 0.625350 0.051306 0.050140
2 0.819496 0.572295 0.045476 0.051306
2 0.772854 0.495336 0.043144 0.051306
