1 0.553853 0.403671 0.131978 0.097087
1 0.483313 0.418841 0.097087 0.112257
1 0.406705 0.358161 0.147148 0.124393
1 0.283829 0.428701 0.101638 0.092536
1 0.169296 0.406705 0.109223 0.075850
1 0.256523 0.313410 0.116808 0.107706
1 0.237561 0.226183 0.081917 0.091019
2 0.868629 0.094205 0.133495 0.151699
2 0.967688 0.121049 0.064624 0.120435
2 0.982100 0.126532 0.035801 0.088925
2 0.829945 0.177640 0.119842 0.118325
2 0.782160 0.269417 0.115291 0.104672
2 0.710103 0.318720 0.113774 0.087985
2 0.540200 0.292172 0.131978 0.101638
2 0.586468 0.202670 0.103155 0.095570
2 0.449181 0.127579 0.104672 0.097087
2 0.339199 0.142749 0.097087 0.130461
2 0.350576 0.242870 0.104672 0.087985
