1 0.777653 0.252698 0.062950 0.071942
1 0.738871 0.541592 0.064074 0.062950
1 0.121740 0.526416 0.088804 0.039344
1 0.033498 0.561826 0.040468 0.033723
1 0.190872 0.461781 0.044964 0.049460
1 0.137478 0.865895 0.048336 0.046088
1 0.111061 0.909735 0.038219 0.050585
1 0.167828 0.955261 0.050585 0.058453
1 0.728754 0.838354 0.039344 0.031475
1 0.707397 0.885004 0.059577 0.064074
1 0.728754 0.709645 0.064074 0.046088
0 0.040243 0.633768 0.076439 0.078687
0 0.031250 0.510679 0.049460 0.039344
0 0.097010 0.971560 0.052833 0.050585
0 0.774843 0.934465 0.066322 0.073067
