0 0.057904 0.248162 0.082721 0.086397
0 0.251838 0.070772 0.110294 0.102941
0 0.108456 0.534926 0.095588 0.093750
0 0.443015 0.534926 0.066176 0.071691
0 0.706801 0.490809 0.093750 0.093750
0 0.750919 0.954044 0.090074 0.090074
0 0.865809 0.952206 0.080882 0.079044
1 0.354779 0.454963 0.069853 0.069853
0 0.325368 0.500919 0.091912 0.077206
2 0.353860 0.397059 0.068015 0.060662
2 0.176471 0.095588 0.058824 0.064338
2 0.094669 0.502757 0.056985 0.055147
2 0.090993 0.450368 0.060662 0.045956
2 0.405331 0.488971 0.060662 0.064338
2 0.210478 0.919118 0.056985 0.060662
2 0.197610 0.886949 0.068015 0.062500
2 0.272059 0.896140 0.062500 0.066176
2 0.248162 0.934743 0.066176 0.069853
2 0.602941 0.867647 0.047794 0.042279
2 0.909926 0.885110 0.058824 0.077206
2 0.935662 0.738971 0.077206 0.097426
2 0.860294 0.704963 0.062500 0.062500
2 0.605699 0.572610 0.053309 0.047794
