2 0.569329 0.685741 0.066225 0.054843
2 0.540356 0.738514 0.055877 0.061051
2 0.521730 0.790252 0.055877 0.056912
2 0.508796 0.842508 0.050704 0.051738
2 0.456022 0.819226 0.061051 0.044495
2 0.471544 0.715749 0.044495 0.052773
2 0.462748 0.762314 0.049669 0.036217
2 0.431188 0.721958 0.046565 0.034147
2 0.509313 0.688328 0.049669 0.053808
2 0.116618 0.800083 0.058982 0.062086
2 0.080919 0.570882 0.045530 0.032078
2 0.251138 0.361858 0.040356 0.030008
2 0.299772 0.381002 0.044495 0.047599
2 0.320985 0.353063 0.041391 0.041391
2 0.315811 0.453953 0.045530 0.032078
2 0.190604 0.416184 0.051738 0.041391
2 0.154905 0.490170 0.038286 0.063121
2 0.950124 0.516556 0.033113 0.049669
2 0.401180 0.033837 0.077608 0.058982
2 0.238721 0.075228 0.046565 0.056912
2 0.163700 0.067467 0.047599 0.047599
2 0.181871 0.018729 0.085761 0.037459
2 0.050393 0.089714 0.040356 0.073469
2 0.039011 0.131105 0.061051 0.044495
2 0.230443 0.228373 0.054843 0.052773
2 0.170944 0.209748 0.060017 0.056912
2 0.197848 0.353063 0.033113 0.047599
