2 0.182836 0.136194 0.087453 0.081623
2 0.239972 0.186334 0.080457 0.065299
2 0.149604 0.270872 0.109608 0.080457
2 0.388643 0.291861 0.072295 0.087453
2 0.074394 0.508745 0.054804 0.050140
2 0.069729 0.436451 0.101446 0.073461
2 0.490672 0.589785 0.094450 0.072295
2 0.576376 0.549557 0.088619 0.082789
2 0.594450 0.615438 0.096782 0.058302
2 0.529151 0.646339 0.094450 0.089785
2 0.612523 0.699977 0.097948 0.103778
2 0.716884 0.181087 0.082789 0.071129
2 0.641091 0.213153 0.078125 0.076959
2 0.495919 0.241721 0.079291 0.089785
2 0.527402 0.298857 0.076959 0.080457
2 0.554804 0.241138 0.073461 0.069963
2 0.782183 0.268540 0.071129 0.078125
