2 0.157689 0.053865 0.103824 0.100740
2 0.250720 0.070826 0.092516 0.105880
2 0.044151 0.618332 0.088302 0.104618
1 0.094984 0.786801 0.095600 0.078125
1 0.078536 0.909128 0.116160 0.115132
1 0.894223 0.824836 0.117188 0.117187
1 0.965101 0.902797 0.069799 0.118916
2 0.608450 0.502056 0.088405 0.082237
2 0.548828 0.521073 0.067845 0.064762
2 0.523643 0.466077 0.083265 0.074013
2 0.792455 0.392064 0.106908 0.100740
2 0.611020 0.252775 0.089433 0.107936
2 0.540090 0.292866 0.081209 0.083265
2 0.432155 0.295950 0.089433 0.083265
2 0.366365 0.256373 0.095600 0.086349
2 0.468133 0.140214 0.083265 0.074013
2 0.811472 0.180818 0.095600 0.097656
2 0.950761 0.203433 0.076069 0.079153
2 0.383213 0.028475 0.098911 0.056949
2 0.028218 0.697962 0.056435 0.087218
1 0.041590 0.055951 0.067785 0.074678
2 0.665848 0.965418 0.082386 0.069164
2 0.776884 0.948644 0.088465 0.065487
1 0.464384 0.374770 0.076976 0.075827
2 0.600528 0.388557 0.057445 0.066636
