1 0.102068 0.035746 0.049460 0.051709
1 0.164456 0.015513 0.079811 0.022482
2 0.337005 0.256632 0.051709 0.048336
2 0.112747 0.290917 0.064074 0.047212
2 0.138602 0.265625 0.052833 0.039344
2 0.179631 0.284735 0.049460 0.048336
2 0.099820 0.326888 0.042716 0.033723
2 0.124550 0.358363 0.076439 0.029227
2 0.049798 0.338129 0.032599 0.031475
2 0.077900 0.363422 0.025854 0.048336
2 0.042491 0.396021 0.035971 0.032599
2 0.016637 0.426933 0.020234 0.031475
2 0.057104 0.449415 0.058453 0.056205
2 0.208296 0.438737 0.052833 0.048336
2 0.185252 0.460656 0.026978 0.031475
2 0.189186 0.492693 0.052833 0.037095
2 0.212230 0.866457 0.085432 0.078687
2 0.322392 0.585432 0.049460 0.049460
2 0.375787 0.424123 0.050585 0.059577
2 0.493817 0.512927 0.075315 0.068570
2 0.598359 0.511241 0.057329 0.062950
2 0.648943 0.526978 0.043840 0.058453
2 0.972684 0.120616 0.050585 0.061826
2 0.973808 0.159397 0.050585 0.060701
2 0.979429 0.238647 0.030351 0.057329
2 0.968750 0.293165 0.042716 0.047212
2 0.403889 0.038557 0.055081 0.039344
2 0.424685 0.069469 0.053957 0.042716
2 0.648943 0.122864 0.052833 0.050585
2 0.803507 0.026754 0.047212 0.044964
