2 0.396690 0.027652 0.063734 0.048314
2 0.259971 0.060547 0.057566 0.056538
2 0.220909 0.101151 0.047286 0.053454
2 0.294408 0.052323 0.056538 0.044202
2 0.409025 0.078022 0.053454 0.060650
2 0.558594 0.094470 0.044202 0.031867
2 0.615646 0.076480 0.059622 0.043174
2 0.626439 0.117599 0.050370 0.039062
2 0.674239 0.114001 0.059622 0.050370
2 0.815070 0.082134 0.045230 0.042146
2 0.798109 0.234786 0.075041 0.030839
2 0.864926 0.235300 0.046258 0.038035
2 0.914268 0.224507 0.054482 0.043174
2 0.930201 0.284128 0.053454 0.039062
2 0.850021 0.299548 0.071957 0.063734
2 0.977950 0.228313 0.044100 0.054899
2 0.794511 0.271279 0.055510 0.040090
2 0.767270 0.301090 0.072985 0.046258
2 0.678351 0.309313 0.051398 0.033923
2 0.745683 0.360197 0.050370 0.049342
2 0.791941 0.396690 0.066817 0.042146
2 0.767270 0.442948 0.064762 0.050370
2 0.683491 0.350946 0.057566 0.037007
2 0.712274 0.398746 0.043174 0.050370
2 0.730263 0.451686 0.060650 0.051398
2 0.692229 0.896793 0.038035 0.039062
2 0.770868 0.966180 0.057566 0.050370
2 0.827405 0.969778 0.055510 0.045230
2 0.875720 0.969264 0.053454 0.033923
2 0.821752 0.940995 0.062706 0.047286
2 0.731291 0.980572 0.042146 0.031867
2 0.707648 0.842311 0.060650 0.049342
