2 0.058790 0.308341 0.055081 0.050585
2 0.067783 0.372977 0.034847 0.044964
2 0.144222 0.388152 0.052833 0.039344
2 0.174573 0.363984 0.064074 0.033723
1 0.086331 0.442671 0.047212 0.051709
1 0.064973 0.500000 0.047212 0.040468
1 0.029002 0.425809 0.026978 0.026978
1 0.023943 0.469649 0.028103 0.051709
1 0.135791 0.501124 0.053957 0.069694
1 0.205486 0.489883 0.060701 0.040468
1 0.217851 0.544964 0.069694 0.053957
2 0.143660 0.585994 0.074191 0.030351
2 0.101506 0.559015 0.066322 0.028103
1 0.144784 0.288669 0.062950 0.049460
1 0.244267 0.022819 0.030351 0.032599
2 0.187500 0.041367 0.042716 0.029227
