2 0.019683 0.059558 0.039367 0.059050
2 0.042217 0.017147 0.059235 0.034294
2 0.153003 0.059659 0.060877 0.054789
2 0.214015 0.030337 0.080898 0.060674
2 0.215909 0.096185 0.064935 0.075081
2 0.276786 0.129667 0.085227 0.089286
2 0.221997 0.183442 0.077110 0.062906
2 0.025771 0.254992 0.051542 0.061851
2 0.422890 0.136769 0.081169 0.066964
2 0.503581 0.035410 0.057774 0.070820
2 0.441063 0.030337 0.056997 0.060674
2 0.398539 0.264610 0.085227 0.083198
2 0.288961 0.257508 0.064935 0.073052
2 0.294034 0.325487 0.062906 0.058847
2 0.344765 0.360998 0.075081 0.081169
2 0.379261 0.333604 0.091315 0.075081
2 0.171266 0.456372 0.085227 0.060877
2 0.162135 0.390422 0.079140 0.066964
2 0.082995 0.498985 0.062906 0.060877
2 0.389407 0.597403 0.103490 0.103490
2 0.315341 0.679586 0.064935 0.077110
2 0.283888 0.735390 0.103490 0.079140
2 0.149959 0.735390 0.054789 0.038555
2 0.113433 0.718141 0.038555 0.044643
2 0.068791 0.689732 0.038555 0.036526
2 0.086039 0.909903 0.077110 0.062906
2 0.383320 0.804383 0.075081 0.075081
2 0.405641 0.878450 0.071023 0.068994
2 0.554789 0.732346 0.089286 0.089286
2 0.633929 0.834821 0.097403 0.095373
2 0.482752 0.888596 0.066964 0.093344
2 0.433036 0.953531 0.097403 0.073052
2 0.539570 0.931209 0.095373 0.093344
2 0.642045 0.951502 0.068994 0.056818
2 0.626826 0.907873 0.071023 0.054789
2 0.914976 0.901786 0.079140 0.099432
2 0.969156 0.940262 0.061688 0.095215
2 0.765406 0.964590 0.076267 0.070820
2 0.699878 0.927151 0.062906 0.068994
2 0.699124 0.975751 0.069514 0.048498
2 0.977273 0.718649 0.045455 0.078125
