1 0.447338 0.385995 0.067130 0.077546
1 0.513889 0.373843 0.077546 0.074074
1 0.613426 0.351852 0.068287 0.071759
1 0.565394 0.285301 0.115741 0.100694
1 0.469329 0.239005 0.076389 0.084491
1 0.429977 0.159722 0.081019 0.083333
1 0.552662 0.142361 0.069444 0.078704
2 0.684606 0.166667 0.060185 0.060185
2 0.800347 0.184028 0.094907 0.090278
2 0.781250 0.069444 0.072917 0.069444
2 0.708912 0.062500 0.085648 0.083333
2 0.915509 0.078125 0.070602 0.082176
1 0.631944 0.240741 0.089120 0.085648
1 0.958912 0.925347 0.074074 0.091435
1 0.931713 0.849537 0.086806 0.074074
1 0.549769 0.453704 0.089120 0.081019
2 0.381366 0.600694 0.069444 0.069444
2 0.354167 0.656829 0.079861 0.061343
1 0.186343 0.502315 0.049769 0.060185
1 0.221644 0.403935 0.055556 0.069444
1 0.122106 0.504051 0.067130 0.052083
