2 0.847481 0.134445 0.078125 0.068797
2 0.939016 0.095965 0.074627 0.071129
2 0.917444 0.190415 0.078125 0.075793
2 0.931437 0.028335 0.082789 0.050140
2 0.882463 0.046409 0.057136 0.065299
2 0.838153 0.032999 0.089785 0.061800
2 0.651003 0.141441 0.072295 0.064132
2 0.714552 0.147854 0.064132 0.055970
2 0.746035 0.136194 0.052472 0.067631
2 0.634095 0.205574 0.080457 0.061800
2 0.695896 0.241138 0.073461 0.076959
2 0.576959 0.167677 0.071129 0.048974
2 0.573461 0.218983 0.073461 0.060634
2 0.518074 0.261544 0.058302 0.059468
2 0.359492 0.140275 0.074627 0.064132
2 0.353661 0.079058 0.069963 0.062966
2 0.296525 0.095382 0.076959 0.065299
2 0.235308 0.131530 0.080457 0.074627
2 0.280784 0.174674 0.061800 0.074627
2 0.216651 0.207906 0.092118 0.080457
2 0.164179 0.142024 0.085121 0.081623
2 0.199743 0.073811 0.074627 0.064132
2 0.108209 0.126866 0.073461 0.074627
2 0.132113 0.195662 0.079291 0.062966
2 0.457439 0.248717 0.067631 0.047808
2 0.404967 0.283116 0.048974 0.044310
2 0.659748 0.472015 0.073461 0.062966
2 0.691814 0.420709 0.083955 0.062966
2 0.741954 0.489506 0.062966 0.055970
2 0.802589 0.610191 0.076959 0.066465
2 0.921525 0.615438 0.065299 0.076959
2 0.925023 0.688316 0.060634 0.050140
2 0.803755 0.654501 0.069963 0.040812
2 0.785681 0.656833 0.059468 0.066465
2 0.230644 0.466768 0.087453 0.075793
2 0.272038 0.522738 0.074627 0.066465
2 0.200910 0.530900 0.072295 0.066465
2 0.143773 0.556553 0.088619 0.078125
2 0.202659 0.610774 0.073461 0.072295
2 0.120452 0.651003 0.079291 0.080457
2 0.072645 0.523904 0.083955 0.075793
2 0.048741 0.576959 0.078125 0.076959
2 0.044076 0.656250 0.078125 0.069963
2 0.301189 0.824160 0.067631 0.055970
2 0.308769 0.965835 0.071129 0.061800
2 0.323344 0.927938 0.062966 0.051306
2 0.275536 0.958256 0.074627 0.060634
2 0.118120 0.876049 0.072295 0.073461
2 0.209655 0.862057 0.054804 0.059468
2 0.233559 0.806087 0.067631 0.054804
2 0.254548 0.781017 0.067631 0.048974
2 0.086637 0.926772 0.083955 0.072295
2 0.027169 0.885378 0.053638 0.064132
2 0.076143 0.826493 0.062966 0.051306
2 0.041161 0.827076 0.058302 0.059468
2 0.167094 0.319263 0.055970 0.058302
