2 0.398269 0.049798 0.066322 0.030351
2 0.465153 0.050922 0.051709 0.070818
2 0.406700 0.103754 0.065198 0.070818
2 0.066659 0.032374 0.052833 0.040468
2 0.093638 0.048112 0.046088 0.035971
2 0.232464 0.236960 0.049460 0.038219
2 0.456722 0.244829 0.034847 0.038219
2 0.508993 0.193683 0.076439 0.057329
2 0.529227 0.247639 0.049460 0.059577
2 0.660184 0.249326 0.034847 0.040468
2 0.690535 0.238647 0.048336 0.046088
2 0.682104 0.278552 0.056205 0.049460
2 0.815310 0.230216 0.100045 0.060701
2 0.786646 0.084083 0.062950 0.071942
2 0.722572 0.034622 0.067446 0.060701
2 0.281362 0.310589 0.039344 0.052833
2 0.296538 0.271808 0.042716 0.047212
2 0.119492 0.591614 0.066322 0.064074
2 0.037995 0.628710 0.053957 0.055081
2 0.030688 0.649505 0.037095 0.058453
2 0.301596 0.898494 0.064074 0.070818
2 0.437612 0.563512 0.075315 0.059577
2 0.512365 0.544402 0.094424 0.068570
2 0.571380 0.626461 0.102293 0.097797
2 0.493817 0.659060 0.070818 0.066322
2 0.682104 0.796201 0.042716 0.075315
2 0.678732 0.876012 0.065198 0.055081
2 0.680418 0.933341 0.059577 0.052833
2 0.837792 0.836668 0.064074 0.059577
2 0.884442 0.833296 0.044964 0.073067
2 0.874888 0.898494 0.052833 0.052833
2 0.938399 0.863647 0.040468 0.070818
2 0.972122 0.876012 0.042716 0.052833
2 0.966502 0.958633 0.049460 0.056205
2 0.846785 0.957509 0.052833 0.060701
2 0.752361 0.968750 0.052833 0.038219
2 0.920976 0.721448 0.064074 0.058453
2 0.981565 0.166544 0.036871 0.052513
2 0.867581 0.509555 0.047212 0.037095
