2 0.053903 0.137837 0.069703 0.057505
2 0.097758 0.343460 0.058666 0.041241
2 0.132609 0.308899 0.050534 0.047630
2 0.094563 0.291763 0.044145 0.049373
2 0.619366 0.131157 0.040079 0.051115
2 0.669029 0.127382 0.027881 0.045888
2 0.707946 0.137546 0.030204 0.044145
2 0.698072 0.220899 0.030204 0.044726
2 0.734665 0.216543 0.041822 0.044145
2 0.096015 0.885978 0.064475 0.047049
2 0.032121 0.888302 0.057505 0.072607
2 0.104438 0.924315 0.046468 0.026138
2 0.828764 0.768355 0.026719 0.063894
2 0.786652 0.831959 0.048211 0.036594
2 0.794784 0.813662 0.033109 0.027881
2 0.537407 0.515559 0.027145 0.065546
2 0.878881 0.761949 0.046977 0.051062
2 0.872753 0.706801 0.051062 0.049020
2 0.896752 0.680249 0.041871 0.053105
2 0.940666 0.662888 0.054126 0.059232
2 0.969771 0.913603 0.046977 0.056168
2 0.852839 0.847222 0.052083 0.043913
