2 0.471313 0.716064 0.083008 0.078125
2 0.543945 0.717896 0.069580 0.079346
2 0.593384 0.733765 0.056152 0.084229
2 0.620850 0.797852 0.074463 0.070801
2 0.526245 0.782593 0.078125 0.057373
2 0.886963 0.492065 0.059814 0.054932
2 0.854614 0.575073 0.056152 0.050049
2 0.892456 0.735596 0.053711 0.048828
2 0.855225 0.714233 0.052490 0.052490
2 0.933350 0.706299 0.045166 0.046387
2 0.975464 0.343140 0.046387 0.054932
2 0.960815 0.383423 0.051270 0.047607
2 0.839355 0.197266 0.052490 0.048828
2 0.808228 0.254639 0.056152 0.058594
2 0.518311 0.955933 0.052490 0.054932
2 0.597656 0.654419 0.057373 0.054932
2 0.654419 0.645874 0.056152 0.054932
2 0.567749 0.963867 0.048828 0.053711
2 0.094116 0.923584 0.043945 0.046387
2 0.890625 0.203979 0.047607 0.050049
2 0.903442 0.243652 0.043945 0.046387
2 0.929688 0.304688 0.047607 0.051270
2 0.982788 0.115479 0.031738 0.056152
2 0.144775 0.368164 0.047607 0.039062
2 0.094727 0.330322 0.037842 0.048828
