2 0.085218 0.070826 0.055510 0.054482
2 0.037932 0.411081 0.057566 0.048314
2 0.122738 0.404400 0.062706 0.053454
2 0.137130 0.355572 0.066817 0.056538
2 0.046155 0.315995 0.053454 0.055510
1 0.205489 0.120683 0.074013 0.076069
1 0.274363 0.211143 0.045230 0.065789
2 0.275905 0.275905 0.058594 0.055510
2 0.217311 0.310855 0.068873 0.053454
2 0.155119 0.265111 0.057566 0.052426
1 0.143812 0.157689 0.061678 0.069901
1 0.135588 0.094984 0.055510 0.055510
2 0.218853 0.258429 0.055510 0.045230
2 0.461965 0.077508 0.060650 0.061678
2 0.519531 0.058491 0.048314 0.056538
2 0.404914 0.086760 0.051398 0.065789
2 0.424959 0.032278 0.070929 0.053454
