1 0.189331 0.064209 0.073242 0.080566
1 0.229004 0.121582 0.079346 0.075684
1 0.144165 0.089233 0.065918 0.069580
2 0.152710 0.152100 0.065918 0.058594
2 0.210693 0.186890 0.054932 0.054932
2 0.194824 0.208862 0.072021 0.064697
2 0.104492 0.959595 0.084229 0.072021
2 0.803955 0.534790 0.064697 0.059814
2 0.900391 0.509766 0.054932 0.061035
2 0.872925 0.583008 0.056152 0.058594
2 0.940063 0.583008 0.053711 0.065918
2 0.956543 0.543335 0.054932 0.057373
2 0.927856 0.628784 0.063477 0.062256
2 0.880249 0.269287 0.056152 0.070801
2 0.901611 0.211914 0.074463 0.063477
2 0.211914 0.015381 0.076904 0.029297
2 0.875366 0.466431 0.065918 0.064697
2 0.769775 0.419434 0.057373 0.056152
2 0.824707 0.259521 0.062256 0.073242
2 0.963257 0.048950 0.068359 0.074463
2 0.960205 0.188110 0.064697 0.064697
2 0.929688 0.241821 0.064697 0.062256
2 0.412109 0.871704 0.074463 0.057373
2 0.362061 0.873535 0.045166 0.061035
2 0.597656 0.852173 0.062256 0.054932
2 0.528076 0.717285 0.052490 0.051270
2 0.517700 0.840576 0.056152 0.061035
