1 0.277447 0.538035 0.076069 0.065789
1 0.274877 0.601768 0.095600 0.055510
1 0.189556 0.782175 0.081209 0.091488
1 0.243010 0.774979 0.075041 0.095600
1 0.149979 0.844367 0.084293 0.086349
1 0.400802 0.906558 0.106908 0.075041
1 0.457854 0.935341 0.060650 0.054482
1 0.349918 0.965152 0.083265 0.056538
1 0.451550 0.975123 0.101497 0.049753
2 0.348376 0.402858 0.063734 0.064762
2 0.313425 0.358141 0.051398 0.067845
2 0.285156 0.392064 0.058594 0.061678
2 0.260485 0.268709 0.040090 0.047286
2 0.237356 0.230674 0.051398 0.055510
2 0.289268 0.234272 0.046258 0.052426
2 0.194696 0.216797 0.044202 0.062706
2 0.140214 0.192126 0.052426 0.038035
2 0.109375 0.320107 0.083265 0.063734
2 0.355572 0.569387 0.067845 0.054482
2 0.312911 0.617701 0.052426 0.056538
2 0.326789 0.582237 0.041118 0.051398
2 0.786287 0.239412 0.034951 0.046258
2 0.838713 0.241468 0.051398 0.040090
2 0.511308 0.942023 0.033923 0.043174
2 0.762130 0.869038 0.060650 0.047286
2 0.806332 0.848479 0.062706 0.078125
2 0.547286 0.952303 0.035979 0.055510
2 0.837171 0.577097 0.035979 0.045230
2 0.869038 0.610506 0.040090 0.056538
2 0.900391 0.603824 0.057566 0.051398
2 0.890625 0.697882 0.068873 0.072985
2 0.949219 0.693771 0.054482 0.060650
2 0.775493 0.609992 0.070929 0.084293
2 0.712274 0.236842 0.057566 0.098684
