1 0.985795 0.289635 0.028409 0.065066
1 0.981534 0.342394 0.036932 0.065470
1 0.942472 0.370739 0.046875 0.053977
1 0.950994 0.408381 0.044034 0.058239
1 0.917614 0.403409 0.039773 0.039773
1 0.921165 0.436790 0.035511 0.038352
1 0.864347 0.482955 0.052557 0.048295
1 0.833807 0.541193 0.053977 0.068182
1 0.884943 0.530540 0.051136 0.069602
1 0.925426 0.542614 0.049716 0.056818
1 0.864347 0.585938 0.044034 0.052557
1 0.024148 0.223722 0.034091 0.038352
1 0.017756 0.250000 0.029830 0.034091
2 0.953125 0.563920 0.036932 0.051136
2 0.907670 0.616477 0.048295 0.048295
2 0.505682 0.186080 0.039773 0.039773
2 0.512784 0.218040 0.045455 0.044034
2 0.542614 0.210227 0.045455 0.048295
2 0.502841 0.133523 0.051136 0.053977
2 0.221591 0.718750 0.065341 0.073864
2 0.203835 0.762784 0.066761 0.082386
