1 0.207168 0.245957 0.062281 0.073208
1 0.597793 0.288571 0.067745 0.084135
1 0.647509 0.394012 0.088505 0.093969
1 0.716892 0.476508 0.076486 0.077579
1 0.729458 0.391827 0.055726 0.085227
1 0.798842 0.268903 0.096154 0.108173
1 0.828344 0.359047 0.096154 0.054633
1 0.938702 0.359047 0.083042 0.104895
1 0.136691 0.196788 0.069930 0.066652
1 0.678649 0.135052 0.085227 0.048077
1 0.802666 0.080966 0.049170 0.042614
1 0.873689 0.688483 0.073208 0.064467
0 0.822334 0.521307 0.044799 0.055726
0 0.833260 0.465035 0.022946 0.024038
1 0.945804 0.753497 0.062281 0.072115
1 0.841455 0.762784 0.078671 0.075393
1 0.607627 0.802120 0.059003 0.073208
1 0.235577 0.691761 0.068837 0.079764
1 0.212085 0.770979 0.052448 0.080857
1 0.298951 0.804851 0.081949 0.080857
1 0.233392 0.846372 0.036058 0.050262
1 0.340472 0.873689 0.068837 0.054633
1 0.095717 0.762784 0.075393 0.092876
1 0.014860 0.677010 0.029502 0.063374
1 0.029065 0.742024 0.038243 0.055726
