0 0.317969 0.103906 0.100000 0.142187
0 0.414844 0.147656 0.106250 0.154688
0 0.026953 0.069397 0.053906 0.126295
0 0.114062 0.119531 0.139063 0.076563
0 0.536719 0.797656 0.121875 0.092188
0 0.604688 0.884375 0.132812 0.103125
0 0.709375 0.945312 0.129688 0.103125
0 0.917188 0.930469 0.076563 0.079687
0 0.360938 0.025781 0.123438 0.048438
0 0.590625 0.359375 0.107813 0.084375
1 0.766406 0.853125 0.106250 0.093750
1 0.983203 0.734935 0.030469 0.141746
2 0.631250 0.126562 0.107813 0.087500
2 0.527344 0.160156 0.084375 0.076563
2 0.443750 0.238281 0.076563 0.079687
2 0.525000 0.278125 0.079687 0.078125
2 0.591406 0.217188 0.084375 0.071875
2 0.642188 0.248438 0.092188 0.087500
2 0.661719 0.325000 0.106250 0.090625
2 0.480469 0.103125 0.071875 0.071875
1 0.166406 0.044531 0.137500 0.085938
2 0.499219 0.932813 0.106250 0.121875
