2 0.038651 0.093750 0.074013 0.184211
2 0.139803 0.132401 0.177632 0.159539
2 0.231908 0.237664 0.190789 0.182566
2 0.050987 0.430099 0.101974 0.245066
2 0.055921 0.641447 0.111842 0.230263
2 0.149671 0.531250 0.210526 0.246711
2 0.240132 0.420230 0.226974 0.199013
2 0.527961 0.836349 0.115132 0.139803
2 0.514803 0.954770 0.157895 0.083882
2 0.942673 0.958782 0.109484 0.082435
2 0.804283 0.978987 0.115571 0.042026
2 0.627290 0.847522 0.111800 0.129310
2 0.646821 0.759968 0.137392 0.134698
2 0.774784 0.785560 0.129310 0.129310
2 0.854930 0.823949 0.125269 0.130657
2 0.901401 0.877829 0.107759 0.090248
