2 0.234150 0.076776 0.066322 0.064074
2 0.139726 0.063287 0.057329 0.061826
2 0.178507 0.039681 0.047212 0.059577
2 0.300472 0.049236 0.073067 0.053957
2 0.240895 0.024505 0.111286 0.040468
2 0.874326 0.083521 0.056205 0.057329
2 0.877136 0.031250 0.059577 0.047212
2 0.941772 0.024505 0.038219 0.035971
2 0.955261 0.064973 0.051709 0.049460
2 0.303844 0.552833 0.057329 0.049460
2 0.383094 0.583746 0.042716 0.061826
2 0.422437 0.574191 0.056205 0.053957
2 0.510679 0.609038 0.055081 0.051709
2 0.507869 0.559577 0.049460 0.042716
2 0.451664 0.521920 0.060701 0.064074
2 0.538781 0.779339 0.052833 0.048336
2 0.446605 0.775967 0.048336 0.041592
2 0.432554 0.736623 0.058453 0.061826
2 0.400517 0.792266 0.050585 0.047212
2 0.438737 0.848471 0.059577 0.047212
2 0.501686 0.837792 0.052833 0.043840
2 0.551709 0.834982 0.047212 0.065198
2 0.207172 0.908049 0.037095 0.040468
2 0.174573 0.939523 0.039344 0.038219
2 0.215603 0.954137 0.040468 0.033723
2 0.403327 0.973808 0.058453 0.041592
2 0.319020 0.983925 0.053957 0.025854
2 0.628710 0.805193 0.037095 0.055081
2 0.407262 0.923224 0.050585 0.043840
2 0.353867 0.689973 0.047212 0.040468
2 0.091951 0.642199 0.040468 0.030351
2 0.080148 0.732127 0.041592 0.039344
2 0.035184 0.730441 0.021358 0.033723
2 0.020571 0.707397 0.030351 0.034847
2 0.708521 0.856340 0.046088 0.035971
2 0.660746 0.845099 0.029227 0.049460
2 0.046987 0.466277 0.031475 0.038219
2 0.096448 0.466839 0.051709 0.034847
2 0.067783 0.555643 0.043840 0.043840
2 0.174573 0.313961 0.034847 0.028103
2 0.322954 0.082959 0.052833 0.069694
2 0.253822 0.139164 0.044964 0.040468
