2 0.638221 0.269996 0.126748 0.130026
2 0.939795 0.867133 0.100524 0.087413
2 0.921219 0.943073 0.087413 0.088505
2 0.467767 0.973121 0.118007 0.045892
2 0.486888 0.933785 0.090691 0.059003
1 0.596154 0.932692 0.097247 0.083042
0 0.637675 0.834899 0.101617 0.053540
0 0.584681 0.540975 0.087413 0.057911
0 0.717985 0.514205 0.069930 0.091783
0 0.656796 0.465035 0.080857 0.067745
0 0.662260 0.353038 0.048077 0.036058
0 0.734375 0.130682 0.043706 0.065559
0 0.698317 0.071678 0.065559 0.052448
0 0.609812 0.032889 0.059003 0.029502
0 0.564467 0.089707 0.086320 0.053540
0 0.616914 0.126858 0.049170 0.049170
0 0.661167 0.143247 0.043706 0.044799
0 0.778081 0.074956 0.026224 0.050262
