2 0.072610 0.442096 0.034926 0.033088
2 0.076287 0.474265 0.049632 0.034926
2 0.088235 0.627757 0.044118 0.036765
2 0.015625 0.660846 0.027574 0.036765
2 0.034007 0.693934 0.042279 0.036765
2 0.482537 0.890625 0.045956 0.036765
2 0.505515 0.861213 0.036765 0.040441
2 0.531250 0.881434 0.047794 0.033088
2 0.856618 0.831801 0.047794 0.047794
2 0.506434 0.515625 0.049632 0.044118
2 0.479779 0.204963 0.036765 0.029412
2 0.476103 0.257353 0.040441 0.027574
1 0.780331 0.973346 0.093750 0.040441
1 0.720588 0.976103 0.062500 0.042279
1 0.757353 0.953125 0.066176 0.062500
2 0.545956 0.487132 0.055147 0.045956
