2 0.291406 0.084375 0.170313 0.150000
2 0.399219 0.166406 0.220312 0.182812
2 0.464844 0.329688 0.220312 0.187500
2 0.617969 0.224219 0.220312 0.214062
2 0.675421 0.062500 0.174157 0.125000
2 0.235937 0.247656 0.225000 0.182812
2 0.259375 0.400781 0.187500 0.179688
2 0.481250 0.503906 0.190625 0.182812
2 0.574219 0.596094 0.210938 0.195312
2 0.683594 0.411719 0.195312 0.214062
2 0.850000 0.360938 0.171875 0.150000
2 0.869531 0.533594 0.185938 0.167187
2 0.727344 0.578906 0.154688 0.145313
2 0.905469 0.148438 0.179688 0.196875
