1 0.877315 0.721644 0.075231 0.075231
1 0.950231 0.737847 0.086806 0.079861
1 0.804398 0.612847 0.084491 0.079861
1 0.845486 0.673611 0.094907 0.078704
1 0.876736 0.600694 0.060185 0.071759
1 0.873264 0.543403 0.078704 0.061343
1 0.806713 0.543403 0.056713 0.061343
1 0.689815 0.400463 0.079861 0.060185
2 0.609375 0.486111 0.071759 0.078704
2 0.683449 0.769097 0.078704 0.059028
2 0.650463 0.820023 0.075231 0.059028
2 0.881944 0.879630 0.079861 0.081019
2 0.957176 0.945602 0.082176 0.078704
2 0.947917 0.878472 0.061343 0.062500
2 0.597801 0.784722 0.060185 0.050926
2 0.565972 0.743056 0.061343 0.062500
2 0.834491 0.115741 0.054398 0.053241
1 0.704282 0.290509 0.067130 0.048611
2 0.320602 0.569444 0.063657 0.074074
2 0.350116 0.919560 0.064815 0.077546
2 0.406250 0.921875 0.045139 0.068287
2 0.324074 0.973380 0.061343 0.043981
2 0.085648 0.776620 0.061343 0.057870
2 0.644097 0.291667 0.046296 0.067130
2 0.359375 0.498843 0.055556 0.067130
