2 0.059152 0.193080 0.072545 0.109747
2 0.045201 0.297247 0.059524 0.057664
2 0.025670 0.335379 0.042783 0.055804
2 0.076823 0.339100 0.044643 0.044643
2 0.318638 0.541853 0.085565 0.066964
2 0.387463 0.387463 0.040923 0.055804
2 0.456287 0.329799 0.055804 0.055804
2 0.633929 0.107515 0.061384 0.072545
2 0.699033 0.051711 0.076265 0.094866
2 0.698103 0.104725 0.059524 0.063244
2 0.571615 0.115885 0.066964 0.059524
2 0.754836 0.061012 0.072545 0.072545
2 0.819010 0.047991 0.055804 0.068824
2 0.879464 0.093564 0.061384 0.070685
2 0.982050 0.101888 0.035900 0.053850
2 0.897135 0.152158 0.052083 0.039062
2 0.886905 0.422805 0.053943 0.044643
2 0.952009 0.460938 0.053943 0.065104
2 0.513021 0.903646 0.061384 0.050223
2 0.013579 0.801339 0.026042 0.068824
2 0.419085 0.655320 0.044643 0.055804
