1 0.842851 0.076214 0.060701 0.074191
1 0.845099 0.173449 0.071942 0.095549
1 0.743368 0.121740 0.086556 0.104541
1 0.766412 0.039119 0.047212 0.051709
1 0.681542 0.081835 0.050585 0.062950
1 0.632082 0.120054 0.057329 0.060701
2 0.689411 0.200989 0.070818 0.051709
1 0.741682 0.243143 0.026978 0.048336
1 0.676484 0.306093 0.042716 0.041592
1 0.702338 0.349371 0.033723 0.047212
1 0.739996 0.335319 0.034847 0.037095
1 0.814186 0.288669 0.057329 0.049460
2 0.962005 0.263377 0.040468 0.055081
2 0.963692 0.320706 0.032599 0.039344
2 0.542154 0.114433 0.079811 0.074191
1 0.465153 0.100382 0.051709 0.041592
1 0.235836 0.231340 0.083183 0.069694
1 0.213354 0.291479 0.076439 0.073067
1 0.189186 0.352181 0.075315 0.073067
1 0.430868 0.311713 0.066322 0.066322
1 0.443233 0.471897 0.070818 0.107914
1 0.544964 0.504496 0.042716 0.056205
1 0.494942 0.362860 0.037095 0.051709
1 0.304969 0.437050 0.041592 0.040468
1 0.185814 0.440985 0.061826 0.050585
1 0.144784 0.494942 0.029227 0.037095
1 0.113871 0.523606 0.052833 0.065198
1 0.209982 0.508431 0.069694 0.082059
1 0.290917 0.552833 0.074191 0.051709
1 0.218413 0.569694 0.037095 0.026978
1 0.257194 0.604541 0.065198 0.031475
1 0.281924 0.656250 0.067446 0.033723
1 0.477518 0.686601 0.047212 0.044964
1 0.688849 0.678170 0.044964 0.057329
1 0.894559 0.609600 0.038219 0.066322
1 0.950202 0.612410 0.039344 0.058453
1 0.979879 0.570576 0.040243 0.055721
1 0.935027 0.545526 0.047212 0.048336
1 0.983251 0.516327 0.033498 0.041646
1 0.743930 0.949078 0.033723 0.043840
1 0.484263 0.886691 0.056205 0.051709
1 0.315647 0.892873 0.051709 0.057329
1 0.087455 0.811376 0.065198 0.065198
1 0.157711 0.908611 0.061826 0.059577
1 0.260567 0.985049 0.076439 0.023606
1 0.287545 0.917041 0.051709 0.058453
1 0.337567 0.844537 0.046088 0.043840
1 0.171201 0.973246 0.079811 0.031475
