2 0.028906 0.064062 0.042188 0.053125
2 0.074219 0.043750 0.042188 0.046875
2 0.089063 0.078125 0.040625 0.037500
2 0.101562 0.109375 0.053125 0.037500
2 0.021094 0.118750 0.039062 0.062500
2 0.153125 0.089063 0.046875 0.040625
2 0.187500 0.071094 0.037500 0.042188
2 0.269531 0.049219 0.042188 0.042188
2 0.273438 0.015625 0.065625 0.028125
1 0.334375 0.378906 0.071875 0.064062
1 0.284375 0.392969 0.037500 0.048438
2 0.247656 0.417187 0.032813 0.050000
1 0.347656 0.461719 0.035937 0.042188
2 0.296094 0.538281 0.051562 0.070312
2 0.353125 0.507812 0.046875 0.043750
2 0.347656 0.553125 0.042188 0.053125
2 0.402344 0.478125 0.035937 0.034375
2 0.459375 0.535156 0.028125 0.035937
2 0.471094 0.154688 0.035937 0.037500
2 0.328125 0.110937 0.046875 0.053125
2 0.162500 0.171875 0.037500 0.050000
2 0.571094 0.207031 0.042188 0.035937
2 0.618750 0.185938 0.046875 0.043750
2 0.564844 0.247656 0.054688 0.051562
2 0.797656 0.075781 0.057813 0.039062
2 0.796094 0.125781 0.051562 0.057813
2 0.853906 0.060156 0.035937 0.057813
2 0.917188 0.038281 0.040625 0.032813
2 0.953906 0.060156 0.048438 0.051562
2 0.978906 0.021875 0.042188 0.031250
2 0.545312 0.560156 0.040625 0.051562
2 0.382031 0.842187 0.051562 0.056250
2 0.328125 0.852344 0.059375 0.039062
2 0.348438 0.903906 0.053125 0.048438
2 0.376563 0.939844 0.050000 0.045312
2 0.309375 0.913281 0.028125 0.051562
1 0.792969 0.805469 0.054688 0.064062
1 0.848437 0.803906 0.062500 0.048438
1 0.756250 0.879687 0.053125 0.056250
1 0.746875 0.842969 0.053125 0.032813
1 0.708594 0.875000 0.045312 0.028125
1 0.657031 0.501563 0.048438 0.046875
1 0.892188 0.511719 0.075000 0.070312
2 0.865625 0.457813 0.043750 0.053125
2 0.678906 0.546094 0.051562 0.045312
2 0.625781 0.542969 0.039062 0.039062
2 0.619531 0.589844 0.042188 0.039062
2 0.563281 0.520312 0.039062 0.040625
2 0.808594 0.626563 0.042188 0.062500
1 0.305469 0.450000 0.051562 0.050000
1 0.264062 0.457813 0.037500 0.037500
1 0.292187 0.478906 0.037500 0.029687
1 0.977344 0.871094 0.045312 0.064062
1 0.953125 0.951562 0.056250 0.056250
1 0.918750 0.978125 0.043750 0.040625
1 0.772656 0.977344 0.051562 0.045312
1 0.717187 0.981250 0.043750 0.037500
1 0.712500 0.917188 0.046875 0.037500
2 0.744531 0.446094 0.048438 0.045312
2 0.824219 0.425781 0.042188 0.057813
