2 0.066659 0.165580 0.030351 0.034847
2 0.090265 0.152653 0.025854 0.040468
2 0.062163 0.131295 0.025854 0.022482
2 0.031250 0.147594 0.033723 0.034847
2 0.425809 0.428058 0.015737 0.026978
2 0.451102 0.453350 0.028103 0.023606
2 0.465715 0.432554 0.019110 0.020234
2 0.451102 0.496066 0.043840 0.019110
2 0.511803 0.595549 0.025854 0.020234
2 0.517424 0.612410 0.021358 0.024730
2 0.355553 0.525854 0.028103 0.040468
2 0.387028 0.523044 0.043840 0.037095
2 0.267311 0.568570 0.035971 0.031475
2 0.293165 0.554519 0.013489 0.012365
2 0.322392 0.547774 0.033723 0.028103
2 0.316772 0.511803 0.017986 0.030351
2 0.117244 0.228530 0.021358 0.037095
2 0.410634 0.080148 0.025854 0.032599
2 0.434802 0.103192 0.038219 0.033723
2 0.453350 0.297662 0.041592 0.033723
2 0.525854 0.258880 0.017986 0.023606
2 0.515175 0.288669 0.019110 0.017986
2 0.487073 0.317334 0.041592 0.019110
2 0.394897 0.661871 0.028103 0.013489
2 0.360049 0.632082 0.012365 0.012365
2 0.394897 0.630396 0.028103 0.006745
