1 0.852076 0.524671 0.193257 0.185033
1 0.798109 0.637233 0.210732 0.163446
1 0.921412 0.764057 0.157175 0.178608
2 0.380757 0.805818 0.159334 0.140831
2 0.842311 0.821752 0.177837 0.156250
2 0.187500 0.856702 0.151110 0.141859
2 0.193477 0.964330 0.163064 0.071340
1 0.457340 0.932257 0.191201 0.126439
2 0.184416 0.522101 0.118215 0.136719
2 0.062089 0.456826 0.114104 0.125411
2 0.126850 0.382299 0.130551 0.114104
2 0.065687 0.707648 0.104852 0.096628
2 0.233758 0.451172 0.085321 0.083265
2 0.054893 0.581209 0.105880 0.092516
