1 0.246704 0.240601 0.070801 0.072021
2 0.183228 0.219238 0.053711 0.053711
1 0.183838 0.275391 0.069580 0.065918
1 0.122803 0.207642 0.067139 0.067139
1 0.065430 0.221680 0.067139 0.070801
2 0.030029 0.176514 0.050049 0.053711
2 0.105713 0.278442 0.054932 0.042725
2 0.740479 0.147217 0.045166 0.051270
2 0.781982 0.147217 0.057373 0.056152
2 0.755737 0.111206 0.051270 0.045166
2 0.651978 0.368164 0.053711 0.056152
2 0.687378 0.346191 0.051270 0.061035
2 0.659302 0.275391 0.065918 0.048828
2 0.604370 0.359009 0.051270 0.057373
2 0.556152 0.411499 0.059814 0.057373
2 0.533569 0.445068 0.053711 0.051270
2 0.481689 0.434082 0.054932 0.058594
2 0.326660 0.519531 0.052490 0.043945
2 0.268066 0.515869 0.042725 0.043945
2 0.334595 0.342529 0.039062 0.041504
1 0.213745 0.175903 0.058594 0.054932
2 0.132568 0.809448 0.057373 0.067139
2 0.210693 0.824097 0.067139 0.059814
2 0.222900 0.771606 0.064697 0.052490
2 0.196045 0.736206 0.064697 0.059814
2 0.912598 0.901611 0.062256 0.061035
2 0.879639 0.864990 0.057373 0.063477
2 0.896118 0.957764 0.063477 0.058594
2 0.958984 0.964478 0.047607 0.059814
2 0.967529 0.471924 0.059814 0.075684
2 0.970581 0.587891 0.051270 0.063477
2 0.978577 0.343341 0.042847 0.060217
2 0.963867 0.121582 0.040283 0.051270
2 0.355957 0.372437 0.037842 0.037842
2 0.309570 0.550659 0.045166 0.045166
2 0.376709 0.344971 0.042725 0.041504
2 0.325439 0.141724 0.052490 0.042725
2 0.262573 0.102661 0.051270 0.059814
2 0.033691 0.075806 0.059814 0.050049
2 0.446289 0.118530 0.045166 0.042725
2 0.404175 0.117920 0.039062 0.051270
2 0.917480 0.324219 0.059814 0.043945
