2 0.541853 0.125186 0.079985 0.093006
2 0.510231 0.168899 0.079985 0.068824
2 0.587426 0.199591 0.115327 0.078125
2 0.640439 0.144717 0.102307 0.072545
2 0.702753 0.185640 0.085565 0.091146
2 0.458147 0.259115 0.057664 0.052083
2 0.386533 0.283296 0.074405 0.063244
2 0.548363 0.359561 0.085565 0.078125
2 0.489769 0.390253 0.094866 0.094866
2 0.632999 0.272135 0.106027 0.029762
2 0.508371 0.291667 0.057664 0.039062
2 0.652530 0.327939 0.126488 0.078125
2 0.666481 0.418155 0.109747 0.065104
2 0.575335 0.456287 0.098586 0.074405
2 0.540923 0.486979 0.115327 0.076265
2 0.559524 0.583705 0.066964 0.053943
2 0.521391 0.660900 0.072545 0.070685
2 0.440476 0.664621 0.074405 0.074405
2 0.397693 0.611607 0.089286 0.053943
2 0.342820 0.657180 0.065104 0.070685
2 0.283296 0.670201 0.057664 0.074405
2 0.387463 0.752046 0.053943 0.048363
2 0.347470 0.780878 0.037202 0.072545
2 0.294457 0.791109 0.065104 0.059524
2 0.300037 0.846912 0.042783 0.026042
2 0.374442 0.862723 0.053943 0.072545
2 0.432106 0.870164 0.079985 0.057664
2 0.455357 0.819010 0.040923 0.048363
2 0.316778 0.919457 0.065104 0.081845
2 0.298177 0.968750 0.079985 0.057664
2 0.629278 0.666481 0.072545 0.078125
2 0.573475 0.659970 0.053943 0.065104
2 0.866443 0.418155 0.074405 0.091146
2 0.828311 0.439546 0.091146 0.074405
2 0.793899 0.485119 0.085565 0.050223
2 0.796689 0.540923 0.094866 0.050223
2 0.791109 0.620908 0.072545 0.065104
2 0.854353 0.630208 0.046503 0.068824
2 0.913876 0.612537 0.065104 0.044643
2 0.944568 0.517671 0.055804 0.066964
2 0.867374 0.775298 0.068824 0.068824
2 0.701823 0.782738 0.094866 0.065104
2 0.649740 0.794829 0.061384 0.044643
2 0.666481 0.849702 0.057664 0.057664
2 0.621838 0.911086 0.083705 0.050223
2 0.669271 0.968750 0.089286 0.046503
2 0.750186 0.960379 0.061384 0.052083
2 0.827381 0.848772 0.085565 0.074405
2 0.808780 0.910156 0.081845 0.059524
2 0.843192 0.947359 0.057664 0.048363
2 0.928757 0.962240 0.094866 0.059524
2 0.966704 0.881534 0.066592 0.091564
