2 0.200066 0.069493 0.030594 0.028409
2 0.198973 0.097356 0.028409 0.022946
2 0.259069 0.090800 0.043706 0.031687
2 0.650240 0.327906 0.034965 0.040428
2 0.678649 0.377076 0.039336 0.038243
2 0.692854 0.354130 0.043706 0.040428
2 0.688483 0.319712 0.039336 0.032780
2 0.737653 0.369427 0.039336 0.040428
2 0.774803 0.308239 0.052448 0.064467
2 0.676464 0.175481 0.039336 0.059003
2 0.733829 0.217548 0.068837 0.046984
2 0.732190 0.179305 0.052448 0.051355
2 0.786823 0.184768 0.048077 0.066652
2 0.786276 0.193510 0.036058 0.029502
2 0.797203 0.237762 0.044799 0.050262
2 0.913024 0.334462 0.038243 0.036058
2 0.868226 0.354677 0.055726 0.043706
2 0.831075 0.298405 0.029502 0.036058
2 0.832168 0.331731 0.038243 0.024038
2 0.895542 0.424060 0.049170 0.014205
2 0.825066 0.447006 0.043706 0.046984
2 0.701049 0.544799 0.046984 0.045892
2 0.627841 0.700503 0.053540 0.042614
2 0.656796 0.729458 0.037150 0.043706
2 0.613090 0.732736 0.034965 0.045892
2 0.577032 0.715253 0.034965 0.045892
2 0.563374 0.718531 0.051355 0.030594
2 0.573208 0.755682 0.051355 0.037150
1 0.253606 0.848558 0.034965 0.045892
1 0.256884 0.881884 0.067745 0.051355
1 0.096263 0.896088 0.061189 0.046984
1 0.120848 0.928322 0.042614 0.050262
1 0.039991 0.911385 0.053540 0.038243
1 0.045455 0.961101 0.062281 0.039336
1 0.062391 0.724541 0.050262 0.046984
2 0.127404 0.367788 0.025131 0.017483
2 0.110468 0.409856 0.039336 0.046984
2 0.074956 0.426792 0.057911 0.048077
2 0.214270 0.351399 0.056818 0.048077
2 0.166193 0.155267 0.039336 0.018575
2 0.125765 0.189139 0.054633 0.040428
2 0.037260 0.167286 0.056818 0.044799
2 0.352491 0.400568 0.036058 0.037150
2 0.456840 0.352491 0.043706 0.050262
2 0.495629 0.339379 0.081949 0.072115
2 0.471045 0.468313 0.041521 0.032780
2 0.461757 0.501093 0.066652 0.050262
2 0.515844 0.524038 0.056818 0.039336
2 0.520760 0.491259 0.036058 0.043706
2 0.416958 0.120302 0.053540 0.060096
2 0.433894 0.092439 0.045892 0.039336
2 0.315887 0.230660 0.056818 0.042614
2 0.313156 0.244865 0.033872 0.031687
2 0.671547 0.488527 0.029502 0.038243
2 0.605988 0.413134 0.042614 0.042614
2 0.620739 0.379261 0.041521 0.046984
2 0.359594 0.687391 0.050262 0.044799
2 0.422421 0.645870 0.022946 0.031687
2 0.402207 0.662806 0.041521 0.034965
2 0.336101 0.638767 0.057911 0.052448
2 0.528955 0.821241 0.039336 0.037150
2 0.552994 0.838177 0.043706 0.046984
2 0.512019 0.841455 0.031687 0.033872
2 0.538789 0.866587 0.041521 0.033872
2 0.249235 0.396744 0.039336 0.018575
2 0.280376 0.338287 0.040428 0.037150
