2 0.101911 0.030255 0.089570 0.049761
2 0.099423 0.114351 0.070661 0.068670
2 0.152170 0.084494 0.088575 0.064689
2 0.263137 0.049164 0.071656 0.063694
2 0.393511 0.027269 0.083599 0.047771
2 0.363654 0.083499 0.059713 0.058718
2 0.192974 0.179041 0.080613 0.070661
2 0.222333 0.494029 0.065685 0.081608
2 0.266620 0.468153 0.058718 0.061704
2 0.308420 0.505474 0.048766 0.042795
2 0.348726 0.515426 0.047771 0.050756
2 0.321357 0.558221 0.052747 0.054737
2 0.388535 0.541799 0.059713 0.047771
2 0.395999 0.598029 0.062699 0.044785
2 0.333798 0.631369 0.059713 0.063694
2 0.450239 0.600020 0.047771 0.048766
2 0.484574 0.639331 0.066680 0.033838
2 0.440784 0.552747 0.048766 0.049761
2 0.043690 0.552747 0.056728 0.061704
2 0.122811 0.833897 0.069666 0.060709
2 0.060609 0.855295 0.076632 0.059713
2 0.104399 0.897592 0.050756 0.038814
2 0.108877 0.949841 0.079618 0.055732
2 0.696557 0.276075 0.078623 0.073646
2 0.722432 0.349224 0.088575 0.042795
2 0.784634 0.385549 0.061704 0.083599
1 0.873209 0.411923 0.087580 0.074642
1 0.968252 0.444268 0.050756 0.073646
1 0.950338 0.299463 0.088575 0.072651
1 0.867735 0.343750 0.082604 0.055732
1 0.896596 0.132265 0.098527 0.110470
