2 0.344329 0.502894 0.076389 0.075231
2 0.382523 0.561343 0.071759 0.076389
2 0.447338 0.586806 0.081019 0.083333
2 0.434028 0.510417 0.072917 0.071759
2 0.469329 0.450810 0.087963 0.061343
2 0.579861 0.412037 0.068287 0.074074
2 0.494213 0.395255 0.072917 0.075231
2 0.590278 0.166667 0.056713 0.050926
2 0.692130 0.111690 0.068287 0.063657
2 0.918981 0.122685 0.093750 0.097222
1 0.961314 0.071214 0.074248 0.082244
2 0.500579 0.152199 0.062500 0.063657
2 0.060185 0.228009 0.049769 0.062500
2 0.070602 0.321759 0.065972 0.050926
2 0.399306 0.712963 0.049769 0.053241
2 0.332176 0.701968 0.056713 0.045139
2 0.445602 0.811343 0.077546 0.076389
2 0.418981 0.878472 0.056713 0.064815
2 0.936343 0.914352 0.059028 0.074074
2 0.086227 0.279514 0.055556 0.052083
2 0.626736 0.454282 0.074074 0.065972
