2 0.865333 0.031812 0.040468 0.041592
2 0.653440 0.170638 0.043840 0.062950
2 0.640513 0.212230 0.067446 0.049460
2 0.657374 0.252136 0.038219 0.032599
2 0.696718 0.233026 0.047212 0.030351
2 0.705710 0.168390 0.035971 0.031475
2 0.722572 0.267311 0.031475 0.042716
2 0.707397 0.298786 0.041592 0.033723
2 0.743368 0.328013 0.043840 0.026978
2 0.673674 0.329699 0.046088 0.041592
2 0.722572 0.371853 0.040468 0.047212
2 0.867019 0.375787 0.039344 0.043840
2 0.878260 0.411758 0.059577 0.052833
2 0.850719 0.448853 0.051709 0.046088
2 0.812500 0.399393 0.047212 0.050585
2 0.614096 0.365670 0.046088 0.050585
2 0.654564 0.408948 0.055081 0.038219
2 0.570818 0.423561 0.033723 0.051709
2 0.621965 0.455036 0.041592 0.042716
2 0.784397 0.562950 0.020234 0.029227
2 0.816434 0.558453 0.055081 0.049460
2 0.808566 0.591614 0.043840 0.041592
2 0.822617 0.623651 0.047212 0.044964
2 0.772594 0.614658 0.039344 0.051709
2 0.719200 0.615220 0.031475 0.032599
2 0.736623 0.648381 0.039344 0.058453
2 0.804069 0.659622 0.039344 0.044964
2 0.786084 0.699528 0.043840 0.043840
2 0.849033 0.714141 0.032599 0.041592
2 0.848471 0.674236 0.038219 0.042716
2 0.718638 0.691097 0.041592 0.042716
2 0.687163 0.651754 0.046088 0.042716
2 0.682104 0.689973 0.031475 0.044964
2 0.669739 0.755171 0.053957 0.044964
2 0.710769 0.792266 0.046088 0.042716
2 0.766974 0.834982 0.061826 0.053957
2 0.811376 0.860274 0.051709 0.030351
2 0.865333 0.835544 0.049460 0.048336
2 0.859150 0.918728 0.055081 0.043840
2 0.776529 0.911421 0.060701 0.038219
2 0.641075 0.928282 0.057329 0.042716
2 0.658498 0.861398 0.044964 0.068570
2 0.453350 0.751799 0.052833 0.040468
2 0.369042 0.761915 0.057329 0.056205
2 0.397145 0.761353 0.048336 0.055081
2 0.436488 0.797325 0.050585 0.041592
2 0.469649 0.857464 0.053957 0.058453
2 0.340378 0.821493 0.074191 0.060701
2 0.381407 0.852406 0.059577 0.061826
2 0.394335 0.827675 0.051709 0.052833
2 0.330823 0.892311 0.050585 0.049460
2 0.380283 0.912545 0.055081 0.049460
2 0.421313 0.896808 0.044964 0.047212
2 0.738309 0.954699 0.058453 0.034847
2 0.796763 0.962005 0.049460 0.051709
2 0.855778 0.967064 0.073067 0.048336
2 0.689973 0.960881 0.044964 0.042716
2 0.225157 0.892311 0.052833 0.042716
2 0.274056 0.909173 0.062950 0.056205
2 0.120616 0.899056 0.055081 0.042716
2 0.090827 0.957509 0.053957 0.051709
2 0.148719 0.958633 0.039344 0.044964
2 0.192558 0.941772 0.061826 0.051709
2 0.227406 0.955261 0.059577 0.060701
2 0.300472 0.956947 0.055081 0.066322
2 0.362298 0.935027 0.043840 0.038219
2 0.414006 0.959195 0.068570 0.050585
