2 0.363422 0.402765 0.064074 0.057329
2 0.425247 0.391524 0.057329 0.048336
2 0.751799 0.434240 0.056205 0.037095
2 0.823179 0.415130 0.041592 0.043840
2 0.803507 0.452788 0.053957 0.040468
2 0.822055 0.498876 0.023606 0.022482
2 0.850157 0.528665 0.059577 0.032599
2 0.834982 0.571380 0.040468 0.034847
2 0.755171 0.534847 0.038219 0.033723
2 0.775967 0.498876 0.041592 0.029227
2 0.808566 0.529227 0.037095 0.029227
2 0.809128 0.809690 0.065198 0.043840
2 0.881070 0.799573 0.040468 0.043840
2 0.904114 0.842851 0.050585 0.049460
2 0.968188 0.879384 0.046088 0.073067
2 0.833296 0.854092 0.057329 0.051709
2 0.774281 0.844537 0.042716 0.039344
2 0.822055 0.914793 0.032599 0.033723
2 0.869829 0.972122 0.029227 0.035971
2 0.922100 0.962005 0.039344 0.042716
2 0.346560 0.844537 0.034847 0.041592
2 0.311151 0.876574 0.056205 0.033723
2 0.255508 0.873763 0.046088 0.046088
2 0.215603 0.874888 0.062950 0.048336
2 0.152091 0.682666 0.032599 0.046088
2 0.448291 0.682104 0.035971 0.042716
