0 0.818645 0.389396 0.026334 0.029846
0 0.768610 0.320927 0.035112 0.029846
0 0.429097 0.533482 0.027574 0.022321
0 0.441570 0.519695 0.023634 0.023634
0 0.465205 0.522978 0.021008 0.022321
0 0.488183 0.591912 0.022321 0.026261
0 0.513787 0.603729 0.021008 0.028887
0 0.527574 0.282038 0.027574 0.023634
0 0.482274 0.243960 0.023634 0.023634
0 0.502626 0.225578 0.030200 0.023634
0 0.485557 0.208508 0.024947 0.026261
2 0.534795 0.234112 0.018382 0.022321
0 0.549238 0.281381 0.018382 0.032826
2 0.780987 0.226234 0.022321 0.017069
0 0.490809 0.553834 0.019695 0.015756
