2 0.339254 0.451102 0.065198 0.055081
2 0.389276 0.386466 0.084308 0.089928
2 0.446605 0.433678 0.064074 0.062950
2 0.505058 0.448853 0.046088 0.055081
2 0.506745 0.510679 0.035971 0.048336
2 0.619717 0.505621 0.073067 0.076439
2 0.561826 0.445481 0.047212 0.034847
2 0.634330 0.414006 0.055081 0.032599
2 0.649505 0.385904 0.024730 0.068570
2 0.736061 0.416817 0.053957 0.053957
2 0.679294 0.338129 0.048336 0.042716
2 0.786646 0.351057 0.042716 0.052833
2 0.826551 0.392086 0.037095 0.049460
2 0.883880 0.351057 0.066322 0.057329
1 0.971560 0.386466 0.037095 0.053957
2 0.979429 0.505058 0.025854 0.048336
2 0.976619 0.564636 0.040468 0.077563
2 0.746178 0.580373 0.065198 0.057329
2 0.765288 0.517424 0.049460 0.043840
2 0.555643 0.641075 0.046088 0.059577
2 0.614096 0.648381 0.034847 0.040468
2 0.647257 0.597235 0.053957 0.068570
2 0.684353 0.623089 0.033723 0.039344
2 0.739433 0.641075 0.035971 0.046088
2 0.940085 0.729317 0.025854 0.033723
2 0.891749 0.781587 0.034847 0.043840
2 0.748426 0.927720 0.053957 0.039344
2 0.786646 0.967064 0.040468 0.039344
2 0.829362 0.962005 0.056205 0.042716
2 0.455036 0.642761 0.083183 0.067446
2 0.439861 0.720886 0.077563 0.064074
2 0.352181 0.511803 0.052833 0.057329
2 0.381407 0.561263 0.039344 0.046088
2 0.454474 0.589928 0.066322 0.026978
2 0.284735 0.562950 0.052833 0.065198
2 0.322954 0.557329 0.039344 0.060701
2 0.182442 0.565760 0.052833 0.050585
2 0.156587 0.605103 0.059577 0.046088
2 0.202675 0.670301 0.052833 0.050585
2 0.257756 0.701214 0.043840 0.056205
2 0.311713 0.722010 0.034847 0.046088
2 0.339254 0.760791 0.065198 0.062950
2 0.365108 0.716951 0.062950 0.060701
2 0.796201 0.422999 0.041592 0.048336
2 0.362860 0.837792 0.080935 0.057329
2 0.315085 0.881070 0.055081 0.044964
2 0.265625 0.970998 0.048336 0.053957
2 0.316210 0.979991 0.050585 0.020234
2 0.242019 0.854092 0.073067 0.056205
2 0.148156 0.725382 0.060701 0.070818
2 0.097572 0.806879 0.071942 0.067446
2 0.149281 0.801259 0.060701 0.035971
2 0.061039 0.859150 0.061826 0.061826
2 0.062725 0.925472 0.053957 0.057329
2 0.140850 0.971560 0.086556 0.043840
2 0.179069 0.896808 0.064074 0.062950
