2 0.266927 0.193359 0.057292 0.058594
2 0.258464 0.330078 0.053385 0.055990
2 0.378906 0.356771 0.062500 0.067708
2 0.464193 0.453125 0.050781 0.065104
0 0.186849 0.546875 0.074219 0.075521
0 0.219401 0.486979 0.079427 0.054688
0 0.025391 0.385132 0.050781 0.070882
2 0.087891 0.439453 0.050781 0.050781
2 0.464844 0.582682 0.062500 0.069010
1 0.649740 0.597005 0.065104 0.061198
2 0.464844 0.861979 0.062500 0.062500
1 0.035807 0.635848 0.071615 0.059034
2 0.110677 0.481771 0.046875 0.052083
2 0.090495 0.386068 0.053385 0.053385
2 0.150391 0.365234 0.055990 0.050781
2 0.197917 0.322266 0.057292 0.066406
2 0.121094 0.322917 0.062500 0.057292
2 0.188802 0.119141 0.044271 0.055990
2 0.266927 0.067708 0.062500 0.054688
0 0.326823 0.035807 0.080729 0.055990
2 0.260417 0.252604 0.065104 0.044271
2 0.041016 0.186849 0.048177 0.061198
2 0.141276 0.210286 0.055990 0.050781
2 0.091797 0.198568 0.058594 0.061198
2 0.027995 0.243557 0.055990 0.057156
0 0.329427 0.403646 0.078125 0.057292
2 0.257161 0.658854 0.069010 0.062500
2 0.540365 0.563151 0.057292 0.058594
2 0.415365 0.761719 0.065104 0.067708
2 0.077474 0.804036 0.058594 0.066406
0 0.104818 0.553385 0.074219 0.057292
2 0.238932 0.376953 0.061198 0.053385
2 0.313802 0.339193 0.052083 0.055990
2 0.039714 0.054036 0.048177 0.055990
2 0.203776 0.699870 0.061198 0.050781
2 0.048177 0.695312 0.065104 0.052083
2 0.395182 0.830729 0.053385 0.070313
2 0.255208 0.550130 0.044271 0.035156
0 0.041016 0.532552 0.061198 0.075521
