2 0.022068 0.366911 0.044137 0.064826
2 0.080380 0.570876 0.056379 0.056379
2 0.040915 0.545909 0.035438 0.077320
2 0.024485 0.171811 0.048969 0.058763
2 0.033666 0.096488 0.059601 0.054768
2 0.066989 0.035358 0.079939 0.070715
2 0.303479 0.022390 0.061211 0.041881
2 0.337307 0.033666 0.041881 0.051546
2 0.628866 0.299452 0.080541 0.057990
2 0.755316 0.350193 0.049936 0.072487
2 0.703769 0.363885 0.062822 0.070876
2 0.803640 0.341334 0.056379 0.045103
2 0.772229 0.401740 0.057990 0.043492
2 0.682829 0.247906 0.069265 0.074098
2 0.754510 0.262403 0.067655 0.061211
2 0.767397 0.212468 0.057990 0.057990
2 0.715045 0.201997 0.062822 0.066044
2 0.845522 0.213273 0.049936 0.053157
2 0.901095 0.243879 0.048325 0.056379
2 0.876933 0.163338 0.067655 0.059601
2 0.934117 0.161727 0.030606 0.056379
2 0.947004 0.220522 0.053157 0.061211
2 0.610341 0.732764 0.053157 0.067655
2 0.931701 0.620006 0.057990 0.041881
2 0.955863 0.668331 0.061211 0.045103
2 0.843911 0.497584 0.043492 0.061211
2 0.317977 0.520135 0.051546 0.048325
2 0.346166 0.467784 0.049936 0.040271
2 0.700548 0.687661 0.049936 0.051546
2 0.661888 0.711823 0.049936 0.054768
2 0.682023 0.824581 0.074098 0.051546
2 0.755316 0.774646 0.040271 0.045103
2 0.693299 0.900290 0.057990 0.054768
2 0.613563 0.850354 0.072487 0.080541
2 0.139175 0.586985 0.038660 0.059601
