2 0.029708 0.031764 0.051398 0.054482
2 0.056949 0.089330 0.052426 0.052426
2 0.095498 0.051809 0.061678 0.047286
2 0.165913 0.056435 0.060650 0.060650
2 0.157689 0.117085 0.064762 0.064762
2 0.103207 0.171053 0.062706 0.047286
2 0.234272 0.028680 0.074013 0.046258
2 0.241982 0.059005 0.060650 0.047286
2 0.252262 0.106805 0.070929 0.048314
2 0.205489 0.210115 0.059622 0.053454
2 0.354544 0.238384 0.063734 0.048314
2 0.396176 0.225021 0.060650 0.060650
2 0.432155 0.281558 0.058594 0.062706
2 0.367907 0.294408 0.063734 0.051398
2 0.364309 0.357113 0.093544 0.061678
2 0.306743 0.384354 0.079153 0.068873
2 0.255859 0.317537 0.078125 0.070929
2 0.237356 0.380757 0.067845 0.059622
2 0.249178 0.245066 0.064762 0.067845
