2 0.815310 0.175697 0.068570 0.064074
2 0.779901 0.091951 0.056205 0.058453
2 0.623651 0.075090 0.078687 0.058453
2 0.457846 0.130171 0.019110 0.031475
2 0.469649 0.102630 0.015737 0.037095
2 0.428620 0.091389 0.028103 0.014613
2 0.260004 0.153215 0.025854 0.046088
2 0.281362 0.117244 0.012365 0.019110
2 0.312837 0.066097 0.021358 0.022482
2 0.326326 0.131295 0.032599 0.035971
2 0.217851 0.115558 0.049460 0.031475
2 0.111623 0.127361 0.032599 0.028103
2 0.072842 0.105441 0.024730 0.017986
2 0.086893 0.135229 0.014613 0.021358
2 0.139726 0.161084 0.034847 0.025854
2 0.168952 0.144222 0.039344 0.043840
2 0.223471 0.150967 0.035971 0.050585
2 0.170076 0.488759 0.034847 0.031475
0 0.488759 0.354429 0.080935 0.073067
0 0.552271 0.319582 0.075315 0.066322
0 0.711331 0.203799 0.101169 0.120279
0 0.304969 0.230216 0.064074 0.042716
0 0.200427 0.218413 0.043840 0.019110
1 0.157149 0.099258 0.044964 0.019110
0 0.274056 0.022819 0.098921 0.039344
0 0.891187 0.025629 0.125899 0.035971
