2 0.636719 0.082812 0.087500 0.081250
2 0.592187 0.172656 0.089063 0.085938
2 0.695312 0.189062 0.104688 0.103125
2 0.745313 0.261719 0.089063 0.095312
2 0.815625 0.293750 0.089063 0.093750
2 0.810156 0.395313 0.084375 0.103125
2 0.743750 0.406250 0.076563 0.106250
2 0.661719 0.400781 0.109375 0.110937
2 0.589063 0.455469 0.110937 0.110937
2 0.631250 0.563281 0.089063 0.104688
2 0.718750 0.514062 0.101562 0.090625
2 0.778125 0.514062 0.098437 0.131250
2 0.699219 0.587500 0.109375 0.090625
2 0.437500 0.676562 0.067187 0.043750
2 0.405469 0.597656 0.043750 0.045312
2 0.411719 0.507031 0.062500 0.057813
2 0.210156 0.514062 0.053125 0.043750
2 0.121875 0.510156 0.057813 0.045312
2 0.134375 0.557031 0.048438 0.045312
2 0.040625 0.957812 0.070312 0.050000
2 0.622656 0.744531 0.046875 0.051562
