2 0.563920 0.264205 0.085227 0.079545
2 0.613636 0.080966 0.068182 0.085227
2 0.492188 0.280540 0.055398 0.072443
2 0.688210 0.637074 0.080966 0.049716
2 0.906250 0.511364 0.082386 0.071023
2 0.861506 0.455256 0.069602 0.055398
2 0.941761 0.428977 0.071023 0.071023
2 0.928267 0.357244 0.072443 0.080966
2 0.873580 0.352983 0.068182 0.058239
2 0.824574 0.408381 0.075284 0.072443
2 0.970170 0.594858 0.059659 0.070398
2 0.874290 0.598722 0.049716 0.058239
2 0.628551 0.740057 0.075284 0.056818
2 0.693892 0.690341 0.066761 0.065341
2 0.903409 0.827415 0.090909 0.080966
2 0.810369 0.865767 0.112216 0.098011
