0 0.085937 0.223722 0.071023 0.078125
0 0.074574 0.106534 0.036932 0.056818
0 0.548295 0.073153 0.095170 0.126420
0 0.607244 0.058949 0.073864 0.109375
0 0.897017 0.142756 0.062500 0.069602
0 0.976207 0.177699 0.047585 0.057102
0 0.804688 0.328835 0.056818 0.066761
0 0.833097 0.377131 0.079545 0.089489
0 0.540483 0.870028 0.088068 0.078125
0 0.967685 0.802148 0.064631 0.087251
0 0.914773 0.806818 0.063920 0.059659
1 0.840909 0.713778 0.066761 0.052557
1 0.855114 0.686790 0.032670 0.049716
1 0.870028 0.767045 0.042614 0.059659
1 0.691761 0.563920 0.046875 0.048295
1 0.931108 0.213778 0.065341 0.100852
1 0.698864 0.290483 0.046875 0.038352
1 0.064631 0.442472 0.045455 0.046875
2 0.046165 0.151278 0.045455 0.055398
2 0.484375 0.083097 0.058239 0.080966
2 0.858665 0.191051 0.076705 0.069602
2 0.723722 0.313210 0.059659 0.044034
2 0.672585 0.313210 0.039773 0.029830
2 0.539773 0.704545 0.066761 0.071023
2 0.574574 0.718040 0.045455 0.044034
2 0.655540 0.820312 0.059659 0.061080
2 0.575284 0.805398 0.049716 0.051136
2 0.768466 0.688920 0.035511 0.062500
2 0.769176 0.561080 0.039773 0.056818
2 0.889205 0.747159 0.063920 0.062500
2 0.124290 0.323864 0.051136 0.071023
