2 0.026624 0.088816 0.043174 0.039062
2 0.019942 0.026110 0.029811 0.026727
2 0.223479 0.065687 0.040090 0.040090
2 0.190070 0.118627 0.034951 0.034951
2 0.157689 0.123252 0.027755 0.035979
2 0.068771 0.396690 0.047286 0.033923
2 0.356086 0.019428 0.044202 0.038035
2 0.324733 0.038446 0.037007 0.037007
2 0.384868 0.049239 0.038035 0.035979
2 0.278475 0.660362 0.043174 0.041118
2 0.296464 0.694799 0.042146 0.038035
2 0.335526 0.687603 0.038035 0.033923
2 0.315481 0.648540 0.028783 0.033923
2 0.082134 0.632093 0.043174 0.023643
2 0.053351 0.690687 0.022615 0.023643
2 0.057977 0.721525 0.027755 0.025699
2 0.061061 0.746197 0.040090 0.023643
2 0.393606 0.809930 0.030839 0.044202
2 0.428043 0.815070 0.027755 0.040090
2 0.459910 0.832031 0.027755 0.049342
2 0.434211 0.873664 0.048314 0.044202
2 0.641859 0.637233 0.042146 0.035979
2 0.628495 0.673725 0.042146 0.030839
2 0.450144 0.660876 0.039062 0.029811
2 0.454770 0.696340 0.040090 0.034951
2 0.484581 0.722553 0.033923 0.033923
2 0.511822 0.703022 0.043174 0.040090
2 0.692743 0.634663 0.045230 0.051398
2 0.505140 0.834601 0.040090 0.035979
2 0.561164 0.806846 0.030839 0.031867
2 0.523129 0.804276 0.045230 0.043174
2 0.659848 0.729749 0.043174 0.042146
2 0.710218 0.748766 0.037007 0.032895
2 0.684519 0.774979 0.047286 0.038035
2 0.706106 0.811472 0.039062 0.030839
2 0.746711 0.760074 0.031867 0.047286
2 0.779605 0.717414 0.040090 0.040090
2 0.825863 0.622841 0.033923 0.044202
2 0.829975 0.767784 0.048314 0.048314
2 0.826891 0.837171 0.042146 0.051398
2 0.793483 0.872122 0.057566 0.034951
2 0.785259 0.907072 0.047286 0.028783
2 0.899877 0.848993 0.040090 0.033923
2 0.926604 0.806332 0.042146 0.039063
2 0.032278 0.153577 0.044202 0.034951
2 0.663446 0.313425 0.044202 0.038035
2 0.800678 0.314453 0.043174 0.046258
2 0.843853 0.301604 0.039062 0.045230
2 0.958984 0.143298 0.047286 0.045230
2 0.629009 0.174650 0.041118 0.038035
2 0.773438 0.227076 0.035979 0.038035
2 0.341694 0.727693 0.044202 0.031867
2 0.676295 0.189042 0.039062 0.042146
2 0.957956 0.072368 0.047286 0.041118
2 0.365851 0.308285 0.037007 0.025699
1 0.252262 0.502056 0.031867 0.039062
1 0.281558 0.491262 0.034951 0.031867
1 0.271279 0.539576 0.039062 0.027755
2 0.234272 0.152549 0.039062 0.045230
2 0.183902 0.155119 0.041118 0.029811
2 0.316509 0.076480 0.039062 0.037007
2 0.697368 0.281044 0.035979 0.037007
2 0.706620 0.345806 0.031867 0.030839
2 0.861328 0.100637 0.030839 0.042146
2 0.918894 0.099609 0.028783 0.035979
2 0.835115 0.248664 0.035979 0.033923
2 0.873664 0.277447 0.037007 0.042146
2 0.854646 0.646484 0.042146 0.042146
2 0.152035 0.860814 0.032895 0.045230
2 0.151521 0.920950 0.042146 0.035979
2 0.480983 0.868524 0.032895 0.025699
2 0.645970 0.940481 0.050370 0.050370
2 0.828947 0.899877 0.052426 0.041118
2 0.955900 0.862356 0.041118 0.046258
2 0.954873 0.939967 0.041118 0.039062
2 0.864412 0.809930 0.047286 0.044202
2 0.935855 0.753906 0.046258 0.030839
2 0.922492 0.716900 0.040090 0.032895
2 0.889083 0.746197 0.037007 0.029811
