0 0.304406 0.580935 0.121403 0.119155
0 0.479204 0.547212 0.075315 0.078687
0 0.487073 0.609038 0.068570 0.067446
0 0.500000 0.680980 0.094424 0.085432
0 0.576439 0.665243 0.080935 0.103417
0 0.852406 0.368480 0.124775 0.092176
0 0.824303 0.463467 0.102293 0.113534
0 0.878260 0.693345 0.120279 0.148381
0 0.547774 0.952451 0.176484 0.086556
0 0.183004 0.887253 0.121403 0.079811
0 0.166142 0.077900 0.065198 0.068570
0 0.075090 0.544402 0.062950 0.039344
2 0.147032 0.460094 0.096673 0.093300
2 0.231340 0.687725 0.060701 0.083183
2 0.601731 0.463467 0.068570 0.059577
2 0.030688 0.869267 0.034847 0.131520
2 0.217851 0.591614 0.074191 0.093300
2 0.814748 0.293728 0.056205 0.061826
2 0.840040 0.214478 0.041592 0.044964
2 0.034622 0.470211 0.049460 0.102293
