1 0.534833 0.437301 0.111465 0.127389
1 0.631867 0.486067 0.084594 0.101513
1 0.485072 0.644805 0.113455 0.084594
1 0.470143 0.809514 0.099522 0.095541
1 0.559216 0.887639 0.068670 0.062699
1 0.625896 0.881170 0.110470 0.105494
1 0.555732 0.733380 0.123408 0.112460
1 0.711982 0.778165 0.133360 0.130374
1 0.632365 0.659733 0.131369 0.110470
1 0.753782 0.505474 0.083599 0.082604
1 0.763734 0.403961 0.117436 0.082604
1 0.877189 0.470641 0.127389 0.128384
1 0.729399 0.293989 0.148288 0.095541
1 0.914013 0.375597 0.101513 0.085589
1 0.941381 0.221338 0.112460 0.135350
