2 0.373798 0.447006 0.059003 0.051355
2 0.661713 0.204983 0.099432 0.107080
1 0.855114 0.165647 0.073208 0.078671
0 0.798295 0.115385 0.055726 0.065559
0 0.857299 0.459572 0.046984 0.050262
0 0.792832 0.473230 0.066652 0.079764
0 0.850197 0.530048 0.041521 0.049170
0 0.745848 0.443728 0.040428 0.057911
0 0.683020 0.474323 0.052448 0.049170
0 0.696132 0.405485 0.037150 0.057911
0 0.447552 0.285839 0.038243 0.037150
0 0.521307 0.286385 0.028409 0.051355
0 0.559550 0.300590 0.052448 0.055726
0 0.570476 0.273820 0.063374 0.024038
1 0.683020 0.526770 0.102710 0.108173
1 0.774803 0.563920 0.104895 0.086320
1 0.917941 0.578125 0.089598 0.084135
2 0.916302 0.441543 0.090691 0.079764
1 0.982955 0.375437 0.022946 0.065559
0 0.924497 0.373798 0.050262 0.031687
0 0.899366 0.339379 0.056818 0.017483
0 0.908654 0.323536 0.044799 0.029502
0 0.846919 0.259069 0.056818 0.049170
2 0.958916 0.256337 0.040428 0.083042
2 0.946897 0.184768 0.042614 0.055726
0 0.968204 0.085883 0.030594 0.045892
0 0.949082 0.052010 0.071023 0.069930
2 0.277098 0.090253 0.062281 0.039336
2 0.133960 0.102273 0.092876 0.048077
2 0.109921 0.033982 0.081949 0.046984
2 0.068947 0.138330 0.063374 0.076486
