2 0.228304 0.131270 0.049761 0.040804
2 0.253682 0.104399 0.060709 0.038814
2 0.368133 0.123308 0.086584 0.082604
2 0.501493 0.199940 0.042795 0.040804
2 0.457703 0.203921 0.038814 0.042795
2 0.428344 0.170581 0.057723 0.047771
2 0.868730 0.505474 0.060709 0.046775
2 0.902070 0.468650 0.053742 0.062699
2 0.677647 0.579120 0.080613 0.066680
2 0.689092 0.791600 0.067675 0.055732
2 0.702528 0.870223 0.058718 0.053742
2 0.494526 0.860768 0.048766 0.042795
2 0.813993 0.932424 0.044785 0.048766
1 0.316381 0.208897 0.054737 0.076632
1 0.384554 0.220342 0.079618 0.079618
1 0.489053 0.267118 0.047771 0.067675
1 0.537818 0.259156 0.057723 0.065685
1 0.582604 0.242735 0.059713 0.066680
1 0.677647 0.256668 0.070661 0.064689
1 0.715963 0.303443 0.065685 0.054737
1 0.631867 0.317874 0.058718 0.057723
1 0.677150 0.352707 0.057723 0.063694
1 0.629877 0.422870 0.068670 0.050756
1 0.542297 0.427349 0.082604 0.063694
1 0.486564 0.364650 0.076632 0.077627
1 0.234275 0.368133 0.057723 0.042795
1 0.172572 0.405951 0.055732 0.050756
1 0.223826 0.426354 0.050756 0.059713
1 0.210390 0.526871 0.055732 0.075637
1 0.277070 0.557723 0.077627 0.067675
1 0.354200 0.541302 0.076632 0.060709
1 0.148189 0.680633 0.024881 0.046775
1 0.108877 0.725916 0.065685 0.067675
1 0.178045 0.738854 0.052747 0.049761
1 0.202428 0.687600 0.045780 0.058718
1 0.245223 0.737361 0.051752 0.054737
1 0.299960 0.704518 0.067675 0.070661
1 0.309912 0.784136 0.063694 0.064689
1 0.245223 0.893113 0.097532 0.033838
1 0.214869 0.933420 0.048766 0.046775
1 0.289013 0.946855 0.055732 0.041799
1 0.553742 0.977707 0.091561 0.043790
1 0.464670 0.965267 0.056728 0.030852
0 0.568173 0.347233 0.120422 0.100518
