2 0.023849 0.332237 0.041118 0.085526
2 0.111842 0.342928 0.095395 0.100329
2 0.037007 0.458059 0.070724 0.087171
2 0.117599 0.453947 0.080592 0.101974
2 0.163651 0.428454 0.067434 0.090461
2 0.248355 0.436678 0.088816 0.077303
2 0.114309 0.859375 0.074013 0.064145
2 0.151316 0.923520 0.088816 0.080592
2 0.129112 0.973684 0.087171 0.049342
2 0.258224 0.780428 0.085526 0.070724
2 0.291941 0.823191 0.077303 0.087171
2 0.238487 0.851974 0.088816 0.078947
2 0.703125 0.895559 0.080592 0.080592
2 0.729441 0.957237 0.080592 0.072368
2 0.645559 0.899671 0.067434 0.075658
2 0.582237 0.926809 0.072368 0.070724
2 0.621711 0.972862 0.082237 0.044408
2 0.556743 0.898849 0.090461 0.080592
2 0.518092 0.964638 0.088816 0.057566
2 0.879934 0.399671 0.092105 0.095395
2 0.870888 0.333059 0.060855 0.044408
2 0.777138 0.347862 0.074013 0.070724
2 0.807566 0.291941 0.085526 0.080592
2 0.685033 0.328125 0.080592 0.083882
2 0.611020 0.367599 0.100329 0.070724
2 0.731086 0.303454 0.074013 0.090461
2 0.619243 0.289474 0.097039 0.075658
2 0.560855 0.303454 0.046053 0.054276
2 0.605263 0.213816 0.095395 0.092105
2 0.706414 0.166118 0.087171 0.075658
2 0.609375 0.115132 0.083882 0.095395
2 0.724507 0.099507 0.077303 0.064145
2 0.672697 0.109375 0.042763 0.047697
2 0.680921 0.047697 0.059211 0.085526
2 0.615132 0.046875 0.075658 0.070724
2 0.536184 0.063322 0.072368 0.087171
2 0.458059 0.068257 0.080592 0.077303
2 0.424342 0.130757 0.075658 0.074013
2 0.327303 0.120888 0.075658 0.080592
2 0.365132 0.086349 0.075658 0.083882
2 0.402138 0.034539 0.074013 0.059211
2 0.342928 0.026316 0.050987 0.046053
