2 0.932528 0.315341 0.098011 0.119318
2 0.842330 0.341619 0.102273 0.098011
2 0.673295 0.431818 0.110795 0.079545
2 0.607244 0.487926 0.092330 0.072443
2 0.544744 0.343040 0.089489 0.072443
2 0.361506 0.320312 0.078125 0.055398
2 0.560369 0.232244 0.075284 0.089489
2 0.610795 0.215199 0.065341 0.080966
2 0.655540 0.234375 0.072443 0.085227
2 0.679688 0.138494 0.069602 0.063920
2 0.649858 0.049716 0.072443 0.051136
2 0.951705 0.485085 0.073864 0.086648
2 0.965199 0.588778 0.069602 0.086648
2 0.844460 0.629972 0.063920 0.083807
2 0.872869 0.700284 0.078125 0.085227
2 0.892045 0.754261 0.088068 0.053977
2 0.936790 0.783381 0.063920 0.063920
2 0.811080 0.705256 0.076705 0.078125
2 0.753551 0.662642 0.072443 0.075284
2 0.611506 0.668324 0.075284 0.072443
2 0.868608 0.935369 0.075284 0.066761
2 0.827415 0.968040 0.126420 0.055398
2 0.656250 0.928267 0.076705 0.069602
2 0.622869 0.966619 0.103693 0.052557
2 0.526989 0.919744 0.102273 0.078125
2 0.710227 0.893466 0.090909 0.096591
2 0.534801 0.762074 0.086648 0.069602
2 0.720881 0.799006 0.058239 0.052557
2 0.585937 0.739347 0.061080 0.078125
2 0.458807 0.708807 0.068182 0.062500
2 0.471591 0.617188 0.088068 0.066761
2 0.556818 0.637074 0.059659 0.075284
2 0.595881 0.570312 0.063920 0.078125
2 0.514205 0.566051 0.090909 0.083807
2 0.460227 0.530540 0.053977 0.058239
2 0.406960 0.522727 0.061080 0.056818
2 0.379972 0.487216 0.058239 0.062500
2 0.308239 0.473722 0.068182 0.080966
2 0.290483 0.519886 0.066761 0.076705
2 0.252841 0.498580 0.053977 0.053977
2 0.220881 0.627131 0.089489 0.086648
2 0.297585 0.779830 0.095170 0.085227
2 0.213778 0.775568 0.080966 0.071023
2 0.213778 0.819602 0.103693 0.071023
2 0.095881 0.789773 0.063920 0.059659
2 0.091619 0.867187 0.078125 0.069602
2 0.161222 0.969460 0.126420 0.058239
2 0.044744 0.890625 0.049716 0.062500
2 0.032670 0.829545 0.059659 0.062500
2 0.114347 0.832386 0.063920 0.056818
2 0.046875 0.694602 0.073864 0.079545
2 0.104403 0.676136 0.078125 0.088068
2 0.185369 0.703125 0.098011 0.096591
2 0.158381 0.646307 0.072443 0.073864
2 0.185369 0.576705 0.078125 0.071023
2 0.185369 0.540483 0.083807 0.066761
2 0.056818 0.536932 0.076705 0.071023
2 0.093750 0.480824 0.079545 0.075284
2 0.127131 0.449574 0.058239 0.069602
2 0.239347 0.355114 0.063920 0.082386
2 0.281960 0.372159 0.046875 0.059659
2 0.340199 0.399148 0.055398 0.073864
2 0.281960 0.264205 0.075284 0.065341
2 0.142045 0.201705 0.068182 0.068182
2 0.073153 0.223722 0.069602 0.072443
2 0.409801 0.202415 0.066761 0.072443
2 0.024858 0.503551 0.049716 0.078125
2 0.024858 0.570312 0.044034 0.083807
2 0.055398 0.030540 0.082386 0.061080
2 0.770597 0.064631 0.080966 0.061080
2 0.921165 0.034801 0.117898 0.063920
2 0.931108 0.227273 0.061080 0.062500
