2 0.705966 0.205256 0.072443 0.095170
2 0.762074 0.161222 0.076705 0.058239
2 0.677557 0.151989 0.072443 0.076705
2 0.891335 0.197443 0.073864 0.071023
2 0.823864 0.365767 0.092330 0.080966
2 0.773437 0.400568 0.076705 0.085227
2 0.715909 0.458097 0.092330 0.078125
2 0.895597 0.755682 0.036932 0.053977
2 0.831676 0.764205 0.076705 0.051136
2 0.919034 0.816761 0.052557 0.062500
2 0.830256 0.830966 0.059659 0.062500
2 0.733665 0.906960 0.045455 0.069602
2 0.686080 0.909801 0.044034 0.055398
2 0.667614 0.943892 0.044034 0.035511
2 0.647017 0.879261 0.062500 0.039773
2 0.678977 0.865767 0.041193 0.038352
2 0.418324 0.757102 0.048295 0.042614
2 0.465199 0.757102 0.034091 0.036932
2 0.468040 0.718750 0.051136 0.053977
2 0.465199 0.427557 0.042614 0.059659
2 0.394176 0.389915 0.053977 0.049716
2 0.410511 0.358665 0.035511 0.049716
2 0.409091 0.029119 0.049716 0.038352
2 0.363636 0.051847 0.049716 0.046875
2 0.296875 0.076705 0.049716 0.068182
2 0.074574 0.179688 0.079545 0.072443
2 0.040483 0.118608 0.068182 0.083807
2 0.038352 0.217330 0.072443 0.071023
2 0.095881 0.470170 0.065341 0.068182
2 0.066051 0.599432 0.090909 0.076705
2 0.011009 0.507686 0.022017 0.061333
2 0.952415 0.397727 0.051136 0.065341
2 0.966619 0.431108 0.036932 0.049716
2 0.914062 0.459517 0.053977 0.044034
