2 0.273787 0.205574 0.087453 0.085121
2 0.287197 0.294776 0.086287 0.088619
2 0.203825 0.291861 0.075793 0.075793
2 0.138526 0.186917 0.085121 0.080457
2 0.139692 0.239972 0.085121 0.072295
2 0.179921 0.180504 0.065299 0.081623
2 0.479594 0.342584 0.076959 0.072295
2 0.527985 0.416628 0.087453 0.082789
2 0.639925 0.389226 0.068797 0.067631
2 0.677822 0.449860 0.072295 0.069963
2 0.749534 0.438200 0.073461 0.074627
2 0.925606 0.374650 0.050140 0.054804
2 0.957090 0.491838 0.073461 0.067631
2 0.456856 0.508162 0.075793 0.076959
2 0.529151 0.530317 0.064132 0.067631
2 0.197411 0.521572 0.069963 0.075793
2 0.272038 0.538479 0.072295 0.067631
2 0.274370 0.609608 0.072295 0.074627
2 0.331507 0.655084 0.072295 0.069963
2 0.242304 0.674324 0.071129 0.068797
2 0.204408 0.605527 0.062966 0.071129
2 0.150770 0.727379 0.074627 0.067631
2 0.079641 0.736707 0.079291 0.069963
2 0.042910 0.820662 0.075793 0.072295
2 0.109958 0.795009 0.069963 0.067631
2 0.122785 0.841068 0.072295 0.061800
2 0.039995 0.674324 0.065299 0.061800
2 0.053988 0.554221 0.072295 0.061800
2 0.107043 0.531483 0.061800 0.069963
2 0.101796 0.639925 0.046642 0.039646
2 0.163013 0.680737 0.075793 0.062966
2 0.567631 0.853895 0.078125 0.071129
2 0.391558 0.884795 0.073461 0.062966
2 0.480177 0.872551 0.066465 0.057136
2 0.289529 0.944263 0.065299 0.048974
2 0.215485 0.978661 0.075793 0.040812
2 0.481926 0.937850 0.065299 0.064132
2 0.988165 0.443064 0.023671 0.058703
