2 0.740767 0.163352 0.089489 0.088068
2 0.886364 0.097301 0.071023 0.061080
2 0.938920 0.093750 0.056818 0.073864
2 0.979403 0.084334 0.041193 0.063555
2 0.750000 0.031250 0.065341 0.059659
2 0.508523 0.042614 0.076705 0.073864
2 0.574574 0.062500 0.078125 0.062500
2 0.723011 0.316761 0.073864 0.059659
2 0.767756 0.372159 0.075284 0.076705
2 0.875000 0.568182 0.068182 0.071023
2 0.963068 0.610085 0.056818 0.072443
2 0.970170 0.690874 0.059659 0.052202
2 0.820312 0.657670 0.061080 0.065341
2 0.889205 0.889915 0.071023 0.080966
2 0.845170 0.959517 0.090909 0.075284
2 0.908381 0.789773 0.038352 0.031250
2 0.913352 0.762074 0.045455 0.029830
2 0.975852 0.819602 0.048295 0.045455
2 0.926136 0.944602 0.048295 0.042614
2 0.945312 0.740767 0.052557 0.041193
2 0.867188 0.637074 0.055398 0.041193
2 0.583807 0.793324 0.102273 0.083807
2 0.629261 0.750000 0.076705 0.053977
2 0.625000 0.699574 0.082386 0.066761
2 0.602983 0.975852 0.080966 0.042614
2 0.101562 0.978693 0.103693 0.042614
2 0.061080 0.871449 0.093750 0.063920
2 0.022727 0.975852 0.045455 0.045455
2 0.250710 0.445312 0.058239 0.061080
2 0.392045 0.450994 0.085227 0.069602
2 0.468750 0.536932 0.073864 0.073864
2 0.203835 0.313920 0.100852 0.088068
2 0.282670 0.289773 0.102273 0.082386
2 0.585937 0.393466 0.072443 0.065341
1 0.183239 0.671875 0.096591 0.073864
1 0.299006 0.882102 0.098011 0.088068
1 0.515625 0.923295 0.099432 0.099432
1 0.701705 0.776278 0.096591 0.089489
1 0.890625 0.676136 0.051136 0.065341
1 0.370028 0.534091 0.100852 0.088068
1 0.364347 0.431818 0.112216 0.088068
0 0.730824 0.421875 0.109375 0.099432
0 0.593750 0.475142 0.113636 0.083807
0 0.679688 0.208097 0.117898 0.112216
1 0.764915 0.080966 0.109375 0.093750
0 0.033381 0.323153 0.061080 0.083807
0 0.148438 0.314631 0.072443 0.100852
0 0.301136 0.497869 0.102273 0.098011
0 0.455256 0.219460 0.080966 0.066761
0 0.253551 0.605114 0.106534 0.099432
0 0.171875 0.599432 0.107955 0.079545
0 0.109375 0.632102 0.088068 0.088068
0 0.051847 0.847301 0.098011 0.103693
0 0.184659 0.922585 0.113636 0.080966
0 0.666193 0.926136 0.110795 0.107955
0 0.128551 0.953125 0.086648 0.059659
0 0.184659 0.838068 0.102273 0.071023
