2 0.480699 0.063419 0.075368 0.066176
2 0.545037 0.075368 0.060662 0.068015
2 0.526654 0.021140 0.064338 0.040441
2 0.590993 0.036765 0.060662 0.068015
2 0.666360 0.034926 0.068015 0.060662
2 0.605699 0.148897 0.053309 0.060662
2 0.560662 0.197610 0.069853 0.077206
2 0.618566 0.207721 0.068015 0.064338
2 0.648897 0.115809 0.058824 0.060662
2 0.665441 0.160846 0.066176 0.069853
2 0.306985 0.623162 0.077206 0.082721
2 0.459559 0.577206 0.066176 0.075368
2 0.458640 0.702206 0.064338 0.068015
2 0.331801 0.695772 0.071691 0.051471
2 0.343750 0.726103 0.058824 0.068015
2 0.394301 0.736213 0.060662 0.055147
2 0.306066 0.758272 0.064338 0.062500
2 0.190257 0.936581 0.071691 0.073529
2 0.257353 0.928309 0.062500 0.068015
2 0.256434 0.887868 0.086397 0.068015
2 0.339154 0.833640 0.064338 0.058824
2 0.354779 0.887868 0.069853 0.068015
2 0.364890 0.784007 0.060662 0.066176
2 0.451287 0.791360 0.056985 0.066176
2 0.499081 0.761029 0.064338 0.068015
2 0.488051 0.964154 0.068015 0.066176
2 0.544118 0.944853 0.062500 0.064338
2 0.629596 0.911765 0.056985 0.071691
