2 0.107225 0.132311 0.080275 0.077408
2 0.049169 0.658400 0.058773 0.037271
2 0.965166 0.137328 0.064507 0.093177
2 0.930046 0.196818 0.074541 0.074541
0 0.820384 0.277810 0.050172 0.038704
2 0.770212 0.440510 0.073108 0.074541
2 0.885608 0.489966 0.065940 0.073108
2 0.892058 0.560923 0.070241 0.068807
2 0.765912 0.520786 0.064507 0.063073
2 0.755161 0.563073 0.080275 0.075975
2 0.735092 0.627580 0.077408 0.081709
2 0.824685 0.543721 0.058773 0.074541
2 0.863389 0.616112 0.075975 0.061640
2 0.820384 0.657683 0.090310 0.078842
2 0.667718 0.623280 0.054472 0.055906
2 0.595327 0.642632 0.053039 0.054472
2 0.566657 0.585292 0.050172 0.048739
2 0.593177 0.835436 0.108945 0.104644
2 0.670585 0.869123 0.057339 0.057339
2 0.513618 0.884891 0.075975 0.083142
