2 0.029564 0.194245 0.052833 0.051709
2 0.088579 0.186376 0.053957 0.044964
2 0.075090 0.215603 0.047212 0.031475
2 0.050360 0.247639 0.049460 0.048336
2 0.111623 0.244829 0.037095 0.060701
2 0.103754 0.280238 0.052833 0.037095
2 0.028440 0.294852 0.039344 0.055081
2 0.025067 0.389276 0.041592 0.082059
2 0.067783 0.371290 0.066322 0.073067
2 0.101506 0.324640 0.082059 0.065198
2 0.235274 0.230778 0.034847 0.066322
2 0.278552 0.252136 0.031475 0.059577
2 0.330823 0.222347 0.077563 0.058453
2 0.320706 0.277428 0.041592 0.056205
2 0.290355 0.301596 0.041592 0.046088
2 0.277990 0.329137 0.077563 0.058453
2 0.241457 0.368480 0.058453 0.051709
2 0.211668 0.444919 0.070818 0.044964
2 0.221785 0.491007 0.075315 0.058453
2 0.175697 0.510679 0.052833 0.055081
2 0.131857 0.559577 0.052833 0.049460
2 0.176259 0.573629 0.047212 0.057329
2 0.223471 0.598921 0.051709 0.062950
2 0.177945 0.614096 0.055081 0.050585
2 0.141974 0.648943 0.050585 0.050585
2 0.123426 0.630396 0.042716 0.056205
2 0.107127 0.584870 0.052833 0.050585
2 0.057666 0.580373 0.059577 0.061826
2 0.022257 0.578125 0.042716 0.066322
2 0.026192 0.775405 0.043840 0.060701
2 0.088017 0.792828 0.050585 0.046088
2 0.108251 0.845661 0.088804 0.046088
2 0.165580 0.862522 0.057329 0.079811
2 0.121740 0.890063 0.079811 0.044964
2 0.061039 0.862522 0.050585 0.043840
2 0.078462 0.915355 0.069694 0.068570
2 0.387028 0.798449 0.079811 0.073067
2 0.476394 0.766974 0.089928 0.082059
2 0.493255 0.693345 0.049460 0.067446
2 0.502810 0.603979 0.048336 0.086556
2 0.535409 0.659060 0.032599 0.068570
2 0.328013 0.712455 0.071942 0.053957
2 0.341502 0.674236 0.060701 0.053957
2 0.282487 0.677608 0.052833 0.042716
2 0.243143 0.677608 0.070818 0.049460
2 0.174011 0.698404 0.080935 0.046088
2 0.139164 0.734375 0.062950 0.043840
2 0.316210 0.523606 0.057329 0.056205
2 0.338129 0.377473 0.071942 0.067446
2 0.410072 0.424123 0.049460 0.052833
2 0.468525 0.379721 0.083183 0.071942
2 0.417941 0.324078 0.071942 0.055081
2 0.364546 0.311713 0.055081 0.046088
2 0.145908 0.182442 0.067446 0.059577
