2 0.327440 0.052320 0.108377 0.104640
2 0.488163 0.251894 0.065341 0.040720
2 0.325758 0.200758 0.121212 0.112689
2 0.250473 0.281723 0.082386 0.064394
2 0.169508 0.297822 0.087121 0.056818
2 0.284564 0.339962 0.107008 0.103220
2 0.285038 0.433239 0.115530 0.083333
2 0.211174 0.418087 0.092803 0.079545
2 0.186080 0.351326 0.078598 0.048295
2 0.529356 0.537405 0.066288 0.081439
2 0.516098 0.615057 0.106061 0.102273
2 0.585227 0.713542 0.075758 0.083333
2 0.516098 0.715436 0.083333 0.075758
2 0.429924 0.681818 0.085227 0.078598
2 0.371686 0.639678 0.057765 0.051136
