1 0.283594 0.339062 0.089063 0.096875
1 0.361719 0.288281 0.082812 0.101562
1 0.403125 0.410938 0.081250 0.078125
2 0.481250 0.064844 0.068750 0.067187
2 0.536719 0.096875 0.051562 0.078125
2 0.590625 0.095312 0.056250 0.071875
2 0.589063 0.020313 0.087500 0.037500
2 0.662500 0.040625 0.065625 0.056250
2 0.687500 0.078906 0.062500 0.048438
2 0.766406 0.061719 0.073438 0.079687
2 0.789844 0.132812 0.067187 0.059375
2 0.878125 0.042188 0.065625 0.068750
2 0.828906 0.036719 0.048438 0.064062
2 0.881250 0.103906 0.068750 0.060937
2 0.960938 0.122656 0.078125 0.085938
2 0.960938 0.050781 0.068750 0.064062
2 0.755469 0.176563 0.054688 0.059375
2 0.837500 0.093750 0.040625 0.053125
