2 0.129972 0.120739 0.061080 0.062500
2 0.189631 0.112926 0.086648 0.095170
2 0.171165 0.214489 0.080966 0.096591
2 0.115057 0.163352 0.062500 0.051136
2 0.107955 0.218040 0.082386 0.080966
2 0.063210 0.295455 0.086648 0.079545
2 0.058949 0.392756 0.075284 0.078125
2 0.047585 0.480114 0.078125 0.085227
2 0.062500 0.053977 0.068182 0.082386
2 0.132857 0.021307 0.086559 0.042614
2 0.055824 0.013494 0.070170 0.026989
2 0.536932 0.047585 0.082386 0.083807
2 0.588068 0.097301 0.068182 0.078125
2 0.644886 0.130682 0.076705 0.079545
2 0.661222 0.068892 0.089489 0.083807
2 0.636364 0.022727 0.079545 0.045455
2 0.460227 0.122159 0.071023 0.065341
2 0.768466 0.310369 0.073864 0.069602
2 0.768466 0.348722 0.062500 0.066761
2 0.707386 0.361506 0.065341 0.086648
2 0.751420 0.427557 0.068182 0.076705
2 0.686080 0.399148 0.056818 0.085227
2 0.498580 0.425426 0.065341 0.072443
2 0.517756 0.480824 0.063920 0.072443
2 0.460227 0.455256 0.062500 0.072443
2 0.472301 0.514205 0.058239 0.068182
2 0.463068 0.557528 0.079545 0.086648
2 0.422585 0.500710 0.055398 0.072443
