2 0.057666 0.031812 0.104541 0.061826
2 0.195931 0.031250 0.120279 0.058453
2 0.234712 0.080710 0.056205 0.051709
2 0.189748 0.136353 0.087680 0.043840
2 0.112747 0.557891 0.073067 0.068570
2 0.075090 0.629272 0.096673 0.047212
2 0.158273 0.674798 0.089928 0.073067
2 0.785522 0.795638 0.071942 0.062950
2 0.731565 0.796763 0.053957 0.074191
2 0.805193 0.859712 0.075315 0.035971
2 0.718638 0.931093 0.077563 0.066322
2 0.654002 0.973246 0.074191 0.051709
2 0.711893 0.962567 0.077563 0.055081
2 0.270683 0.904114 0.053957 0.086556
2 0.050360 0.921538 0.089928 0.078687
2 0.051484 0.970998 0.087680 0.047212
