0 0.660876 0.646484 0.055510 0.050370
0 0.804276 0.803248 0.058594 0.047286
0 0.952817 0.796053 0.067845 0.061678
0 0.970755 0.853733 0.058491 0.053683
0 0.734375 0.271793 0.046258 0.049342
0 0.832031 0.245580 0.054482 0.062706
0 0.677323 0.345292 0.049342 0.056538
0 0.666530 0.455798 0.048314 0.051398
0 0.897821 0.042044 0.064762 0.048314
0 0.957442 0.226049 0.054482 0.062706
2 0.894737 0.405428 0.052426 0.051398
1 0.722039 0.437294 0.056538 0.059622
0 0.808902 0.313939 0.059622 0.059622
2 0.763158 0.553968 0.038035 0.035979
1 0.778063 0.451172 0.034951 0.048314
