1 0.183160 0.210648 0.081019 0.086806
1 0.112269 0.212818 0.054977 0.082465
1 0.277922 0.234520 0.091146 0.079572
1 0.319878 0.314091 0.088252 0.079572
1 0.242477 0.365451 0.078125 0.069444
1 0.283709 0.450087 0.091146 0.085359
1 0.327112 0.390046 0.079572 0.057870
1 0.390046 0.434172 0.083912 0.082465
1 0.421875 0.529659 0.104167 0.102720
1 0.314815 0.570168 0.054977 0.076678
1 0.381366 0.596209 0.046296 0.056424
1 0.447917 0.617911 0.057870 0.073785
2 0.849392 0.921007 0.085359 0.089699
2 0.693142 0.659867 0.047743 0.073785
2 0.810330 0.060185 0.039062 0.052083
2 0.737992 0.186053 0.059317 0.052083
2 0.454427 0.424045 0.036169 0.047743
