2 0.174072 0.106323 0.040283 0.037842
2 0.154541 0.133179 0.035400 0.037842
2 0.197876 0.091064 0.029297 0.036621
2 0.100830 0.035522 0.030518 0.040283
2 0.056885 0.055664 0.037842 0.036621
2 0.349854 0.435913 0.050049 0.057373
2 0.345581 0.392578 0.029297 0.041504
2 0.275391 0.406006 0.050049 0.043945
2 0.184448 0.439575 0.056152 0.045166
2 0.920532 0.128906 0.053711 0.046387
2 0.965088 0.136841 0.040283 0.050049
2 0.630615 0.166138 0.040283 0.040283
2 0.061768 0.867432 0.045166 0.043945
2 0.106323 0.964478 0.051270 0.047607
2 0.865601 0.791748 0.039062 0.053711
2 0.908325 0.713623 0.056152 0.051270
2 0.936401 0.091675 0.046387 0.042725
