1 0.642361 0.792245 0.065972 0.070602
1 0.648148 0.733218 0.072917 0.068287
1 0.559606 0.756944 0.078704 0.050926
1 0.513310 0.705440 0.081019 0.065972
1 0.518519 0.646412 0.059028 0.070602
2 0.551505 0.593750 0.069444 0.069444
1 0.695602 0.031829 0.116898 0.063657
1 0.502894 0.038773 0.104167 0.072917
1 0.604745 0.038773 0.083333 0.070602
2 0.673032 0.175926 0.076389 0.074074
1 0.589699 0.327546 0.074074 0.078704
2 0.479745 0.313657 0.083333 0.062500
2 0.527199 0.265625 0.076389 0.070602
2 0.666088 0.594329 0.087963 0.077546
2 0.730903 0.497685 0.057870 0.069444
2 0.740741 0.629630 0.059028 0.050926
2 0.742477 0.697338 0.076389 0.068287
2 0.909144 0.931134 0.071759 0.056713
2 0.925347 0.976852 0.060185 0.041667
2 0.754051 0.237269 0.057870 0.087963
2 0.653356 0.395833 0.090278 0.071759
2 0.428819 0.438079 0.060185 0.056713
2 0.405671 0.588542 0.067130 0.065972
2 0.394097 0.828125 0.050926 0.056713
2 0.409144 0.892361 0.048611 0.074074
2 0.359375 0.866319 0.050926 0.063657
2 0.269097 0.634259 0.050926 0.067130
2 0.296875 0.519097 0.048611 0.049769
2 0.339699 0.493634 0.069444 0.061343
1 0.577546 0.815972 0.059028 0.067130
