2 0.956414 0.068771 0.064762 0.077097
2 0.914268 0.099609 0.075041 0.072985
2 0.801706 0.229132 0.067845 0.060650
2 0.761102 0.310855 0.046258 0.047286
2 0.673211 0.250720 0.043174 0.031867
2 0.197780 0.697882 0.042146 0.033923
2 0.226049 0.666016 0.061678 0.052426
2 0.287726 0.629009 0.051398 0.046258
2 0.243524 0.638261 0.049342 0.044202
2 0.344778 0.674753 0.048314 0.041118
2 0.257915 0.728721 0.051398 0.042146
2 0.331414 0.835629 0.060650 0.048314
2 0.280016 0.853618 0.056538 0.055510
2 0.290296 0.893195 0.042146 0.042146
2 0.341180 0.909128 0.055510 0.059622
2 0.458882 0.943565 0.052426 0.044202
2 0.519531 0.961554 0.048314 0.049342
2 0.465049 0.892167 0.066817 0.046258
2 0.525185 0.810958 0.049342 0.056538
2 0.500000 0.733347 0.050370 0.051398
2 0.529297 0.699938 0.047286 0.052426
2 0.568873 0.724609 0.050370 0.050370
2 0.684005 0.804790 0.072985 0.052426
2 0.650596 0.839227 0.071957 0.053454
2 0.656250 0.881887 0.066817 0.046258
2 0.803762 0.872636 0.063734 0.058594
2 0.859272 0.821238 0.045230 0.052426
2 0.763672 0.705592 0.051398 0.039062
2 0.622327 0.733861 0.048314 0.066817
2 0.887027 0.699938 0.041118 0.040090
2 0.889597 0.654194 0.056538 0.043174
2 0.849507 0.689145 0.046258 0.039062
2 0.939453 0.761616 0.043174 0.040090
2 0.969778 0.878803 0.048314 0.042146
2 0.946135 0.960526 0.070929 0.049342
2 0.938939 0.905016 0.050370 0.047286
2 0.717414 0.942023 0.053454 0.041118
