1 0.086620 0.164745 0.062197 0.059163
1 0.067658 0.221632 0.066748 0.063714
1 0.102549 0.249697 0.054612 0.059163
1 0.150334 0.227700 0.050061 0.048544
1 0.390018 0.148817 0.068265 0.081917
1 0.548544 0.107858 0.066748 0.060680
1 0.509860 0.160194 0.068265 0.065231
1 0.479521 0.106341 0.062197 0.060680
1 0.538683 0.194326 0.071299 0.069782
1 0.770783 0.178398 0.059163 0.065231
1 0.809466 0.490140 0.060680 0.069782
1 0.741960 0.539442 0.062197 0.059163
1 0.682797 0.504551 0.068265 0.071299
1 0.626669 0.487106 0.053095 0.066748
1 0.626669 0.421117 0.065231 0.065231
1 0.792779 0.394569 0.057646 0.057646
1 0.831462 0.582676 0.056129 0.063714
1 0.889108 0.599363 0.053095 0.060680
1 0.165504 0.685831 0.056129 0.060680
1 0.911104 0.491657 0.057646 0.060680
1 0.862561 0.515170 0.051578 0.056129
1 0.440837 0.161711 0.054612 0.065231
