1 0.339086 0.213736 0.141091 0.085121
1 0.297108 0.294776 0.117771 0.104944
1 0.220149 0.354827 0.078125 0.103778
1 0.216651 0.168843 0.085121 0.097948
1 0.752449 0.335588 0.090951 0.086287
1 0.862640 0.389809 0.127099 0.120103
1 0.880131 0.300606 0.085121 0.076959
1 0.734958 0.039412 0.111940 0.069963
1 0.858559 0.066814 0.060634 0.089785
1 0.520406 0.609025 0.074627 0.043144
1 0.610191 0.634678 0.058302 0.061800
1 0.550723 0.632346 0.039646 0.029151
1 0.552472 0.682486 0.057136 0.036147
1 0.701143 0.543144 0.039646 0.030317
1 0.723298 0.590951 0.058302 0.034981
1 0.761777 0.561217 0.053638 0.043144
1 0.788596 0.527985 0.039646 0.039646
1 0.803755 0.469683 0.102612 0.095616
1 0.323344 0.787430 0.060634 0.043144
2 0.284865 0.823577 0.037313 0.052472
2 0.859725 0.929688 0.041978 0.050140
2 0.722132 0.904618 0.053638 0.048974
2 0.225396 0.628848 0.034981 0.036147
2 0.713969 0.850396 0.046642 0.040812
2 0.486007 0.841068 0.054804 0.038479
2 0.435868 0.853312 0.057136 0.041978
2 0.460937 0.932020 0.058302 0.033815
2 0.795592 0.679571 0.048974 0.039646
2 0.847481 0.657999 0.047808 0.047808
2 0.968342 0.477081 0.063316 0.045113
2 0.948344 0.958256 0.046642 0.046642
2 0.900536 0.976912 0.034981 0.041978
2 0.371152 0.740788 0.086287 0.057136
1 0.811917 0.579874 0.037313 0.047808
1 0.880714 0.217817 0.135261 0.114272
2 0.543727 0.558885 0.048974 0.052472
