2 0.139706 0.375919 0.066176 0.066176
2 0.190257 0.425551 0.079044 0.066176
2 0.189338 0.490809 0.066176 0.068015
2 0.110294 0.549632 0.055147 0.056985
2 0.065257 0.554228 0.042279 0.047794
2 0.101103 0.603860 0.051471 0.077206
2 0.152574 0.590074 0.062500 0.068015
2 0.263787 0.730699 0.056985 0.069853
2 0.292279 0.704044 0.047794 0.060662
2 0.285846 0.637868 0.056985 0.060662
2 0.042279 0.956801 0.058824 0.069853
2 0.113051 0.951287 0.075368 0.084559
2 0.136949 0.977941 0.082721 0.042279
2 0.689338 0.531250 0.080882 0.097426
2 0.810662 0.568934 0.077206 0.099265
2 0.772059 0.495404 0.073529 0.088235
2 0.732537 0.869485 0.068015 0.079044
2 0.814338 0.879596 0.062500 0.073529
2 0.708640 0.936581 0.079044 0.062500
2 0.783088 0.943934 0.073529 0.066176
2 0.892463 0.945772 0.082721 0.069853
2 0.687500 0.327206 0.047794 0.038603
2 0.736213 0.310662 0.053309 0.049632
2 0.728860 0.387868 0.049632 0.042279
2 0.809743 0.090074 0.056985 0.056985
2 0.926471 0.163603 0.047794 0.042279
2 0.237132 0.040441 0.055147 0.045956
2 0.203125 0.131434 0.060662 0.040441
2 0.255515 0.113051 0.062500 0.047794
2 0.270221 0.187500 0.066176 0.049632
2 0.123162 0.174632 0.044118 0.038603
2 0.162684 0.233456 0.053309 0.053309
