0 0.664844 0.340625 0.115625 0.115625
0 0.607031 0.348438 0.062500 0.100000
0 0.525000 0.307031 0.139063 0.082812
0 0.717969 0.260937 0.075000 0.075000
0 0.942969 0.169531 0.103125 0.107813
0 0.822656 0.149219 0.075000 0.092188
0 0.880469 0.100781 0.071875 0.073438
0 0.933594 0.246094 0.121875 0.114062
0 0.861719 0.218750 0.075000 0.084375
0 0.168750 0.027344 0.110937 0.051562
0 0.151562 0.198437 0.057813 0.071875
0 0.362500 0.626563 0.104688 0.096875
0 0.429688 0.709375 0.089063 0.084375
0 0.976172 0.818302 0.044531 0.105354
0 0.762500 0.133594 0.085938 0.085938
2 0.843750 0.275000 0.064062 0.062500
2 0.390625 0.743750 0.092188 0.078125
1 0.350781 0.697656 0.087500 0.064062
2 0.207813 0.082812 0.082812 0.062500
2 0.027734 0.441220 0.055469 0.066815
2 0.026953 0.379769 0.053906 0.056414
