2 0.233108 0.040541 0.064189 0.056588
2 0.296875 0.021537 0.054899 0.040541
2 0.031250 0.105152 0.054054 0.057432
2 0.064189 0.121622 0.047297 0.051520
2 0.014780 0.155546 0.029561 0.056306
2 0.015625 0.040530 0.031250 0.049851
2 0.160895 0.016047 0.058277 0.027872
2 0.408361 0.073902 0.032939 0.040541
2 0.449324 0.021115 0.076014 0.039696
2 0.498311 0.033784 0.064189 0.053209
2 0.547231 0.012880 0.066010 0.025760
2 0.369510 0.199747 0.065034 0.062500
2 0.455236 0.313767 0.059122 0.057432
2 0.306166 0.516047 0.051520 0.061655
2 0.364865 0.517736 0.065878 0.070101
1 0.772804 0.602618 0.069257 0.067568
2 0.703125 0.607264 0.044764 0.039696
2 0.714949 0.665963 0.066723 0.069257
2 0.033784 0.852618 0.064189 0.072635
2 0.038851 0.760980 0.048986 0.065034
2 0.309122 0.749155 0.057432 0.051520
2 0.342061 0.720439 0.050676 0.046453
2 0.388091 0.850507 0.056588 0.044764
2 0.619932 0.671453 0.054054 0.044764
1 0.731841 0.752956 0.061655 0.064189
1 0.773226 0.729307 0.048142 0.047297
2 0.734375 0.808699 0.058277 0.055743
2 0.669764 0.813345 0.060811 0.065034
2 0.595017 0.786318 0.051520 0.034628
2 0.613598 0.804476 0.058277 0.062500
2 0.688767 0.893581 0.049831 0.053209
2 0.734375 0.921875 0.053209 0.055743
2 0.698057 0.964527 0.043074 0.041385
2 0.643581 0.967061 0.052365 0.054899
1 0.461492 0.987965 0.063186 0.024071
2 0.407095 0.953547 0.055743 0.056588
2 0.310722 0.987120 0.062323 0.025760
2 0.961571 0.964105 0.054899 0.055743
