2 0.023540 0.170539 0.045230 0.075041
2 0.264083 0.105263 0.063734 0.067845
2 0.327303 0.112459 0.079153 0.069901
2 0.277447 0.042044 0.063734 0.060650
2 0.348376 0.046669 0.063734 0.061678
2 0.417249 0.033820 0.092516 0.064762
2 0.405942 0.102693 0.074013 0.077097
2 0.838199 0.196238 0.089433 0.085321
2 0.959498 0.198808 0.072985 0.065789
2 0.913240 0.248150 0.075041 0.069901
2 0.938425 0.304688 0.076069 0.065789
2 0.840769 0.275391 0.074013 0.072985
2 0.584293 0.447574 0.097656 0.082237
2 0.796567 0.514391 0.076069 0.067845
2 0.635177 0.562706 0.094572 0.076069
2 0.595600 0.621299 0.107936 0.096628
2 0.492804 0.580181 0.089433 0.086349
2 0.452200 0.620785 0.106908 0.093544
2 0.374075 0.716900 0.108964 0.092516
2 0.283614 0.595600 0.090461 0.080181
2 0.059005 0.745169 0.107936 0.101768
2 0.030736 0.818154 0.057566 0.089433
2 0.077508 0.865440 0.103824 0.083265
2 0.097553 0.962068 0.096628 0.070929
2 0.247122 0.881887 0.097656 0.099712
2 0.349918 0.928660 0.062706 0.098684
2 0.416221 0.923520 0.106908 0.117188
2 0.491262 0.914268 0.098684 0.133635
2 0.585835 0.751850 0.082237 0.076069
2 0.547286 0.901933 0.118215 0.092516
2 0.684519 0.843853 0.088405 0.070929
2 0.770868 0.892681 0.082237 0.078125
2 0.704050 0.947677 0.063734 0.056538
2 0.754420 0.966694 0.063734 0.061678
