2 0.635037 0.368067 0.027939 0.034147
2 0.674358 0.377897 0.038286 0.035182
2 0.761796 0.577608 0.099338 0.086921
2 0.936672 0.423945 0.066225 0.090025
2 0.962541 0.297703 0.055877 0.065190
2 0.951159 0.515522 0.047599 0.020695
2 0.970820 0.549151 0.041391 0.034147
2 0.719888 0.963576 0.073469 0.060017
2 0.640211 0.921151 0.075538 0.057947
2 0.230443 0.794909 0.106581 0.091060
2 0.121792 0.801635 0.098303 0.079677
2 0.260451 0.700228 0.092094 0.092094
2 0.348406 0.646937 0.087955 0.076573
2 0.057119 0.309603 0.088990 0.086921
2 0.082988 0.229925 0.105546 0.093129
2 0.046772 0.154905 0.082781 0.073469
2 0.045219 0.056084 0.077608 0.091060
2 0.820261 0.089714 0.067260 0.065190
2 0.823365 0.194743 0.106581 0.068295
