0 0.197411 0.215485 0.130597 0.116604
0 0.127449 0.330340 0.146922 0.131763
0 0.577542 0.328008 0.114272 0.106110
0 0.904035 0.143190 0.142257 0.111940
0 0.617187 0.408465 0.123601 0.092118
2 0.728545 0.450443 0.092118 0.068797
2 0.744869 0.521572 0.106110 0.089785
2 0.471432 0.442281 0.093284 0.068797
1 0.275536 0.161264 0.090951 0.075793
0 0.584538 0.669076 0.121269 0.090951
0 0.126562 0.899219 0.104688 0.089063
2 0.185938 0.947656 0.082812 0.076563
2 0.584375 0.928125 0.101562 0.090625
1 0.713504 0.967969 0.109821 0.064062
0 0.945703 0.663214 0.108594 0.120177
