2 0.227214 0.583333 0.063802 0.070312
2 0.196615 0.655599 0.072917 0.074219
2 0.162760 0.585938 0.085938 0.078125
2 0.033203 0.908886 0.066406 0.046811
2 0.278646 0.692057 0.104167 0.100260
2 0.320964 0.537109 0.100260 0.050781
2 0.311849 0.492188 0.082031 0.085938
1 0.886719 0.401042 0.078125 0.093750
1 0.951172 0.336589 0.082031 0.079427
2 0.354818 0.141927 0.055990 0.078125
2 0.065755 0.565755 0.076823 0.061198
2 0.702474 0.743490 0.061198 0.065104
2 0.677083 0.684245 0.075521 0.048177
2 0.427083 0.116536 0.075521 0.069010
2 0.535807 0.097005 0.074219 0.082031
2 0.069661 0.852865 0.053385 0.054688
