2 0.438725 0.451746 0.061275 0.064338
2 0.462469 0.408088 0.044424 0.056679
2 0.506127 0.443321 0.052083 0.071998
2 0.553615 0.377451 0.055147 0.059743
2 0.541360 0.412684 0.070466 0.059743
2 0.625613 0.454044 0.055147 0.075061
2 0.570466 0.532169 0.067402 0.065870
2 0.622549 0.549020 0.052083 0.056679
2 0.669271 0.513021 0.038297 0.067402
2 0.683824 0.579657 0.045956 0.065870
2 0.814798 0.461703 0.044424 0.050551
2 0.545190 0.309283 0.068934 0.064338
2 0.666207 0.277880 0.065870 0.071998
2 0.729013 0.298560 0.071998 0.076593
2 0.534467 0.172947 0.062806 0.064338
2 0.580423 0.175245 0.035233 0.053615
2 0.561275 0.107843 0.055147 0.065870
2 0.609528 0.103248 0.059743 0.062806
2 0.525276 0.045803 0.035233 0.045956
2 0.565104 0.045037 0.032169 0.053615
2 0.589614 0.022825 0.059743 0.033701
2 0.649357 0.053462 0.050551 0.064338
2 0.703738 0.057292 0.042892 0.053615
2 0.696844 0.018995 0.062806 0.026042
