2 0.018041 0.389229 0.036082 0.078179
2 0.164143 0.177835 0.053157 0.088595
2 0.211662 0.170586 0.064433 0.080541
2 0.648196 0.153673 0.070876 0.069265
2 0.649807 0.196360 0.074098 0.064433
2 0.674774 0.272068 0.066044 0.074098
2 0.776256 0.332474 0.037049 0.043492
2 0.741624 0.383215 0.051546 0.064433
2 0.795586 0.381604 0.059601 0.061211
2 0.834246 0.323615 0.040271 0.051546
2 0.855187 0.375966 0.046714 0.066044
2 0.904317 0.385631 0.070876 0.066044
2 0.920425 0.433151 0.067655 0.057990
2 0.798003 0.428318 0.051546 0.054768
2 0.848744 0.446037 0.056379 0.061211
2 0.836662 0.486308 0.070876 0.074098
2 0.905122 0.481476 0.075709 0.077320
2 0.609536 0.413821 0.083763 0.077320
2 0.583763 0.462951 0.074098 0.075709
2 0.635309 0.596649 0.045103 0.062822
2 0.583763 0.615174 0.064433 0.057990
2 0.609536 0.653028 0.070876 0.049936
2 0.615979 0.706991 0.054768 0.064433
2 0.664304 0.685245 0.048325 0.056379
2 0.665915 0.740013 0.041881 0.053157
2 0.706991 0.764175 0.059601 0.069265
2 0.673164 0.796392 0.053157 0.059601
2 0.756121 0.757732 0.048325 0.078930
2 0.742429 0.812500 0.098260 0.049936
2 0.957474 0.589401 0.054768 0.074098
2 0.889820 0.678802 0.048325 0.069265
2 0.928479 0.662693 0.045103 0.069265
2 0.963918 0.706991 0.048325 0.051546
2 0.971166 0.661082 0.049936 0.075709
