2 0.333912 0.016782 0.062500 0.024306
2 0.434606 0.163194 0.046296 0.046296
2 0.532986 0.184028 0.055556 0.041667
2 0.495370 0.219329 0.049769 0.054398
2 0.527778 0.243634 0.042824 0.056713
2 0.691551 0.146991 0.067130 0.050926
2 0.773727 0.106481 0.055556 0.062500
2 0.598380 0.427083 0.065972 0.041667
2 0.500000 0.598380 0.072917 0.060185
2 0.441551 0.608796 0.062500 0.060185
2 0.364005 0.597222 0.069444 0.050926
2 0.405671 0.679398 0.081019 0.064815
2 0.355903 0.688079 0.050926 0.075231
2 0.504630 0.734954 0.049769 0.055556
2 0.449653 0.784144 0.053241 0.042824
2 0.474537 0.812500 0.063657 0.034722
2 0.203704 0.662037 0.038194 0.041667
2 0.125579 0.630787 0.053241 0.057870
2 0.134838 0.688657 0.055556 0.043981
2 0.166088 0.752315 0.060185 0.043981
2 0.155671 0.789352 0.053241 0.041667
2 0.188657 0.826968 0.054398 0.047454
2 0.246528 0.832755 0.047454 0.056713
2 0.255787 0.889468 0.056713 0.052083
2 0.311921 0.892361 0.050926 0.074074
2 0.410880 0.885417 0.065972 0.064815
2 0.395833 0.968750 0.049769 0.060185
2 0.632523 0.791088 0.046296 0.059028
2 0.588542 0.949074 0.055556 0.041667
2 0.609375 0.916667 0.043981 0.053241
2 0.641782 0.891204 0.067130 0.055556
2 0.646991 0.943866 0.063657 0.052083
2 0.701968 0.976273 0.085648 0.045139
2 0.692130 0.802662 0.047454 0.049769
2 0.763889 0.710648 0.065972 0.071759
2 0.839699 0.703125 0.043981 0.038194
2 0.788194 0.762153 0.068287 0.045139
2 0.789352 0.820023 0.052083 0.063657
2 0.846644 0.849537 0.060185 0.055556
2 0.796296 0.881366 0.089120 0.054398
2 0.785880 0.961806 0.065972 0.060185
2 0.843750 0.971644 0.042824 0.047454
2 0.916088 0.918403 0.067130 0.047454
2 0.921296 0.874421 0.045139 0.049769
2 0.851273 0.747106 0.037037 0.040509
2 0.906250 0.726273 0.075231 0.063657
2 0.935185 0.699653 0.040509 0.052083
2 0.986690 0.726852 0.023148 0.069444
2 0.935185 0.615162 0.054398 0.061343
2 0.976852 0.561343 0.042824 0.064815
