0 0.236670 0.150896 0.038243 0.031687
0 0.291849 0.141062 0.028409 0.031687
1 0.312063 0.113746 0.046984 0.020760
1 0.347574 0.156359 0.050262 0.051355
1 0.317526 0.173842 0.027316 0.031687
1 0.575940 0.269449 0.032780 0.024038
0 0.503824 0.172203 0.026224 0.032780
0 0.475415 0.183676 0.019668 0.038243
0 0.475415 0.149257 0.041521 0.028409
1 0.723995 0.079873 0.075393 0.040428
1 0.757867 0.092439 0.033872 0.037150
1 0.766608 0.046001 0.064467 0.027316
1 0.803759 0.066761 0.031687 0.038243
1 0.732736 0.562828 0.077579 0.051355
1 0.664445 0.621285 0.052448 0.030594
1 0.721263 0.585774 0.028409 0.022946
0 0.814685 0.522399 0.038243 0.036058
0 0.781359 0.484703 0.041521 0.034965
0 0.621285 0.562828 0.033872 0.025131
0 0.654065 0.587959 0.033872 0.020760
0 0.105551 0.867679 0.022946 0.036058
0 0.133413 0.855660 0.034965 0.044799
0 0.248142 0.827797 0.043706 0.041521
0 0.237216 0.353584 0.037150 0.030594
1 0.258523 0.371613 0.022946 0.016390
1 0.259615 0.343750 0.027316 0.028409
1 0.253606 0.257976 0.048077 0.022946
1 0.154720 0.261254 0.027316 0.029502
1 0.061298 0.356316 0.024038 0.027316
1 0.206075 0.379808 0.040428 0.026224
1 0.176573 0.399476 0.036058 0.034965
1 0.173295 0.443728 0.033872 0.036058
1 0.272181 0.411495 0.048077 0.026224
1 0.306053 0.384725 0.050262 0.033872
1 0.312609 0.345389 0.045892 0.022946
