2 0.441698 0.479594 0.061800 0.078125
2 0.495919 0.442281 0.060634 0.075793
2 0.564715 0.300023 0.065299 0.073461
2 0.621269 0.272621 0.052472 0.062966
2 0.648671 0.322178 0.067631 0.071129
2 0.507579 0.242304 0.069963 0.067631
2 0.603195 0.218983 0.055970 0.069963
2 0.659165 0.208489 0.060634 0.062966
2 0.655084 0.139692 0.073461 0.074627
2 0.645756 0.075560 0.059468 0.065299
2 0.697062 0.055154 0.057136 0.064132
2 0.586287 0.059818 0.054804 0.054804
2 0.688316 0.016674 0.069963 0.026819
2 0.480177 0.046409 0.059468 0.055970
2 0.440532 0.039995 0.057136 0.064132
2 0.525653 0.129198 0.059468 0.079291
2 0.446945 0.181670 0.074627 0.069963
2 0.518657 0.170009 0.054804 0.044310
