1 0.114515 0.111945 0.103824 0.085321
2 0.250206 0.091386 0.087377 0.077097
0 0.213199 0.127878 0.099712 0.067845
0 0.333984 0.139700 0.088405 0.093544
2 0.265111 0.202919 0.106908 0.106908
2 0.407998 0.210629 0.096628 0.072985
0 0.534951 0.148437 0.075041 0.069901
0 0.470189 0.175164 0.068873 0.053454
2 0.255345 0.310341 0.072985 0.075041
2 0.322163 0.336554 0.079153 0.076069
0 0.423931 0.353002 0.120271 0.129523
0 0.275391 0.430613 0.131579 0.118215
0 0.535979 0.315995 0.128495 0.096628
2 0.050267 0.187500 0.084293 0.069901
