2 0.306093 0.546088 0.068570 0.074191
2 0.340378 0.638264 0.071942 0.076439
2 0.387028 0.593300 0.050585 0.083183
2 0.090827 0.538219 0.069694 0.071942
2 0.154339 0.540468 0.057329 0.089928
2 0.195369 0.584870 0.062950 0.077563
2 0.251574 0.604541 0.071942 0.083183
2 0.099258 0.616344 0.066322 0.052833
2 0.137478 0.684353 0.084308 0.076439
2 0.057104 0.675922 0.062950 0.086556
2 0.032374 0.601731 0.038219 0.050585
2 0.037433 0.793390 0.055081 0.098921
2 0.178507 0.745054 0.040468 0.067446
2 0.167828 0.807442 0.050585 0.039344
2 0.235836 0.791704 0.060701 0.057329
2 0.219537 0.720886 0.052833 0.061826
2 0.288107 0.733813 0.064074 0.076439
2 0.387590 0.723134 0.047212 0.070818
2 0.471335 0.750674 0.030351 0.038219
2 0.525854 0.772032 0.044964 0.040468
2 0.530913 0.735499 0.046088 0.043840
2 0.643323 0.689973 0.066322 0.060701
2 0.718076 0.631520 0.044964 0.053957
2 0.716951 0.486511 0.024730 0.029227
2 0.681542 0.478080 0.025854 0.021358
2 0.728192 0.527540 0.038219 0.043840
2 0.774843 0.829924 0.030351 0.030351
2 0.758543 0.864209 0.024730 0.020234
2 0.752923 0.896808 0.071942 0.051709
2 0.858026 0.891749 0.023606 0.039344
2 0.796763 0.934465 0.038219 0.039344
2 0.740558 0.949640 0.042716 0.035971
2 0.796201 0.971560 0.050585 0.034847
2 0.515175 0.819245 0.091052 0.047212
2 0.512927 0.862522 0.061826 0.059577
2 0.502248 0.922100 0.051709 0.052833
2 0.544964 0.927158 0.047212 0.058453
2 0.415692 0.861398 0.058453 0.061826
2 0.432554 0.960319 0.078687 0.061826
2 0.890063 0.951888 0.044964 0.033723
2 0.099820 0.837230 0.033723 0.047212
2 0.649505 0.760791 0.044964 0.040468
2 0.604541 0.772032 0.031475 0.035971
