1 0.193913 0.238223 0.085121 0.081623
1 0.287197 0.286031 0.073461 0.081623
1 0.163013 0.441115 0.074627 0.072295
1 0.255714 0.568214 0.080457 0.081623
1 0.293027 0.498251 0.092118 0.067631
1 0.481343 0.269706 0.069963 0.081623
1 0.494170 0.387477 0.081623 0.076959
1 0.442864 0.357160 0.072295 0.072295
2 0.049324 0.512826 0.059468 0.073461
2 0.056320 0.692397 0.073461 0.066465
2 0.212570 0.337337 0.078125 0.069963
2 0.046992 0.449860 0.061800 0.059468
1 0.305271 0.212570 0.069963 0.081623
1 0.395639 0.272038 0.089785 0.074627
