2 0.437617 0.083139 0.086287 0.101446
2 0.891791 0.195662 0.080457 0.081623
2 0.738456 0.379897 0.081623 0.074627
2 0.685984 0.412547 0.069963 0.069963
2 0.697645 0.314016 0.086287 0.068797
2 0.827076 0.175840 0.072295 0.086287
2 0.947178 0.119286 0.079291 0.080457
2 0.913946 0.070896 0.068797 0.083955
2 0.874883 0.130947 0.067631 0.064132
2 0.479594 0.158349 0.093284 0.083955
2 0.569380 0.184585 0.095616 0.089785
2 0.521572 0.230644 0.111940 0.097948
2 0.400886 0.228895 0.092118 0.108442
2 0.346082 0.146688 0.087453 0.090951
2 0.333839 0.375816 0.088619 0.094450
2 0.441698 0.349580 0.082789 0.090951
2 0.374067 0.337920 0.087453 0.069963
2 0.282533 0.372901 0.074627 0.086287
2 0.311101 0.452775 0.087453 0.078125
2 0.224813 0.468517 0.082789 0.090951
2 0.024837 0.471432 0.041978 0.061800
2 0.471432 0.567631 0.076959 0.072295
2 0.451609 0.516325 0.083955 0.074627
2 0.758862 0.665578 0.075793 0.074627
2 0.590368 0.666744 0.076959 0.072295
2 0.638176 0.618937 0.069963 0.067631
2 0.592118 0.557136 0.075793 0.079291
