2 0.156982 0.120361 0.101318 0.085449
2 0.292480 0.266235 0.067139 0.074463
2 0.373047 0.294312 0.074463 0.074463
2 0.398071 0.348022 0.065918 0.057373
2 0.454834 0.346191 0.054932 0.046387
2 0.490234 0.368164 0.069580 0.065918
2 0.470703 0.445068 0.076904 0.080566
2 0.533569 0.457886 0.065918 0.076904
2 0.408447 0.456055 0.072021 0.065918
2 0.629395 0.437134 0.059814 0.064697
2 0.800293 0.141113 0.072021 0.075684
2 0.854614 0.198486 0.063477 0.065918
2 0.803345 0.183838 0.075684 0.068359
2 0.245483 0.318115 0.083008 0.083008
2 0.393188 0.405396 0.056152 0.069580
2 0.534790 0.389526 0.058594 0.069580
2 0.579346 0.556152 0.084229 0.083008
2 0.687988 0.584229 0.093994 0.087891
2 0.721558 0.659912 0.095215 0.090332
2 0.711182 0.793579 0.113525 0.118408
2 0.822876 0.762451 0.104980 0.107422
2 0.874146 0.819824 0.104980 0.117188
2 0.796021 0.844849 0.097656 0.108643
2 0.864990 0.581787 0.074463 0.070801
2 0.918091 0.545776 0.070801 0.081787
2 0.968140 0.542114 0.061035 0.079346
2 0.960205 0.627563 0.074463 0.072021
2 0.899780 0.659302 0.075684 0.064697
2 0.847900 0.627563 0.069580 0.059814
2 0.962646 0.729492 0.057373 0.068359
2 0.977356 0.787681 0.045288 0.069991
2 0.968140 0.863159 0.063477 0.079346
2 0.933350 0.786255 0.059814 0.076904
2 0.903442 0.125854 0.048828 0.059814
2 0.694702 0.476807 0.061035 0.065918
2 0.752686 0.511597 0.059814 0.057373
2 0.348633 0.604370 0.072021 0.081787
2 0.390137 0.660522 0.069580 0.057373
2 0.385254 0.708130 0.072021 0.069580
2 0.312622 0.672729 0.075684 0.074463
2 0.473755 0.833862 0.092773 0.103760
2 0.558594 0.880859 0.093994 0.102539
2 0.335815 0.879639 0.107422 0.095215
2 0.384033 0.940063 0.084229 0.101318
2 0.180176 0.696533 0.084229 0.083008
2 0.199707 0.630615 0.074463 0.075684
2 0.119751 0.662964 0.068359 0.086670
2 0.100220 0.733154 0.068359 0.065918
2 0.146606 0.785034 0.073242 0.072021
2 0.213135 0.763062 0.062256 0.062256
2 0.266235 0.843628 0.092773 0.074463
2 0.252197 0.910767 0.096436 0.091553
2 0.599487 0.398071 0.046387 0.062256
2 0.631226 0.485352 0.061035 0.048828
2 0.538452 0.971191 0.083008 0.053711
2 0.122192 0.868042 0.063477 0.067139
2 0.109375 0.926025 0.067139 0.058594
2 0.044678 0.899170 0.062256 0.061035
2 0.048340 0.938232 0.072021 0.046387
2 0.219849 0.969971 0.097656 0.051270
2 0.157593 0.959595 0.063477 0.059814
2 0.062988 0.805786 0.072021 0.064697
2 0.557983 0.668457 0.095215 0.097656
2 0.235107 0.054443 0.084229 0.083008
2 0.083740 0.161865 0.047607 0.053711
2 0.084351 0.203979 0.043945 0.047607
2 0.186890 0.258301 0.065918 0.053711
2 0.244263 0.254028 0.056152 0.052490
2 0.119751 0.032471 0.085449 0.063477
2 0.071533 0.097168 0.081787 0.070801
