2 0.364546 0.406700 0.046088 0.069694
2 0.452226 0.414568 0.050585 0.047212
2 0.494379 0.342626 0.078687 0.058453
2 0.638264 0.252136 0.078687 0.079811
2 0.854092 0.231902 0.051709 0.059577
2 0.498314 0.569694 0.070818 0.069694
2 0.447167 0.732689 0.074191 0.060701
2 0.589928 0.652316 0.074191 0.086556
2 0.023381 0.605103 0.038219 0.082059
2 0.068907 0.249326 0.050585 0.044964
2 0.772594 0.240895 0.064074 0.055081
2 0.389276 0.473584 0.048336 0.061826
2 0.514613 0.404451 0.040468 0.033723
0 0.298786 0.048674 0.067446 0.066322
0 0.368480 0.037433 0.065198 0.070818
0 0.448853 0.042491 0.066322 0.058453
0 0.868143 0.037995 0.109038 0.056205
0 0.867581 0.348808 0.067446 0.102293
0 0.950764 0.396583 0.065198 0.116906
0 0.967626 0.294852 0.060701 0.104541
0 0.738309 0.301596 0.094424 0.124775
0 0.060477 0.561263 0.053957 0.070818
0 0.470211 0.660184 0.075315 0.077563
0 0.456722 0.822617 0.115782 0.096673
0 0.563512 0.737747 0.079811 0.100045
0 0.073404 0.176821 0.064074 0.082059
0 0.028440 0.233026 0.046088 0.093300
