2 0.289522 0.153493 0.060662 0.055147
2 0.326287 0.219669 0.049632 0.047794
2 0.361213 0.238971 0.045956 0.049632
2 0.187500 0.174632 0.051471 0.056985
2 0.135110 0.191176 0.056985 0.049632
2 0.151654 0.252757 0.060662 0.058824
2 0.213235 0.249081 0.058824 0.047794
2 0.232537 0.295956 0.049632 0.045956
2 0.140625 0.333640 0.053309 0.055147
2 0.157169 0.443934 0.053309 0.051471
2 0.147978 0.486213 0.049632 0.055147
2 0.295956 0.472426 0.047794 0.056985
2 0.674632 0.344669 0.047794 0.051471
2 0.626838 0.332721 0.044118 0.053309
2 0.488051 0.105699 0.064338 0.044118
2 0.024816 0.463235 0.038603 0.060662
2 0.092831 0.460478 0.049632 0.055147
2 0.197610 0.331801 0.053309 0.058824
2 0.216912 0.535846 0.073529 0.036765
2 0.314338 0.532169 0.047794 0.044118
2 0.214154 0.486213 0.056985 0.044118
2 0.253676 0.432904 0.033088 0.044118
