2 0.053988 0.104711 0.062966 0.067631
2 0.493587 0.314016 0.100280 0.059468
2 0.439949 0.411381 0.090951 0.081623
2 0.390392 0.473764 0.092118 0.080457
2 0.153685 0.465019 0.075793 0.058302
2 0.468517 0.213153 0.054804 0.076959
1 0.943680 0.250466 0.109608 0.083955
1 0.949510 0.344333 0.093284 0.087453
1 0.027752 0.450443 0.054804 0.092118
0 0.063899 0.419543 0.054804 0.067631
0 0.086054 0.493004 0.068797 0.065299
0 0.052822 0.557719 0.088619 0.078125
0 0.036322 0.529744 0.072645 0.038459
0 0.036905 0.780748 0.073811 0.057765
