1 0.707397 0.153215 0.041592 0.059577
1 0.765850 0.137478 0.041592 0.057329
1 0.799011 0.186938 0.035971 0.043840
2 0.814186 0.240333 0.043840 0.035971
1 0.759667 0.246515 0.035971 0.050585
2 0.616344 0.353867 0.032599 0.042716
2 0.652878 0.367918 0.015737 0.037095
2 0.616906 0.413444 0.042716 0.047212
2 0.674236 0.422999 0.029227 0.043840
2 0.551147 0.388714 0.028103 0.042716
2 0.227968 0.150967 0.035971 0.043840
2 0.181317 0.126799 0.028103 0.029227
1 0.143098 0.159960 0.039344 0.046088
1 0.190310 0.174573 0.034847 0.050585
2 0.148156 0.236960 0.040468 0.035971
1 0.074528 0.154339 0.037095 0.034847
2 0.229654 0.294290 0.034847 0.053957
2 0.180755 0.297100 0.033723 0.043840
2 0.053170 0.464029 0.030351 0.029227
2 0.311713 0.587118 0.037095 0.041592
2 0.304969 0.621965 0.041592 0.028103
1 0.199303 0.854092 0.048336 0.065198
1 0.134667 0.834420 0.042716 0.043840
1 0.088017 0.858588 0.064074 0.058453
1 0.129047 0.926596 0.069694 0.055081
1 0.204362 0.905800 0.062950 0.038219
2 0.217289 0.966502 0.061826 0.031475
1 0.295414 0.962567 0.069694 0.032599
2 0.475270 0.987298 0.056205 0.016862
2 0.535409 0.982801 0.048336 0.023606
1 0.657374 0.683228 0.020234 0.040468
1 0.752923 0.659622 0.038219 0.029227
1 0.731565 0.630396 0.042716 0.020234
1 0.704024 0.664681 0.034847 0.028103
