2 0.433535 0.544893 0.064132 0.057136
2 0.480760 0.507579 0.055970 0.064132
2 0.418377 0.483092 0.043144 0.050140
2 0.365905 0.584538 0.061800 0.061800
2 0.373484 0.684235 0.044310 0.037313
2 0.256297 0.699977 0.061800 0.057136
2 0.260961 0.760028 0.057136 0.055970
2 0.188666 0.724464 0.047808 0.045476
2 0.118703 0.630014 0.040812 0.043144
2 0.073228 0.636427 0.040812 0.041978
2 0.807253 0.537896 0.053638 0.052472
2 0.871385 0.546642 0.034981 0.032649
2 0.718633 0.490672 0.044310 0.044310
2 0.534398 0.927355 0.058302 0.050140
2 0.577542 0.948344 0.039646 0.045476
2 0.435285 0.696479 0.046642 0.038479
2 0.414296 0.715135 0.051306 0.038479
2 0.390392 0.758279 0.052472 0.047808
2 0.641674 0.678988 0.044310 0.040812
2 0.690065 0.705224 0.059468 0.046642
2 0.814832 0.599697 0.064132 0.064132
