2 0.675922 0.112185 0.064074 0.076439
2 0.745054 0.329699 0.040468 0.052833
2 0.931655 0.347684 0.051709 0.052833
2 0.865895 0.354429 0.046088 0.050585
2 0.802945 0.344312 0.064074 0.075315
2 0.789456 0.437612 0.070818 0.046088
2 0.726506 0.639388 0.075315 0.071942
2 0.972010 0.388911 0.055980 0.081330
2 0.714703 0.910859 0.053957 0.046088
2 0.763040 0.895121 0.042716 0.030351
2 0.790580 0.928844 0.068570 0.034847
2 0.657374 0.920976 0.058453 0.048336
2 0.620841 0.957509 0.066322 0.042716
2 0.662433 0.717513 0.088804 0.061826
2 0.662995 0.625337 0.058453 0.077563
2 0.614658 0.577001 0.105665 0.088804
2 0.589928 0.669739 0.049460 0.056205
2 0.245953 0.655688 0.069694 0.048336
2 0.238085 0.711331 0.062950 0.065198
2 0.158273 0.656250 0.056205 0.058453
2 0.149281 0.732689 0.074191 0.078687
2 0.085769 0.744492 0.061826 0.064074
2 0.139726 0.292041 0.068570 0.069694
2 0.212792 0.319582 0.070818 0.070818
2 0.553395 0.485949 0.068570 0.070818
2 0.414568 0.066659 0.056205 0.048336
2 0.225157 0.816434 0.077563 0.066322
2 0.204362 0.743368 0.065198 0.068570
2 0.157149 0.833296 0.060701 0.082059
2 0.121178 0.795638 0.060701 0.062950
2 0.040805 0.774281 0.055081 0.049460
2 0.022257 0.720324 0.038219 0.062950
2 0.031250 0.851281 0.049460 0.064074
2 0.061039 0.379721 0.059577 0.080935
2 0.132981 0.377473 0.066322 0.085432
2 0.215603 0.405013 0.076439 0.077563
2 0.148719 0.455598 0.086556 0.061826
2 0.040805 0.304969 0.075315 0.073067
2 0.307779 0.811376 0.067446 0.060701
2 0.281924 0.835544 0.040468 0.048336
2 0.353867 0.849595 0.049460 0.058453
2 0.394897 0.865895 0.034847 0.066322
2 0.324078 0.918165 0.050585 0.051709
2 0.369042 0.929406 0.059577 0.062950
2 0.348246 0.980553 0.105665 0.032599
2 0.849033 0.392648 0.050585 0.064074
2 0.765850 0.094200 0.075315 0.069694
