2 0.561051 0.887003 0.047599 0.033113
2 0.607616 0.874586 0.053808 0.055877
2 0.644350 0.856478 0.044495 0.054843
2 0.594681 0.921151 0.073469 0.037252
2 0.549151 0.934603 0.050704 0.043460
2 0.590542 0.833713 0.044495 0.050704
2 0.553291 0.856478 0.052773 0.030008
2 0.223717 0.892695 0.053808 0.044495
2 0.269764 0.859065 0.046565 0.045530
2 0.199400 0.852856 0.046565 0.028974
2 0.160596 0.951159 0.039321 0.043460
2 0.204056 0.953228 0.041391 0.035182
2 0.333920 0.597786 0.067260 0.069329
2 0.373758 0.557947 0.062086 0.066225
2 0.314259 0.534147 0.073469 0.053808
2 0.348406 0.512935 0.061051 0.058982
2 0.268212 0.563121 0.057947 0.049669
2 0.244930 0.595199 0.073469 0.051738
2 0.263555 0.636589 0.061051 0.047599
2 0.175600 0.599855 0.065190 0.065190
2 0.209230 0.537769 0.053808 0.056912
2 0.149731 0.537769 0.061051 0.056912
2 0.173013 0.489135 0.043460 0.044495
2 0.310637 0.256829 0.057947 0.064156
2 0.244412 0.244930 0.057947 0.054843
2 0.265625 0.291494 0.050704 0.034147
2 0.304429 0.194226 0.068295 0.050704
2 0.288390 0.111445 0.061051 0.090025
2 0.705401 0.276490 0.050704 0.055877
2 0.694536 0.222682 0.068295 0.051738
2 0.777318 0.301842 0.039321 0.067260
