1 0.109985 0.136841 0.058594 0.064697
1 0.093506 0.265625 0.057373 0.065918
1 0.138062 0.297974 0.061035 0.069580
1 0.156982 0.345581 0.072021 0.067139
1 0.174072 0.421265 0.054932 0.081787
1 0.210693 0.406616 0.062256 0.067139
1 0.174683 0.501221 0.061035 0.073242
1 0.097168 0.455444 0.059814 0.064697
1 0.077637 0.520142 0.062256 0.064697
1 0.154541 0.568359 0.062256 0.068359
1 0.029419 0.308960 0.053711 0.072021
1 0.023315 0.221069 0.043945 0.081787
2 0.050171 0.149658 0.068359 0.078125
2 0.092896 0.033691 0.068359 0.051270
1 0.917480 0.508545 0.069580 0.097656
2 0.592773 0.030029 0.072021 0.046387
2 0.969971 0.511597 0.059814 0.084229
2 0.968811 0.317503 0.062378 0.069575
2 0.045898 0.360229 0.067139 0.064697
