2 0.108796 0.471644 0.056713 0.059028
2 0.049769 0.456019 0.059028 0.064815
2 0.088542 0.420139 0.071759 0.062500
2 0.569444 0.225694 0.075231 0.071759
2 0.600694 0.162037 0.061343 0.074074
2 0.482639 0.200231 0.063657 0.064815
2 0.490741 0.138889 0.054398 0.064815
2 0.539352 0.168403 0.054398 0.065972
2 0.329861 0.267361 0.047454 0.064815
2 0.392361 0.346065 0.061343 0.060185
2 0.438079 0.310185 0.067130 0.060185
2 0.314236 0.363426 0.071759 0.055556
2 0.287037 0.303819 0.079861 0.072917
2 0.068287 0.052083 0.056713 0.064815
2 0.037616 0.093750 0.060185 0.046296
2 0.037616 0.265625 0.074074 0.072917
2 0.562500 0.037616 0.068287 0.072917
