2 0.768519 0.504051 0.077546 0.079861
2 0.450810 0.816551 0.090278 0.063657
2 0.399884 0.831597 0.060185 0.056713
2 0.235532 0.953125 0.071759 0.075231
2 0.335648 0.933449 0.077546 0.065972
1 0.510995 0.313079 0.076389 0.070602
1 0.823495 0.252894 0.055556 0.084491
1 0.887153 0.091435 0.062500 0.055556
1 0.826968 0.064815 0.069444 0.069444
1 0.936343 0.034722 0.061343 0.057870
1 0.872106 0.031829 0.074074 0.052083
1 0.586227 0.271991 0.074074 0.062500
2 0.567130 0.368634 0.056713 0.049769
1 0.506944 0.260995 0.061343 0.054398
1 0.551505 0.231481 0.071759 0.050926
1 0.899306 0.961227 0.056713 0.063657
2 0.767361 0.967014 0.063657 0.061343
2 0.472222 0.092014 0.061343 0.059028
2 0.537616 0.112269 0.060185 0.048611
1 0.422454 0.180556 0.040509 0.043981
2 0.400463 0.032986 0.063657 0.056713
2 0.450231 0.034144 0.054398 0.059028
