2 0.094216 0.023671 0.103778 0.045476
2 0.039412 0.039412 0.068797 0.067631
2 0.035331 0.107626 0.053638 0.052472
2 0.079641 0.108792 0.055970 0.059468
2 0.445196 0.044076 0.061800 0.067631
2 0.532066 0.044660 0.069963 0.054804
2 0.562966 0.440532 0.068797 0.055970
2 0.568797 0.472598 0.066465 0.054804
2 0.641091 0.453358 0.054804 0.053638
2 0.648671 0.505247 0.067631 0.059468
2 0.603195 0.542561 0.060634 0.064132
2 0.695312 0.410798 0.074627 0.066465
2 0.836404 0.399137 0.065299 0.080457
2 0.781017 0.416628 0.057136 0.061800
2 0.907533 0.441698 0.062966 0.044310
2 0.818330 0.459771 0.068797 0.066465
2 0.881880 0.490672 0.065299 0.065299
2 0.769356 0.500583 0.064132 0.057136
2 0.856810 0.575793 0.054804 0.069963
2 0.800257 0.543727 0.058302 0.054804
2 0.799674 0.618937 0.066465 0.062966
2 0.870219 0.643424 0.062966 0.058302
2 0.911614 0.616604 0.052472 0.065299
2 0.908116 0.555970 0.057136 0.060634
2 0.971082 0.515159 0.047808 0.062966
2 0.968342 0.587951 0.063316 0.070958
2 0.971665 0.661497 0.053638 0.078125
2 0.719216 0.619520 0.059468 0.054804
2 0.726796 0.676656 0.067631 0.073461
2 0.645756 0.629431 0.080457 0.072295
2 0.570546 0.623018 0.053638 0.064132
2 0.560051 0.677822 0.041978 0.038479
2 0.606693 0.723881 0.074627 0.072295
2 0.666161 0.716884 0.060634 0.069963
2 0.470266 0.776353 0.062966 0.046642
2 0.460937 0.863806 0.060634 0.060634
2 0.409632 0.669076 0.053638 0.062966
2 0.440532 0.711054 0.052472 0.051306
2 0.517491 0.660914 0.061800 0.074627
