2 0.746711 0.346834 0.091488 0.055510
2 0.723581 0.403372 0.071957 0.065789
2 0.789885 0.394120 0.056538 0.053454
2 0.812500 0.458882 0.107936 0.067845
2 0.739515 0.492804 0.087377 0.102796
2 0.601254 0.528269 0.065789 0.064762
2 0.669613 0.569901 0.085321 0.065789
2 0.748252 0.635691 0.074013 0.078125
2 0.697882 0.681949 0.076069 0.084293
2 0.627467 0.630551 0.062706 0.071957
2 0.567331 0.588405 0.067845 0.055510
2 0.529297 0.574013 0.067845 0.078125
2 0.954821 0.620993 0.090358 0.089847
2 0.956363 0.700917 0.087274 0.091391
2 0.517989 0.834601 0.061678 0.044202
2 0.576069 0.846423 0.056538 0.071957
2 0.530325 0.795025 0.069901 0.051398
2 0.469675 0.826377 0.047286 0.062706
2 0.466077 0.882401 0.040090 0.053454
2 0.510280 0.890625 0.066817 0.080181
2 0.531353 0.920436 0.096628 0.055510
2 0.559108 0.974404 0.071957 0.048314
2 0.489206 0.961040 0.074013 0.066817
2 0.939453 0.459396 0.069901 0.052426
