2 0.956184 0.190232 0.061189 0.079764
2 0.904283 0.033982 0.064467 0.057911
2 0.835992 0.025787 0.065559 0.050262
2 0.890079 0.247596 0.055726 0.056818
2 0.966619 0.353015 0.066761 0.073163
2 0.916849 0.452469 0.069930 0.055726
2 0.854567 0.447006 0.045892 0.051355
2 0.944712 0.578671 0.084135 0.061189
2 0.962795 0.647631 0.074410 0.054877
2 0.965527 0.830502 0.068947 0.084081
2 0.951814 0.882976 0.074301 0.099432
0 0.339926 0.334462 0.122378 0.119100
0 0.686844 0.320804 0.088505 0.098339
0 0.761145 0.801027 0.101617 0.095061
0 0.862762 0.879152 0.095061 0.109266
0 0.746941 0.896088 0.101617 0.095061
0 0.842002 0.946897 0.090691 0.078671
0 0.566106 0.342657 0.065559 0.067745
2 0.591237 0.288024 0.056818 0.052448
0 0.807037 0.091346 0.095061 0.107080
0 0.816324 0.196241 0.093969 0.091783
0 0.981862 0.037806 0.036058 0.059003
