1 0.035801 0.035801 0.054612 0.062197
1 0.683556 0.022907 0.039442 0.039442
1 0.738167 0.030492 0.051578 0.054612
1 0.792021 0.019873 0.053095 0.030340
1 0.776092 0.108617 0.069782 0.086468
2 0.198119 0.022148 0.060680 0.043993
2 0.201911 0.132888 0.037925 0.050061
2 0.161711 0.054005 0.045510 0.053095
2 0.531857 0.625152 0.057646 0.069782
2 0.063865 0.838289 0.056129 0.071299
1 0.020631 0.147300 0.030340 0.057646
1 0.043386 0.173847 0.048544 0.056129
1 0.113926 0.191292 0.065231 0.060680
1 0.161711 0.162470 0.051578 0.069782
1 0.141990 0.263350 0.063714 0.062197
2 0.223149 0.171572 0.071299 0.060680
2 0.228459 0.246663 0.045510 0.083434
2 0.232251 0.323271 0.043993 0.063714
2 0.127579 0.482555 0.043993 0.039442
1 0.079794 0.484830 0.039442 0.056129
2 0.171572 0.477245 0.059163 0.043993
2 0.040352 0.505309 0.057646 0.094053
1 0.028216 0.602397 0.042476 0.048544
1 0.132888 0.594053 0.036408 0.037925
1 0.036559 0.228459 0.062197 0.074333
1 0.700243 0.104824 0.066748 0.066748
1 0.520479 0.417324 0.065231 0.069782
1 0.608465 0.446147 0.053095 0.042476
1 0.666869 0.448422 0.033374 0.056129
1 0.723756 0.474211 0.043993 0.053095
2 0.696450 0.509102 0.089502 0.062197
1 0.608465 0.496966 0.050061 0.056129
1 0.587985 0.545510 0.051578 0.043993
1 0.581917 0.640322 0.051578 0.072816
1 0.644873 0.636529 0.040959 0.071299
1 0.564472 0.790504 0.062197 0.051578
1 0.330856 0.744994 0.071299 0.060680
1 0.221632 0.747269 0.071299 0.080400
1 0.288380 0.780643 0.074333 0.059163
1 0.273968 0.842840 0.091019 0.059163
1 0.245146 0.824636 0.063714 0.050061
1 0.156402 0.817809 0.071299 0.081917
1 0.119994 0.854217 0.031857 0.057646
2 0.140473 0.883799 0.039442 0.068265
1 0.189017 0.927033 0.030340 0.081917
1 0.203428 0.879248 0.083434 0.056129
1 0.352093 0.879248 0.040959 0.050061
1 0.329339 0.925516 0.056129 0.057646
1 0.273968 0.961165 0.063714 0.059163
1 0.245146 0.938410 0.036408 0.043993
1 0.408981 0.767749 0.045510 0.069782
1 0.390018 0.823877 0.059163 0.069782
1 0.442354 0.848149 0.066748 0.075850
1 0.454490 0.798089 0.042476 0.057646
1 0.387743 0.925516 0.042476 0.054612
1 0.525685 0.943065 0.077055 0.062072
1 0.500902 0.959225 0.066016 0.081550
1 0.593108 0.875642 0.032106 0.042808
1 0.958048 0.828553 0.042808 0.059932
1 0.967680 0.888485 0.057791 0.051370
1 0.943065 0.952697 0.077055 0.068493
1 0.982235 0.965829 0.035531 0.064791
1 0.846747 0.525685 0.064212 0.062072
