2 0.306498 0.903560 0.055877 0.051738
2 0.129553 0.813535 0.055877 0.053808
2 0.345302 0.839921 0.071399 0.067260
2 0.375310 0.787666 0.065190 0.068295
2 0.414632 0.860099 0.054843 0.051738
2 0.465853 0.858030 0.037252 0.062086
2 0.564673 0.968233 0.040356 0.050704
2 0.751449 0.848717 0.070364 0.072434
2 0.837852 0.897351 0.040356 0.064156
2 0.924255 0.914942 0.045530 0.045530
2 0.886486 0.884416 0.052773 0.050704
2 0.964094 0.877173 0.063121 0.061051
2 0.975993 0.833195 0.037252 0.051738
2 0.925807 0.841474 0.054843 0.049669
2 0.882864 0.830091 0.060017 0.053808
2 0.823882 0.822848 0.049669 0.057947
2 0.761796 0.786113 0.053808 0.038286
2 0.869412 0.749897 0.043460 0.058982
2 0.927359 0.787148 0.039321 0.044495
2 0.958402 0.755070 0.051738 0.079677
2 0.953746 0.676428 0.054843 0.054843
2 0.889590 0.658837 0.050704 0.046565
2 0.703849 0.605546 0.066225 0.066225
2 0.695571 0.649524 0.062086 0.044495
2 0.673324 0.691432 0.046565 0.053808
2 0.613307 0.653663 0.061051 0.063121
2 0.636589 0.596233 0.049669 0.072434
2 0.568812 0.597786 0.065190 0.052773
2 0.518108 0.599338 0.044495 0.066225
2 0.525869 0.531043 0.064156 0.062086
2 0.599338 0.516039 0.055877 0.063121
2 0.563638 0.481892 0.061051 0.056912
2 0.404801 0.735927 0.045530 0.055877
2 0.490170 0.772144 0.042425 0.068295
2 0.333402 0.701262 0.057947 0.063121
2 0.185948 0.731271 0.079677 0.075538
2 0.136279 0.743688 0.058982 0.056912
2 0.341680 0.632450 0.049669 0.051738
2 0.390832 0.637107 0.036217 0.075538
2 0.444640 0.654698 0.069329 0.058982
2 0.277007 0.517591 0.067260 0.064156
2 0.203022 0.435327 0.084851 0.058982
2 0.160079 0.486548 0.067260 0.045530
2 0.102132 0.447744 0.077608 0.065190
2 0.042115 0.462748 0.073469 0.078642
2 0.049876 0.385141 0.070364 0.064156
2 0.178704 0.374793 0.069329 0.064156
2 0.047806 0.325642 0.066225 0.054843
2 0.076262 0.270281 0.090025 0.057947
2 0.058671 0.204574 0.071399 0.050704
2 0.115584 0.198882 0.044495 0.049669
2 0.234582 0.268729 0.056912 0.058982
2 0.303911 0.251138 0.069329 0.048634
2 0.399110 0.372206 0.063121 0.052773
2 0.396523 0.424462 0.064156 0.043460
2 0.532595 0.331333 0.061051 0.051738
2 0.527421 0.272351 0.073469 0.053808
2 0.472579 0.227339 0.065190 0.044495
2 0.495861 0.176635 0.053808 0.058982
2 0.562086 0.206643 0.072434 0.063121
2 0.631933 0.265625 0.075538 0.063121
2 0.645902 0.209230 0.066225 0.062086
2 0.669185 0.141453 0.073469 0.048634
2 0.629346 0.092301 0.053808 0.068295
2 0.529491 0.138866 0.083816 0.049669
2 0.528456 0.080919 0.065190 0.062086
2 0.495344 0.031250 0.061051 0.049669
2 0.396523 0.032802 0.062086 0.056912
2 0.349959 0.071089 0.041391 0.044495
2 0.292012 0.101097 0.053808 0.046565
2 0.273903 0.136796 0.050704 0.047599
2 0.226304 0.071089 0.048634 0.036217
2 0.056084 0.039528 0.068295 0.062086
2 0.097475 0.090749 0.053808 0.050704
2 0.021316 0.065532 0.042632 0.055608
2 0.775248 0.238204 0.064156 0.057947
2 0.788183 0.317881 0.071399 0.070364
2 0.800600 0.385141 0.065190 0.060017
2 0.866308 0.371171 0.051738 0.067260
2 0.912355 0.378415 0.067260 0.087955
2 0.871999 0.300807 0.067260 0.050704
2 0.862686 0.246999 0.069329 0.054843
2 0.904077 0.221130 0.054843 0.063121
2 0.954263 0.122310 0.066225 0.047599
2 0.796978 0.040046 0.062086 0.034147
2 0.782492 0.181291 0.039321 0.031043
2 0.836300 0.198365 0.053808 0.042425
2 0.822848 0.141970 0.053808 0.037252
2 0.856995 0.099545 0.060017 0.043460
2 0.618998 0.944433 0.051738 0.054843
