2 0.848958 0.089120 0.053241 0.055556
2 0.798032 0.053819 0.050926 0.093750
2 0.755208 0.078125 0.046296 0.079861
2 0.728009 0.120370 0.045139 0.046296
2 0.748843 0.157407 0.070602 0.062500
2 0.290509 0.646412 0.075231 0.077546
2 0.406250 0.647569 0.079861 0.086806
2 0.800926 0.730324 0.056713 0.087963
2 0.755208 0.674190 0.064815 0.061343
2 0.821181 0.664352 0.039352 0.071759
2 0.878472 0.606481 0.061343 0.060185
2 0.928819 0.610532 0.046296 0.070602
2 0.935185 0.531829 0.056713 0.072917
2 0.878472 0.498843 0.059028 0.078704
2 0.848380 0.547454 0.059028 0.060185
2 0.809028 0.609954 0.045139 0.043981
