2 0.918165 0.876574 0.067446 0.071942
2 0.898494 0.807442 0.073067 0.073067
2 0.829362 0.804631 0.067446 0.056205
2 0.781587 0.855216 0.057329 0.060701
2 0.309465 0.709083 0.059577 0.056205
2 0.254946 0.729317 0.065198 0.053957
2 0.213354 0.695031 0.053957 0.055081
2 0.260567 0.665805 0.049460 0.046088
2 0.273494 0.615220 0.052833 0.052833
2 0.225719 0.634892 0.056205 0.053957
2 0.068917 0.964565 0.064174 0.058594
2 0.026088 0.188147 0.052176 0.062879
2 0.047294 0.080078 0.051618 0.044643
2 0.081473 0.142160 0.055804 0.054408
2 0.201451 0.085658 0.041853 0.055804
2 0.252372 0.114955 0.051618 0.058594
2 0.200753 0.137974 0.073940 0.059989
2 0.250977 0.161691 0.057199 0.051618
2 0.328404 0.151228 0.061384 0.050223
2 0.384208 0.221680 0.047433 0.062779
2 0.481864 0.279576 0.044643 0.053013
2 0.519531 0.269810 0.033482 0.047433
1 0.520229 0.332589 0.048828 0.061384
2 0.111468 0.220982 0.059989 0.058594
2 0.127511 0.939453 0.041853 0.050223
1 0.273996 0.135184 0.044643 0.046038
