2 0.089844 0.063802 0.052083 0.050456
2 0.089844 0.115885 0.058594 0.047201
2 0.084147 0.233073 0.043945 0.053711
2 0.234701 0.339681 0.052083 0.042318
2 0.220052 0.310384 0.058594 0.048828
2 0.200521 0.365723 0.042318 0.045573
2 0.240397 0.389323 0.040690 0.047201
2 0.282715 0.364909 0.040690 0.069987
2 0.348633 0.403158 0.035807 0.048828
2 0.388509 0.350260 0.043945 0.053711
2 0.426758 0.389323 0.052083 0.050456
2 0.332357 0.325846 0.058594 0.050456
2 0.358398 0.147624 0.048828 0.045573
2 0.686361 0.062174 0.053711 0.060221
2 0.748210 0.073568 0.063477 0.066732
2 0.906901 0.078451 0.045573 0.063477
2 0.947591 0.089844 0.035807 0.066732
2 0.971354 0.122977 0.057292 0.061384
2 0.884928 0.161458 0.069987 0.066732
2 0.882487 0.116699 0.055339 0.061849
2 0.825521 0.175293 0.065104 0.058594
2 0.753092 0.197266 0.056966 0.040690
2 0.781576 0.243652 0.052083 0.045573
2 0.836100 0.242839 0.050456 0.060221
2 0.902832 0.288411 0.053711 0.063477
2 0.899577 0.347819 0.086263 0.071615
2 0.887370 0.399089 0.074870 0.053711
2 0.969564 0.380371 0.050456 0.081380
2 0.969564 0.286784 0.040690 0.069987
2 0.941895 0.456055 0.043945 0.043945
2 0.924805 0.500000 0.045573 0.053711
2 0.954102 0.544759 0.071615 0.065104
2 0.968750 0.508138 0.052083 0.060221
2 0.802734 0.410482 0.055339 0.056966
2 0.770182 0.442220 0.055339 0.052083
2 0.810872 0.465007 0.039062 0.045573
2 0.777507 0.493490 0.060221 0.063477
2 0.736816 0.509766 0.040690 0.050456
2 0.693685 0.497559 0.045573 0.045573
2 0.698568 0.471517 0.052083 0.052083
2 0.701009 0.565104 0.063477 0.066732
2 0.727865 0.600911 0.052083 0.060221
2 0.709961 0.635905 0.045573 0.055339
2 0.743327 0.686361 0.063477 0.065104
2 0.779948 0.723796 0.042318 0.048828
2 0.669271 0.662760 0.087891 0.047201
2 0.657878 0.607422 0.052083 0.050456
2 0.618001 0.594401 0.063477 0.056966
2 0.661133 0.699382 0.074870 0.039062
2 0.653809 0.722168 0.066732 0.052083
2 0.685547 0.775065 0.065104 0.043945
2 0.600098 0.769368 0.050456 0.045573
2 0.514648 0.735189 0.048828 0.048828
2 0.548828 0.718913 0.048828 0.048828
2 0.417806 0.755534 0.050456 0.037435
2 0.434082 0.784831 0.050456 0.043945
2 0.477214 0.810059 0.055339 0.045573
2 0.361654 0.780762 0.055339 0.055339
2 0.347819 0.822266 0.060221 0.050456
2 0.368164 0.873535 0.061849 0.045573
2 0.320150 0.868652 0.050456 0.052083
2 0.257487 0.731934 0.061849 0.065104
2 0.237956 0.791341 0.055339 0.053711
2 0.238770 0.858887 0.047201 0.055339
2 0.242839 0.919108 0.055339 0.048828
2 0.205404 0.720540 0.055339 0.068359
2 0.196452 0.753092 0.043945 0.052083
2 0.175293 0.802734 0.069987 0.053711
2 0.202962 0.823893 0.047201 0.066732
2 0.416178 0.606608 0.066732 0.061849
2 0.442220 0.560221 0.063477 0.060221
2 0.368164 0.543132 0.058594 0.048828
2 0.368978 0.597656 0.060221 0.056966
2 0.312826 0.529297 0.065104 0.063477
2 0.315267 0.488607 0.060221 0.056966
2 0.157389 0.748210 0.056966 0.065104
2 0.102051 0.792155 0.050456 0.042318
2 0.089844 0.815755 0.065104 0.043945
2 0.035319 0.823079 0.040690 0.048828
