2 0.034828 0.046756 0.039361 0.033397
2 0.092677 0.042581 0.040553 0.034590
2 0.025286 0.073593 0.044132 0.048903
2 0.138597 0.071207 0.039361 0.039361
2 0.120706 0.175573 0.048903 0.045324
2 0.133230 0.111760 0.038168 0.032204
2 0.157085 0.146947 0.052481 0.035782
2 0.204198 0.166031 0.039361 0.052481
2 0.123092 0.039003 0.039361 0.036975
2 0.139790 0.015744 0.070372 0.023855
2 0.193464 0.043774 0.058445 0.027433
2 0.221493 0.092080 0.064408 0.038168
2 0.234614 0.161856 0.054866 0.056059
2 0.182729 0.366412 0.036975 0.050095
2 0.212548 0.381322 0.048903 0.046517
2 0.260854 0.414719 0.057252 0.058445
2 0.460639 0.333612 0.044132 0.051288
2 0.309757 0.588263 0.054866 0.059637
2 0.363430 0.660425 0.064408 0.065601
2 0.362834 0.559637 0.046517 0.050095
2 0.384900 0.607944 0.057252 0.048903
2 0.427839 0.644323 0.047710 0.057252
2 0.427242 0.535186 0.044132 0.046517
2 0.461236 0.625239 0.045324 0.064408
2 0.514909 0.626431 0.038168 0.057252
2 0.560234 0.655654 0.050095 0.056059
2 0.474356 0.575143 0.054866 0.050095
2 0.494036 0.496422 0.063216 0.054866
2 0.483302 0.553077 0.048903 0.048903
2 0.562619 0.607944 0.057252 0.044132
2 0.523855 0.565005 0.041746 0.039361
2 0.471374 0.386093 0.044132 0.041746
2 0.455868 0.417700 0.056059 0.054866
2 0.356870 0.358659 0.044132 0.044132
2 0.678316 0.447519 0.054866 0.071565
2 0.403984 0.444537 0.040553 0.039361
2 0.156489 0.625835 0.063216 0.048903
2 0.065243 0.747495 0.064408 0.051288
0 0.158874 0.857824 0.058445 0.054866
0 0.760615 0.472567 0.040553 0.042939
0 0.729008 0.834566 0.048903 0.044132
0 0.669967 0.876312 0.045324 0.046517
0 0.934757 0.967557 0.035782 0.042939
0 0.982884 0.966524 0.034232 0.045642
0 0.782681 0.423664 0.039361 0.047710
