0 0.037684 0.341912 0.075368 0.145221
0 0.049632 0.613971 0.088235 0.097426
0 0.040441 0.718750 0.077206 0.112132
0 0.218750 0.643382 0.069853 0.079044
0 0.115809 0.742647 0.117647 0.123162
2 0.147978 0.630515 0.064338 0.068015
1 0.932904 0.181066 0.064338 0.069853
2 0.821691 0.166360 0.055147 0.080882
2 0.761029 0.220588 0.084559 0.068015
2 0.853860 0.476103 0.056985 0.056985
2 0.657169 0.798713 0.082721 0.077206
2 0.771140 0.856618 0.049632 0.049632
0 0.226103 0.393382 0.088235 0.071691
1 0.784007 0.504596 0.071691 0.051471
1 0.791360 0.716912 0.053309 0.053309
0 0.761949 0.784007 0.082721 0.077206
2 0.687500 0.154412 0.066176 0.071691
2 0.650735 0.021140 0.062500 0.033088
2 0.761949 0.146140 0.060662 0.066176
2 0.701287 0.104779 0.060662 0.045956
