2 0.024219 0.111719 0.045312 0.067187
2 0.081250 0.115625 0.062500 0.068750
2 0.088281 0.061719 0.064062 0.054688
2 0.160938 0.067187 0.068750 0.065625
2 0.070312 0.016406 0.093750 0.029687
2 0.161719 0.017969 0.076563 0.029687
2 0.225000 0.039844 0.056250 0.076563
2 0.180469 0.116406 0.073438 0.048438
2 0.266406 0.640625 0.070312 0.059375
2 0.316406 0.356250 0.060937 0.065625
2 0.345313 0.408594 0.046875 0.035937
2 0.379688 0.382031 0.037500 0.051562
2 0.368750 0.442969 0.059375 0.057813
2 0.317188 0.453906 0.043750 0.054688
2 0.371094 0.513281 0.076563 0.079687
2 0.025000 0.932813 0.046875 0.078125
