2 0.478413 0.243010 0.060650 0.071957
2 0.575555 0.167969 0.069901 0.076069
2 0.630551 0.212171 0.056538 0.065789
2 0.580181 0.253289 0.077097 0.069901
2 0.434211 0.200350 0.062706 0.070929
2 0.366365 0.226049 0.056538 0.064762
2 0.347862 0.404914 0.056538 0.066817
2 0.437294 0.439864 0.068873 0.066817
2 0.472245 0.395148 0.060650 0.059622
2 0.353002 0.474815 0.081209 0.056538
2 0.295436 0.636205 0.060650 0.070929
2 0.221423 0.674239 0.064762 0.085321
2 0.278475 0.708676 0.055510 0.063734
2 0.184930 0.770354 0.043174 0.034951
2 0.090358 0.695826 0.055510 0.050370
2 0.376645 0.667044 0.050370 0.060650
2 0.330387 0.672183 0.054482 0.056538
2 0.335012 0.787315 0.055510 0.050370
2 0.387952 0.813014 0.058594 0.062706
2 0.431127 0.841797 0.050370 0.052426
2 0.451172 0.780119 0.067845 0.070929
2 0.582237 0.792969 0.064762 0.061678
2 0.614618 0.735917 0.057566 0.068873
2 0.552940 0.726665 0.061678 0.068873
2 0.579667 0.582237 0.055510 0.057566
1 0.470189 0.657792 0.077097 0.079153
1 0.503084 0.588919 0.056538 0.058594
2 0.589947 0.675781 0.055510 0.051398
2 0.571957 0.621813 0.056538 0.058594
1 0.533409 0.544202 0.043174 0.053454
1 0.480469 0.545230 0.066817 0.049342
2 0.735917 0.974404 0.076069 0.044202
2 0.853618 0.652652 0.068873 0.070929
2 0.982062 0.959479 0.035876 0.069863
