1 0.230114 0.473011 0.042614 0.042614
1 0.261364 0.500710 0.056818 0.046875
1 0.231534 0.526278 0.045455 0.044034
1 0.261364 0.536932 0.045455 0.042614
1 0.509943 0.475142 0.042614 0.041193
1 0.289773 0.336648 0.051136 0.059659
1 0.326705 0.308949 0.042614 0.052557
1 0.328835 0.101562 0.046875 0.052557
1 0.246449 0.051847 0.066761 0.063920
1 0.254261 0.147727 0.034091 0.039773
1 0.397017 0.055398 0.055398 0.062500
1 0.422585 0.026989 0.041193 0.048295
1 0.458097 0.040483 0.046875 0.044034
1 0.437500 0.078125 0.039773 0.042614
1 0.472301 0.017045 0.044034 0.028409
1 0.569602 0.015625 0.082386 0.025568
