2 0.390046 0.120949 0.052083 0.057870
2 0.444300 0.114439 0.050637 0.059317
2 0.477575 0.154225 0.039062 0.046296
2 0.532552 0.149884 0.056424 0.063657
2 0.466725 0.251157 0.060764 0.057870
2 0.463108 0.306858 0.076678 0.065104
2 0.447193 0.358941 0.044850 0.039062
2 0.435619 0.395110 0.059317 0.062211
2 0.506510 0.380642 0.050637 0.053530
2 0.526765 0.440683 0.073785 0.066551
2 0.477575 0.477575 0.053530 0.053530
2 0.505064 0.513744 0.073785 0.070891
2 0.573061 0.507234 0.050637 0.057870
2 0.565104 0.787905 0.060764 0.057870
2 0.671441 0.785735 0.047743 0.059317
