2 0.260045 0.168899 0.089286 0.087426
2 0.352121 0.177269 0.087426 0.085565
2 0.457217 0.167039 0.100446 0.091146
2 0.324219 0.249814 0.098586 0.074405
2 0.068452 0.237723 0.066964 0.072545
2 0.092634 0.320499 0.100446 0.078125
2 0.047061 0.416295 0.068824 0.057664
2 0.031436 0.344238 0.062872 0.086449
2 0.572545 0.167039 0.044643 0.039062
2 0.609747 0.202381 0.048363 0.046503
2 0.648810 0.227493 0.063244 0.063244
2 0.690662 0.217262 0.042783 0.068824
2 0.586496 0.239583 0.046503 0.046503
2 0.456287 0.488839 0.072545 0.057664
2 0.018415 0.677246 0.036830 0.075195
2 0.055432 0.835751 0.107887 0.115327
2 0.035156 0.944553 0.070313 0.076297
2 0.526042 0.631138 0.048363 0.048363
2 0.013579 0.580915 0.016741 0.070685
