1 0.026950 0.183200 0.048739 0.055906
1 0.047018 0.302179 0.071674 0.055906
1 0.148079 0.289278 0.084576 0.084576
1 0.058486 0.363819 0.091743 0.078842
2 0.044868 0.520069 0.081709 0.075975
2 0.048452 0.595327 0.080275 0.065940
1 0.171015 0.530820 0.087443 0.074541
2 0.206852 0.583142 0.064507 0.061640
1 0.281393 0.589593 0.096044 0.088876
2 0.287844 0.669151 0.100344 0.055906
2 0.267058 0.043435 0.050172 0.057339
2 0.606795 0.757311 0.061640 0.065940
2 0.350201 0.048452 0.055906 0.050172
2 0.298595 0.079272 0.058773 0.045872
2 0.274226 0.123710 0.061640 0.051606
2 0.644065 0.021216 0.064507 0.027236
2 0.615396 0.076405 0.055906 0.057339
2 0.663417 0.066370 0.063073 0.060206
2 0.731508 0.045585 0.073108 0.075975
2 0.777380 0.787414 0.050172 0.048739
2 0.778813 0.828268 0.064507 0.050172
2 0.628297 0.877007 0.038704 0.035837
2 0.455562 0.955849 0.037271 0.038704
2 0.484232 0.973050 0.028670 0.030103
