0 0.136681 0.489381 0.080400 0.077367
0 0.078277 0.468143 0.060680 0.074333
0 0.240595 0.349059 0.036408 0.048544
0 0.241353 0.395328 0.068265 0.043993
0 0.292172 0.057039 0.087985 0.074333
0 0.336924 0.027458 0.062197 0.048544
0 0.535649 0.059314 0.092536 0.066748
0 0.666869 0.145024 0.069782 0.077367
0 0.894417 0.036559 0.081917 0.051578
0 0.892900 0.167779 0.039442 0.034891
0 0.986650 0.198186 0.026699 0.050194
0 0.819326 0.297482 0.089502 0.087985
0 0.732100 0.923240 0.060680 0.062197
0 0.821602 0.882282 0.072816 0.071299
0 0.778368 0.968750 0.083434 0.047027
0 0.843598 0.976335 0.068265 0.040959
0 0.149575 0.694933 0.054612 0.063714
0 0.359678 0.617567 0.077367 0.051578
0 0.151851 0.778368 0.065231 0.072816
0 0.556887 0.185225 0.068265 0.063714
0 0.907312 0.223908 0.056129 0.040959
0 0.906553 0.648665 0.066748 0.059163
2 0.254248 0.208738 0.039442 0.040959
1 0.302791 0.165504 0.081917 0.066748
0 0.241353 0.211772 0.050061 0.074333
2 0.171572 0.074484 0.062197 0.069782
2 0.697967 0.036559 0.086468 0.069782
2 0.816292 0.048695 0.062197 0.081917
2 0.855734 0.092688 0.053095 0.048544
2 0.826911 0.123028 0.037925 0.039442
2 0.788987 0.452973 0.031857 0.040959
2 0.735133 0.399120 0.033374 0.033374
2 0.763198 0.384709 0.019721 0.043993
2 0.797330 0.377124 0.027306 0.025789
2 0.900485 0.471936 0.030340 0.060680
2 0.457524 0.735892 0.072816 0.045510
2 0.443113 0.773058 0.050061 0.043993
2 0.489381 0.794296 0.033374 0.037925
2 0.694933 0.817051 0.062197 0.056129
2 0.684314 0.874697 0.083434 0.068265
2 0.482555 0.923240 0.071299 0.071299
2 0.521996 0.887591 0.047027 0.060680
2 0.035801 0.897451 0.066748 0.092536
2 0.313410 0.267142 0.048544 0.054612
2 0.346025 0.244387 0.056129 0.054612
2 0.388501 0.568265 0.056129 0.053095
2 0.396086 0.598604 0.040959 0.037925
2 0.345267 0.565989 0.036408 0.042476
2 0.607706 0.847391 0.045510 0.037925
1 0.609982 0.121511 0.059163 0.081917
1 0.363471 0.302033 0.075850 0.048544
2 0.241353 0.141990 0.050061 0.062197
2 0.105583 0.726032 0.072816 0.065231
2 0.097239 0.657767 0.028823 0.034891
1 0.189775 0.666110 0.031857 0.030340
