1 0.054294 0.029564 0.097797 0.055081
1 0.793142 0.025180 0.081433 0.050360
1 0.049236 0.334757 0.076439 0.080935
1 0.098134 0.258318 0.091052 0.092176
1 0.200989 0.392648 0.078687 0.086556
2 0.128485 0.378597 0.073067 0.078687
2 0.212230 0.271808 0.062950 0.085432
2 0.274618 0.317896 0.070818 0.076439
1 0.422437 0.190872 0.060701 0.053957
1 0.473584 0.146470 0.066322 0.070818
1 0.527540 0.124550 0.057329 0.069694
1 0.687725 0.147032 0.085432 0.080935
1 0.787770 0.152653 0.056205 0.076439
1 0.493817 0.250450 0.066322 0.060701
1 0.441547 0.279676 0.076439 0.065198
1 0.447729 0.322392 0.073067 0.060701
1 0.507307 0.334757 0.050585 0.071942
1 0.720324 0.288669 0.080935 0.085432
1 0.822055 0.389276 0.077563 0.075315
1 0.611286 0.431992 0.080935 0.070818
1 0.460094 0.414006 0.057329 0.064074
1 0.438174 0.435926 0.053957 0.065198
1 0.381969 0.503934 0.078687 0.084308
1 0.405576 0.608476 0.080935 0.086556
1 0.456160 0.672549 0.060701 0.061826
1 0.419627 0.691659 0.052833 0.064074
1 0.530351 0.680418 0.051709 0.055081
1 0.534847 0.614096 0.065198 0.061826
1 0.537657 0.566884 0.086556 0.066322
1 0.555081 0.645571 0.083183 0.068570
