2 0.460531 0.599284 0.061035 0.056152
2 0.425537 0.671305 0.075684 0.073242
2 0.484945 0.652588 0.039876 0.045573
2 0.522786 0.687988 0.037435 0.043132
2 0.560628 0.651774 0.048014 0.063477
2 0.465413 0.731120 0.057780 0.048014
2 0.478027 0.798258 0.069987 0.052083
2 0.534587 0.757975 0.064290 0.057780
2 0.596436 0.738444 0.051270 0.054525
2 0.580566 0.846273 0.053711 0.052083
2 0.599284 0.905273 0.056966 0.052897
2 0.692057 0.890218 0.063477 0.071615
2 0.528076 0.899577 0.059408 0.057780
2 0.645264 0.717285 0.057780 0.049642
2 0.640381 0.653402 0.059408 0.055339
2 0.792155 0.782796 0.048828 0.078125
2 0.779134 0.945964 0.079753 0.054525
2 0.819824 0.647298 0.053711 0.057780
