0 0.116815 0.380952 0.079985 0.098586
0 0.483259 0.352121 0.087426 0.096726
0 0.426525 0.964100 0.167411 0.063244
0 0.608817 0.536272 0.089286 0.096726
0 0.907366 0.207031 0.057664 0.081845
2 0.571615 0.359561 0.074405 0.055804
2 0.653460 0.429315 0.078125 0.057664
2 0.662760 0.488839 0.107887 0.065104
2 0.979260 0.054253 0.041481 0.055308
1 0.969959 0.148996 0.060082 0.084821
2 0.133557 0.102865 0.035342 0.037202
2 0.059152 0.066592 0.050223 0.020461
2 0.048921 0.101004 0.022321 0.026042
2 0.074963 0.100074 0.037202 0.027902
2 0.102865 0.086124 0.029762 0.037202
2 0.082403 0.173549 0.063244 0.059524
2 0.061012 0.243304 0.087426 0.079985
2 0.136347 0.215402 0.089286 0.072545
2 0.227493 0.199591 0.048363 0.040923
2 0.054501 0.354911 0.033482 0.027902
