0 0.655126 0.125674 0.166367 0.193345
0 0.831610 0.222909 0.173112 0.169739
0 0.960207 0.206942 0.079586 0.162535
0 0.788894 0.023381 0.197842 0.038219
0 0.868705 0.387028 0.087680 0.079811
0 0.206610 0.425247 0.056205 0.048336
0 0.273494 0.433116 0.048336 0.050585
0 0.302720 0.386466 0.052833 0.051709
0 0.226281 0.626461 0.073067 0.061826
0 0.200989 0.712455 0.038219 0.074191
0 0.602855 0.829924 0.030351 0.025854
0 0.725944 0.851281 0.060701 0.048336
2 0.381969 0.194245 0.085432 0.053957
2 0.656812 0.366794 0.052833 0.046088
2 0.713579 0.375787 0.038219 0.039344
2 0.713579 0.420751 0.047212 0.034847
2 0.792828 0.399955 0.059577 0.067446
2 0.525854 0.715827 0.065198 0.029227
2 0.521358 0.751237 0.053957 0.032599
2 0.649505 0.827113 0.049460 0.042716
2 0.700652 0.803507 0.046088 0.040468
2 0.666367 0.865333 0.044964 0.031475
1 0.252136 0.965940 0.052833 0.034847
1 0.229317 0.991682 0.049910 0.016637
0 0.196493 0.066097 0.035971 0.056205
