2 0.269301 0.029412 0.064338 0.053309
2 0.325368 0.045956 0.058824 0.045956
2 0.311581 0.071691 0.056985 0.042279
2 0.358456 0.021140 0.055147 0.029412
2 0.314338 0.261949 0.044118 0.029412
2 0.295956 0.297794 0.040441 0.034926
2 0.323529 0.317096 0.036765 0.036765
2 0.330882 0.342831 0.040441 0.036765
2 0.352022 0.226103 0.034926 0.038603
2 0.352941 0.286765 0.044118 0.034926
2 0.367647 0.321691 0.047794 0.042279
2 0.347426 0.253676 0.047794 0.042279
2 0.613971 0.103860 0.051471 0.036765
2 0.670037 0.102941 0.042279 0.038603
2 0.659007 0.068934 0.045956 0.036765
2 0.883272 0.022059 0.056985 0.038603
2 0.813419 0.101103 0.042279 0.038603
2 0.966912 0.089154 0.051471 0.047794
2 0.880515 0.148897 0.036765 0.034926
2 0.133272 0.334559 0.049632 0.042279
2 0.241728 0.338235 0.045956 0.038603
2 0.227022 0.374081 0.042279 0.036765
2 0.251838 0.400735 0.055147 0.034926
2 0.348346 0.412684 0.045956 0.040441
2 0.239890 0.450368 0.045956 0.038603
2 0.233456 0.485294 0.033088 0.031250
2 0.258272 0.507353 0.034926 0.038603
2 0.268382 0.474265 0.036765 0.034926
2 0.168199 0.490809 0.042279 0.045956
2 0.253676 0.181066 0.029412 0.033088
2 0.572610 0.605699 0.031250 0.029412
2 0.568934 0.632353 0.045956 0.027574
2 0.420037 0.696691 0.049632 0.042279
2 0.436581 0.745404 0.049632 0.044118
2 0.477022 0.704963 0.049632 0.044118
2 0.486213 0.767463 0.049632 0.044118
2 0.494485 0.790441 0.040441 0.053309
2 0.522059 0.771140 0.029412 0.051471
2 0.577206 0.753676 0.047794 0.049632
2 0.613971 0.759191 0.040441 0.049632
2 0.574449 0.673713 0.038603 0.040441
2 0.583640 0.797794 0.042279 0.045956
2 0.608456 0.832721 0.051471 0.049632
2 0.410846 0.876838 0.042279 0.053309
2 0.434743 0.850184 0.042279 0.047794
2 0.435662 0.911765 0.040441 0.038603
2 0.475184 0.912684 0.042279 0.033088
2 0.477941 0.846507 0.051471 0.044118
2 0.498162 0.879596 0.051471 0.040441
2 0.090074 0.868566 0.044118 0.051471
2 0.142463 0.859375 0.034926 0.044118
2 0.131434 0.891544 0.049632 0.038603
2 0.025735 0.938419 0.044118 0.047794
2 0.070772 0.943015 0.034926 0.038603
2 0.053309 0.903493 0.051471 0.047794
2 0.100184 0.915441 0.056985 0.034926
2 0.647978 0.384191 0.045956 0.042279
2 0.666360 0.418199 0.045956 0.047794
2 0.645221 0.210478 0.040441 0.033088
2 0.683824 0.227941 0.047794 0.034926
2 0.662684 0.243566 0.056985 0.051471
2 0.867647 0.511949 0.044118 0.058824
2 0.908088 0.516544 0.051471 0.056985
2 0.932904 0.430147 0.042279 0.045956
2 0.915441 0.457721 0.029412 0.042279
2 0.902574 0.686581 0.036765 0.044118
2 0.960478 0.795037 0.038603 0.036765
2 0.980699 0.765625 0.038603 0.044118
2 0.348346 0.636029 0.045956 0.038603
