2 0.617188 0.076726 0.079291 0.062966
2 0.631180 0.136777 0.081623 0.068797
2 0.694729 0.177006 0.073461 0.062966
2 0.790345 0.151353 0.064132 0.060634
2 0.735541 0.142607 0.059468 0.047808
2 0.777519 0.234142 0.082789 0.058302
2 0.606110 0.244636 0.061800 0.065299
2 0.488923 0.236474 0.055970 0.041978
2 0.544893 0.263876 0.053638 0.061800
2 0.490089 0.281367 0.053638 0.040812
2 0.676073 0.338503 0.066465 0.033815
2 0.700560 0.376399 0.087453 0.060634
2 0.694729 0.525070 0.068797 0.068797
2 0.639342 0.515742 0.051306 0.050140
2 0.587453 0.537896 0.059468 0.052472
2 0.572295 0.462687 0.047808 0.053638
2 0.602612 0.434118 0.061800 0.052472
2 0.516908 0.485424 0.090951 0.068797
2 0.451026 0.539646 0.113106 0.074627
2 0.381063 0.583955 0.103778 0.067631
2 0.234725 0.600863 0.090951 0.075793
2 0.143773 0.600863 0.062966 0.068797
2 0.209072 0.489506 0.083955 0.072295
2 0.301772 0.495336 0.085121 0.072295
2 0.390975 0.449277 0.074627 0.066465
2 0.458605 0.449277 0.060634 0.054804
2 0.491838 0.415462 0.068797 0.047808
2 0.548391 0.402635 0.062966 0.052472
2 0.681320 0.957090 0.079291 0.065299
2 0.763526 0.942514 0.071129 0.071129
