1 0.054196 0.178759 0.046984 0.043706
1 0.064576 0.210992 0.041521 0.031687
1 0.109921 0.224104 0.038243 0.020760
1 0.117570 0.260162 0.033872 0.029502
1 0.084790 0.291849 0.029502 0.036058
1 0.057474 0.289117 0.012019 0.043706
1 0.038352 0.241040 0.034965 0.032780
1 0.020323 0.263440 0.029502 0.040428
1 0.174388 0.385271 0.033872 0.041521
1 0.325175 0.375983 0.051355 0.057911
1 0.319712 0.424060 0.046984 0.044799
1 0.271088 0.407124 0.043706 0.065559
1 0.200066 0.355223 0.032780 0.031687
0 0.152535 0.313156 0.029502 0.041521
0 0.138330 0.337194 0.025131 0.024038
1 0.105004 0.428431 0.052448 0.055726
1 0.072225 0.438811 0.043706 0.056818
1 0.161276 0.423514 0.044799 0.043706
1 0.206075 0.460118 0.040428 0.055726
1 0.245411 0.469952 0.053540 0.038243
1 0.248689 0.513658 0.046984 0.066652
1 0.307146 0.469406 0.039336 0.043706
1 0.393466 0.473776 0.054633 0.048077
1 0.507102 0.366696 0.041521 0.052448
1 0.483064 0.170017 0.032780 0.039336
1 0.453016 0.134506 0.020760 0.027316
1 0.491805 0.126311 0.032780 0.026224
1 0.533872 0.156906 0.025131 0.021853
1 0.709790 0.059659 0.057911 0.072115
1 0.835446 0.126858 0.042614 0.053540
1 0.772618 0.028518 0.069930 0.042614
1 0.874235 0.098995 0.054633 0.050262
1 0.896088 0.074410 0.083042 0.068837
1 0.920673 0.147618 0.068837 0.062281
1 0.842548 0.300044 0.039336 0.059003
1 0.786823 0.247596 0.034965 0.076486
1 0.755682 0.312609 0.040428 0.031687
1 0.801027 0.348667 0.037150 0.055726
1 0.736560 0.369427 0.061189 0.062281
1 0.690122 0.366149 0.040428 0.046984
1 0.632758 0.342657 0.052448 0.045892
1 0.603802 0.345389 0.044799 0.068837
1 0.531141 0.439904 0.067745 0.056818
1 0.268357 0.624563 0.051355 0.034965
1 0.231753 0.557911 0.032780 0.034965
1 0.189685 0.571569 0.018575 0.036058
1 0.200612 0.656250 0.049170 0.054633
1 0.244865 0.747487 0.048077 0.049170
1 0.256337 0.686298 0.046984 0.066652
1 0.304961 0.726726 0.032780 0.033872
1 0.402207 0.821788 0.111451 0.073208
1 0.291302 0.817963 0.046984 0.050262
1 0.317526 0.877513 0.064467 0.068837
1 0.283654 0.955638 0.044799 0.045892
1 0.151989 0.903737 0.043706 0.053540
1 0.050918 0.893903 0.046984 0.049170
1 0.021962 0.789554 0.019668 0.024038
1 0.335227 0.989292 0.032124 0.021416
0 0.493990 0.783545 0.043706 0.038243
1 0.655157 0.724541 0.049170 0.057911
1 0.743663 0.715253 0.060096 0.063374
1 0.644777 0.658435 0.050262 0.052448
1 0.711976 0.651333 0.075393 0.066652
1 0.919580 0.471045 0.042614 0.036058
1 0.931600 0.433894 0.033872 0.042614
1 0.883523 0.363964 0.020760 0.014205
1 0.828344 0.425699 0.045892 0.041521
1 0.821241 0.469406 0.038243 0.041521
1 0.930507 0.558457 0.051355 0.038243
1 0.959462 0.518029 0.028409 0.044799
0 0.886801 0.520214 0.053540 0.046984
0 0.817417 0.522946 0.043706 0.048077
0 0.887347 0.371613 0.024038 0.040428
