2 0.136145 0.259069 0.103802 0.086320
2 0.026879 0.224650 0.036058 0.045892
2 0.615275 0.082059 0.100524 0.075393
1 0.658435 0.690122 0.086320 0.107080
0 0.920127 0.731643 0.098339 0.096154
0 0.844187 0.750219 0.053540 0.087413
0 0.845826 0.637128 0.059003 0.077579
0 0.941434 0.551355 0.099432 0.063374
0 0.848558 0.520760 0.042614 0.078671
0 0.961648 0.298951 0.072115 0.100524
0 0.379261 0.161276 0.048077 0.078671
0 0.282015 0.154174 0.089598 0.086320
2 0.064576 0.764423 0.118007 0.128934
0 0.047094 0.307692 0.059003 0.074301
