2 0.764901 0.330815 0.084851 0.069329
2 0.585368 0.365998 0.048634 0.052773
2 0.621068 0.405836 0.062086 0.047599
2 0.592094 0.461714 0.051738 0.049669
2 0.724545 0.497930 0.041391 0.043460
2 0.642281 0.518108 0.058982 0.069329
2 0.620033 0.587438 0.070364 0.056912
2 0.585368 0.520695 0.058982 0.072434
2 0.494826 0.388245 0.060017 0.060017
2 0.522248 0.426531 0.054843 0.045530
2 0.974798 0.361386 0.047279 0.053898
2 0.969785 0.302877 0.049669 0.061051
2 0.985146 0.283546 0.026583 0.061711
2 0.982042 0.163675 0.032792 0.101356
2 0.814052 0.091267 0.044495 0.039321
2 0.825435 0.124897 0.056912 0.030008
2 0.872517 0.073675 0.055877 0.043460
2 0.714714 0.040046 0.046565 0.036217
2 0.590025 0.084541 0.055877 0.042425
2 0.434292 0.086610 0.067260 0.073469
2 0.479822 0.125414 0.054843 0.055877
2 0.395488 0.045737 0.074503 0.062086
2 0.354098 0.144040 0.060017 0.068295
2 0.288390 0.167839 0.061051 0.062086
2 0.291494 0.248551 0.065190 0.053808
2 0.201469 0.235099 0.063121 0.047599
2 0.334954 0.267177 0.046565 0.051738
2 0.386693 0.250621 0.048634 0.043460
2 0.353063 0.303394 0.043460 0.047599
