1 0.030688 0.336443 0.055081 0.052833
1 0.052046 0.391524 0.032599 0.061826
1 0.012140 0.402765 0.015737 0.059577
1 0.013826 0.478642 0.016862 0.051709
1 0.037995 0.539344 0.067446 0.044964
1 0.022819 0.592176 0.034847 0.044964
1 0.195931 0.061039 0.037095 0.039344
1 0.154339 0.021133 0.046088 0.022482
1 0.157149 0.054856 0.024730 0.029227
1 0.236398 0.076214 0.025854 0.031475
1 0.587118 0.104879 0.030351 0.039344
1 0.567446 0.153215 0.035971 0.041592
1 0.626461 0.149843 0.050585 0.043840
1 0.550022 0.110499 0.023606 0.034847
1 0.600045 0.057104 0.053957 0.051709
1 0.638826 0.102068 0.046088 0.044964
1 0.655126 0.050922 0.029227 0.048336
1 0.715265 0.066097 0.030351 0.058453
1 0.683228 0.021133 0.074191 0.024730
1 0.830486 0.026192 0.047212 0.032599
2 0.522482 0.369042 0.029227 0.041592
2 0.569132 0.352181 0.034847 0.043840
2 0.429744 0.690535 0.030351 0.032599
2 0.464591 0.602293 0.039344 0.029227
2 0.710769 0.244267 0.039344 0.043840
2 0.665243 0.228530 0.033723 0.034847
