2 0.112847 0.274884 0.094907 0.096065
2 0.214120 0.251736 0.103009 0.100694
2 0.303819 0.213542 0.074074 0.086806
2 0.314236 0.301505 0.055556 0.075231
2 0.346644 0.266204 0.078704 0.055556
2 0.241898 0.338542 0.077546 0.070602
2 0.142361 0.343750 0.112269 0.069444
2 0.457755 0.340856 0.090278 0.089120
2 0.460069 0.421296 0.099537 0.085648
1 0.602431 0.432292 0.111111 0.103009
0 0.616898 0.749421 0.146991 0.130787
2 0.556713 0.838542 0.091435 0.089120
2 0.222222 0.861690 0.135417 0.128472
2 0.154514 0.958912 0.131944 0.082176
