2 0.019301 0.324449 0.027574 0.055147
2 0.055147 0.319853 0.051471 0.068015
2 0.163603 0.444853 0.073529 0.064338
2 0.198529 0.498162 0.055147 0.060662
2 0.232537 0.434743 0.068015 0.062500
2 0.224265 0.406250 0.066176 0.064338
2 0.315257 0.334559 0.053309 0.056985
2 0.346507 0.297794 0.056985 0.068015
2 0.401654 0.284007 0.049632 0.055147
2 0.411765 0.330882 0.055147 0.049632
2 0.602022 0.064338 0.045956 0.049632
2 0.554228 0.112132 0.038603 0.045956
2 0.669118 0.062500 0.055147 0.053309
2 0.703125 0.040441 0.053309 0.064338
2 0.946691 0.146140 0.044118 0.055147
2 0.920956 0.193015 0.047794 0.064338
2 0.968750 0.219261 0.062500 0.076389
2 0.920037 0.140625 0.045956 0.062500
2 0.587316 0.330882 0.053309 0.049632
2 0.601103 0.377757 0.051471 0.051471
2 0.625919 0.422794 0.056985 0.068015
2 0.362132 0.603860 0.066176 0.066176
2 0.417279 0.585478 0.058824 0.066176
2 0.178309 0.838235 0.084559 0.086397
2 0.124081 0.891544 0.082721 0.079044
2 0.227022 0.902574 0.079044 0.071691
2 0.272978 0.942096 0.071691 0.073529
2 0.301471 0.889706 0.066176 0.064338
2 0.254596 0.805147 0.079044 0.071691
2 0.269301 0.764706 0.086397 0.079044
2 0.317096 0.835478 0.071691 0.077206
2 0.437500 0.857537 0.062500 0.058824
2 0.389706 0.897059 0.073529 0.053309
2 0.435662 0.966912 0.058824 0.045956
2 0.593750 0.920037 0.047794 0.047794
2 0.627757 0.874081 0.056985 0.058824
2 0.818015 0.865809 0.062500 0.068015
2 0.926471 0.673713 0.051471 0.055147
2 0.890625 0.709559 0.038603 0.045956
2 0.646140 0.501838 0.049632 0.045956
