2 0.060369 0.505682 0.049716 0.048295
2 0.098722 0.500710 0.038352 0.035511
2 0.080966 0.470170 0.048295 0.048295
2 0.037642 0.464489 0.055398 0.048295
2 0.387074 0.563920 0.049716 0.039773
2 0.437500 0.560369 0.051136 0.041193
2 0.535511 0.439631 0.045455 0.046875
2 0.596591 0.557528 0.068182 0.041193
2 0.744318 0.431108 0.062500 0.058239
2 0.795455 0.401278 0.053977 0.066761
2 0.950284 0.236506 0.059659 0.075284
2 0.977983 0.223233 0.044034 0.074308
2 0.974432 0.146456 0.051136 0.071322
2 0.958097 0.016335 0.080966 0.032670
2 0.933949 0.061080 0.075284 0.053977
2 0.873580 0.115057 0.088068 0.096591
2 0.853693 0.246449 0.045455 0.063920
2 0.826705 0.191761 0.048295 0.059659
2 0.736506 0.636364 0.046875 0.053977
2 0.696023 0.625710 0.059659 0.049716
2 0.091619 0.154830 0.052557 0.059659
2 0.100852 0.121449 0.062500 0.052557
2 0.057528 0.118608 0.055398 0.058239
2 0.027699 0.094460 0.049716 0.072443
2 0.034091 0.154830 0.059659 0.053977
2 0.443182 0.224432 0.045455 0.056818
2 0.467330 0.157670 0.051136 0.042614
2 0.520597 0.169034 0.069602 0.051136
2 0.533381 0.372869 0.049716 0.049716
2 0.412642 0.987216 0.055398 0.025568
2 0.531960 0.213778 0.049716 0.041193
2 0.399148 0.225852 0.065341 0.062500
2 0.551136 0.515625 0.071023 0.065341
2 0.664773 0.220170 0.059659 0.051136
2 0.360795 0.983665 0.068182 0.032670
2 0.575284 0.612216 0.051136 0.053977
2 0.612216 0.592330 0.056818 0.053977
2 0.571023 0.411932 0.059659 0.042614
2 0.700994 0.174716 0.061080 0.059659
2 0.131392 0.193892 0.055398 0.044034
2 0.384233 0.279830 0.046875 0.042614
2 0.426136 0.264915 0.053977 0.049716
2 0.855114 0.433239 0.051136 0.048295
