2 0.210751 0.222842 0.098586 0.079985
2 0.129836 0.265625 0.063244 0.061384
2 0.186570 0.297247 0.061384 0.050223
2 0.363281 0.171689 0.079985 0.100446
2 0.394903 0.108445 0.083705 0.063244
2 0.318638 0.105655 0.065104 0.065104
1 0.367001 0.039621 0.126488 0.059524
2 0.536272 0.098214 0.089286 0.061384
2 0.526042 0.161458 0.068824 0.053943
2 0.442336 0.167039 0.083705 0.061384
2 0.634859 0.137277 0.089286 0.072545
1 0.593936 0.365141 0.070685 0.074405
1 0.662760 0.332589 0.078125 0.068824
1 0.545573 0.344680 0.081845 0.059524
1 0.726935 0.317708 0.072545 0.057664
1 0.720424 0.252604 0.081845 0.057664
1 0.658110 0.402344 0.065104 0.059524
1 0.735305 0.398624 0.059524 0.081845
1 0.795759 0.437686 0.061384 0.044643
1 0.797619 0.308408 0.046503 0.065104
1 0.780878 0.229353 0.061384 0.063244
2 0.133557 0.689732 0.035342 0.039062
2 0.075893 0.701823 0.053943 0.033482
2 0.047991 0.741815 0.050223 0.042783
2 0.153088 0.739955 0.059524 0.072545
2 0.101935 0.739025 0.035342 0.037202
2 0.535342 0.720424 0.065104 0.048363
2 0.570685 0.832031 0.087426 0.059524
2 0.592076 0.659970 0.044643 0.079985
2 0.349330 0.482329 0.031622 0.040923
2 0.340030 0.514881 0.035342 0.035342
