2 0.259457 0.129420 0.068873 0.062706
2 0.414679 0.171053 0.054482 0.055510
2 0.488178 0.181846 0.065789 0.056538
2 0.481497 0.116571 0.068873 0.071957
2 0.552426 0.146382 0.075041 0.053454
2 0.558594 0.210115 0.066817 0.065789
2 0.403886 0.210629 0.076069 0.054482
2 0.302118 0.535465 0.063734 0.046258
2 0.355058 0.529297 0.048314 0.048314
2 0.296978 0.585321 0.063734 0.041118
2 0.268709 0.619757 0.064762 0.060650
2 0.297492 0.676295 0.072985 0.058594
2 0.218853 0.680921 0.055510 0.057566
2 0.263569 0.731805 0.056538 0.064762
2 0.330900 0.726151 0.045230 0.049342
2 0.195210 0.643914 0.053454 0.051398
2 0.166941 0.684519 0.048314 0.050370
2 0.188528 0.739515 0.064762 0.049342
2 0.222965 0.788857 0.080181 0.047286
2 0.249751 0.969984 0.088523 0.060033
2 0.319779 0.959190 0.086721 0.081620
2 0.409817 0.978721 0.092043 0.042558
1 0.601254 0.548314 0.127467 0.125411
1 0.714330 0.569901 0.117188 0.108964
1 0.934262 0.528329 0.131476 0.112168
1 0.921464 0.636719 0.136719 0.123355
1 0.811472 0.693257 0.130551 0.125411
1 0.890625 0.746711 0.105880 0.088405
1 0.923006 0.857216 0.139803 0.132607
1 0.687603 0.673211 0.113076 0.109992
1 0.707648 0.787829 0.153166 0.139803
1 0.564762 0.672697 0.134663 0.133635
