0 0.110986 0.897068 0.146585 0.138531
0 0.744845 0.924452 0.086985 0.093428
1 0.537049 0.316366 0.128866 0.130477
1 0.521746 0.457313 0.098260 0.083763
0 0.206830 0.264820 0.080541 0.066044
0 0.222133 0.357442 0.101482 0.070876
0 0.560406 0.162532 0.075709 0.080541
1 0.921231 0.323615 0.078930 0.086985
0 0.962629 0.344587 0.074742 0.080604
2 0.686050 0.128705 0.056379 0.057990
2 0.765786 0.123872 0.061211 0.064433
2 0.731959 0.175419 0.077320 0.067655
2 0.662693 0.258376 0.061211 0.059601
2 0.021585 0.355026 0.038660 0.037049
2 0.015142 0.375966 0.025773 0.027384
2 0.024807 0.406572 0.038660 0.027384
2 0.057829 0.356637 0.037049 0.030606
2 0.086018 0.370329 0.028995 0.035438
2 0.057829 0.387242 0.033827 0.030606
2 0.074742 0.411405 0.032216 0.024162
2 0.045747 0.426707 0.045103 0.028995
2 0.032055 0.450870 0.040271 0.028995
2 0.049774 0.478254 0.040271 0.025773
2 0.220522 0.424291 0.046714 0.037049
2 0.252738 0.408183 0.033827 0.037049
2 0.254349 0.444427 0.037049 0.028995
2 0.119040 0.556379 0.043492 0.033827
2 0.102932 0.578125 0.043492 0.035438
2 0.139175 0.607925 0.041881 0.037049
2 0.139981 0.652223 0.033827 0.032216
2 0.159311 0.666720 0.046714 0.028995
2 0.164143 0.694910 0.037049 0.033827
2 0.196360 0.700548 0.040271 0.025773
2 0.206830 0.593428 0.022552 0.037049
2 0.164948 0.528995 0.025773 0.020941
2 0.192332 0.487113 0.025773 0.037049
2 0.222133 0.479059 0.040271 0.030606
2 0.248711 0.482281 0.038660 0.037049
2 0.188305 0.514497 0.033827 0.017719
2 0.216495 0.510470 0.028995 0.038660
2 0.245490 0.519330 0.025773 0.030606
2 0.268847 0.516914 0.027384 0.035438
2 0.294620 0.567655 0.030606 0.024162
2 0.311534 0.598260 0.045103 0.040271
2 0.235019 0.549936 0.049936 0.033827
2 0.200387 0.727932 0.028995 0.025773
2 0.241463 0.711018 0.030606 0.030606
2 0.278512 0.707796 0.027384 0.033827
2 0.310728 0.715045 0.033827 0.045103
2 0.265625 0.736791 0.033827 0.027384
2 0.273679 0.764981 0.053157 0.028995
2 0.318782 0.746456 0.040271 0.030606
2 0.413821 0.850354 0.049936 0.038660
2 0.331669 0.974388 0.049936 0.045103
2 0.423486 0.951836 0.027384 0.025773
2 0.412210 0.975193 0.053157 0.040271
2 0.449259 0.883376 0.049936 0.049936
2 0.495168 0.855187 0.038660 0.035438
2 0.606314 0.752094 0.051546 0.035438
2 0.616785 0.812500 0.024162 0.033827
2 0.651418 0.826997 0.032216 0.030606
2 0.645780 0.851160 0.043492 0.033827
2 0.673969 0.953447 0.067655 0.051546
2 0.851965 0.939755 0.027384 0.030606
2 0.875322 0.956669 0.032216 0.032216
2 0.947004 0.852771 0.049936 0.043492
2 0.706991 0.837468 0.040271 0.022552
2 0.804446 0.753705 0.045103 0.035438
2 0.788338 0.715851 0.061211 0.033827
2 0.654639 0.978415 0.090206 0.037049
2 0.466978 0.516108 0.075709 0.062822
2 0.479865 0.593428 0.027384 0.037049
2 0.503222 0.587790 0.025773 0.035438
2 0.507249 0.615174 0.037049 0.041881
2 0.540271 0.572487 0.032216 0.049936
2 0.583763 0.558795 0.054768 0.035438
2 0.584568 0.600677 0.040271 0.041881
2 0.663499 0.599871 0.027384 0.049936
2 0.652223 0.632088 0.053157 0.024162
2 0.694104 0.628061 0.030606 0.045103
2 0.721488 0.615174 0.033827 0.041881
2 0.939755 0.223744 0.061211 0.057990
2 0.969555 0.271263 0.056379 0.049936
