0 0.378597 0.621403 0.103417 0.096673
0 0.445481 0.538219 0.106790 0.121403
0 0.569694 0.638826 0.098921 0.102293
0 0.547774 0.720886 0.097797 0.088804
0 0.636578 0.738309 0.082059 0.094424
0 0.538781 0.784397 0.086556 0.087680
1 0.650067 0.808566 0.068570 0.073067
2 0.445481 0.915917 0.088804 0.078687
2 0.512927 0.883318 0.068570 0.069694
2 0.488197 0.818121 0.075315 0.080935
2 0.431430 0.793390 0.065198 0.067446
2 0.376911 0.927720 0.064074 0.057329
2 0.363422 0.970436 0.064074 0.050585
0 0.271246 0.807442 0.093300 0.091052
0 0.431430 0.424123 0.105665 0.097797
0 0.761353 0.692221 0.086556 0.098921
1 0.838354 0.717513 0.087680 0.068570
0 0.814748 0.710769 0.085432 0.086556
0 0.920414 0.774843 0.089928 0.097797
2 0.963129 0.662995 0.069694 0.065198
0 0.924910 0.595549 0.083183 0.078687
1 0.918165 0.313399 0.056205 0.062950
0 0.860836 0.268435 0.083183 0.101169
0 0.656250 0.151529 0.098921 0.092176
0 0.603417 0.209982 0.087680 0.096673
0 0.345436 0.546650 0.091052 0.077563
0 0.265063 0.471897 0.083183 0.078687
0 0.336443 0.416817 0.068570 0.092176
0 0.275742 0.954137 0.064074 0.060701
2 0.732689 0.138602 0.058453 0.061826
