2 0.591535 0.027752 0.079291 0.053638
2 0.584538 0.090718 0.076959 0.076959
2 0.629431 0.112873 0.061800 0.076959
2 0.683652 0.161264 0.072295 0.064132
2 0.949510 0.073228 0.079291 0.072295
2 0.962337 0.157183 0.069963 0.086287
2 0.930271 0.042910 0.087453 0.072295
2 0.627682 0.194496 0.053638 0.051306
2 0.684235 0.232393 0.073461 0.068797
2 0.496502 0.290695 0.075793 0.075793
2 0.420709 0.318680 0.064132 0.061800
2 0.342001 0.394473 0.076959 0.075793
2 0.331507 0.343750 0.090951 0.065299
2 0.256880 0.383396 0.088619 0.083955
2 0.238806 0.469100 0.089785 0.082789
2 0.319263 0.469683 0.071129 0.074627
2 0.191581 0.545476 0.076959 0.081623
2 0.258629 0.604361 0.059468 0.054804
2 0.257463 0.563549 0.057136 0.043144
2 0.201493 0.616604 0.061800 0.058302
2 0.238806 0.669076 0.061800 0.067631
2 0.168843 0.674324 0.073461 0.064132
2 0.196828 0.725047 0.066465 0.060634
2 0.335588 0.690065 0.057136 0.058302
2 0.568797 0.688316 0.059468 0.071129
2 0.616604 0.705224 0.050140 0.053638
2 0.674324 0.743703 0.058302 0.058302
2 0.649254 0.790928 0.066465 0.057136
2 0.674907 0.844566 0.052472 0.057136
2 0.607276 0.874883 0.061800 0.054804
2 0.599697 0.815415 0.067631 0.059468
2 0.536730 0.822411 0.067631 0.066465
2 0.562383 0.876632 0.048974 0.058302
2 0.454524 0.942514 0.078125 0.071129
2 0.506413 0.941348 0.060634 0.075793
2 0.749534 0.963503 0.066465 0.061800
2 0.832323 0.972831 0.078125 0.045476
2 0.972248 0.960005 0.050140 0.073461
2 0.571712 0.981576 0.079291 0.032649
2 0.259212 0.941348 0.083955 0.080457
2 0.298857 0.890042 0.060634 0.066465
2 0.358326 0.897038 0.067631 0.075793
2 0.336171 0.807253 0.074627 0.071129
2 0.263876 0.801423 0.060634 0.068797
2 0.178172 0.877799 0.068797 0.067631
2 0.182836 0.943680 0.075793 0.073461
2 0.112873 0.947178 0.059468 0.066465
2 0.120452 0.827076 0.062966 0.057136
2 0.112873 0.506996 0.059468 0.065299
2 0.170009 0.402635 0.101446 0.108442
2 0.031833 0.211987 0.060634 0.074627
2 0.032416 0.118120 0.064132 0.071129
2 0.508162 0.111707 0.080457 0.079291
2 0.466768 0.070896 0.058302 0.062966
2 0.561217 0.172341 0.069963 0.060634
2 0.402052 0.711054 0.054804 0.048974
2 0.449860 0.547808 0.050140 0.034981
2 0.418377 0.792677 0.054804 0.065299
2 0.506413 0.765858 0.058302 0.046642
