0 0.039522 0.223346 0.075368 0.084559
0 0.379596 0.044118 0.082721 0.082721
0 0.376838 0.113971 0.088235 0.068015
0 0.120404 0.579044 0.056985 0.060662
0 0.250000 0.903493 0.047794 0.055147
0 0.284926 0.879596 0.055147 0.044118
0 0.493566 0.838235 0.079044 0.093750
0 0.786765 0.613051 0.073529 0.077206
0 0.907169 0.549632 0.071691 0.075368
0 0.873162 0.451287 0.077206 0.069853
1 0.182904 0.243566 0.075368 0.073529
1 0.539522 0.740809 0.101103 0.093750
1 0.718750 0.642463 0.062500 0.077206
1 0.963235 0.534007 0.055147 0.073529
2 0.113971 0.117647 0.055147 0.045956
2 0.147978 0.630515 0.075368 0.071691
2 0.186581 0.698529 0.075368 0.064338
2 0.390625 0.865809 0.056985 0.049632
2 0.298713 0.976103 0.053309 0.038603
2 0.616728 0.681985 0.064338 0.075368
2 0.586397 0.605699 0.066176 0.066176
2 0.669118 0.602022 0.066176 0.066176
2 0.654412 0.551471 0.051471 0.056985
2 0.204044 0.881434 0.047794 0.051471
