2 0.914782 0.234786 0.069901 0.057566
2 0.852590 0.301604 0.077097 0.061678
2 0.768812 0.380757 0.071957 0.067845
2 0.767784 0.527755 0.063734 0.055510
2 0.722553 0.510280 0.059622 0.067845
2 0.574013 0.362253 0.083265 0.078125
2 0.497430 0.364823 0.076069 0.087377
2 0.486637 0.272307 0.097656 0.081209
2 0.583779 0.277961 0.090461 0.090461
2 0.569901 0.146382 0.079153 0.071957
2 0.598170 0.104749 0.076069 0.072985
2 0.531353 0.186472 0.080181 0.043174
2 0.665502 0.145868 0.066817 0.079153
2 0.732833 0.104235 0.067845 0.065789
2 0.734375 0.161287 0.079153 0.070929
2 0.682463 0.216283 0.069901 0.065789
2 0.690687 0.267681 0.078125 0.059622
2 0.761616 0.241982 0.071957 0.076069
