2 0.433183 0.500514 0.099712 0.072985
2 0.397718 0.560136 0.086349 0.068873
2 0.458368 0.632607 0.104852 0.065789
0 0.509252 0.805304 0.153166 0.117187
2 0.625411 0.857730 0.120271 0.094572
2 0.815584 0.914782 0.070929 0.068873
2 0.910156 0.817640 0.064762 0.059622
2 0.805818 0.782175 0.096628 0.087377
2 0.890625 0.740543 0.097656 0.076069
2 0.918894 0.642373 0.102796 0.087377
2 0.854646 0.587377 0.093544 0.096628
0 0.789885 0.630037 0.099712 0.087377
0 0.667558 0.539062 0.101768 0.108964
2 0.738487 0.576069 0.087377 0.065789
2 0.728721 0.694285 0.067845 0.065789
