0 0.693345 0.366232 0.047212 0.058453
0 0.431992 0.416254 0.068570 0.055081
0 0.423561 0.482014 0.065198 0.080935
0 0.358925 0.533161 0.079811 0.066322
0 0.451102 0.562388 0.088804 0.079811
0 0.524730 0.603979 0.080935 0.075315
0 0.607352 0.711893 0.048336 0.050585
0 0.461781 0.965378 0.089928 0.062950
0 0.053170 0.182442 0.066322 0.046088
2 0.054294 0.234712 0.061826 0.049460
2 0.122302 0.543840 0.051709 0.069694
2 0.489883 0.485387 0.040468 0.047212
2 0.554519 0.431992 0.055081 0.043840
2 0.657374 0.691097 0.040468 0.047212
0 0.147594 0.670863 0.070818 0.065198
0 0.195369 0.732127 0.047212 0.055081
0 0.037995 0.656812 0.067446 0.068570
