2 0.644447 0.134667 0.043840 0.040468
2 0.793390 0.027878 0.042716 0.035971
2 0.756857 0.054294 0.073067 0.041592
2 0.795638 0.102068 0.051709 0.047212
2 0.944582 0.076776 0.057329 0.037095
2 0.933341 0.039681 0.048336 0.039344
2 0.175135 0.208296 0.047212 0.048336
2 0.162770 0.253822 0.029227 0.040468
2 0.114433 0.240333 0.033723 0.042716
2 0.109937 0.283049 0.040468 0.031475
2 0.716951 0.527540 0.047212 0.048336
2 0.967064 0.592738 0.039344 0.019110
2 0.927158 0.618593 0.015737 0.032599
2 0.959195 0.659622 0.032599 0.044964
2 0.981677 0.632644 0.034847 0.033723
2 0.927720 0.698966 0.025854 0.031475
2 0.988422 0.683228 0.019110 0.042716
2 0.752361 0.706272 0.032599 0.032599
2 0.760229 0.669177 0.043840 0.041592
2 0.517986 0.771470 0.035971 0.019110
2 0.612972 0.782711 0.019110 0.032599
2 0.656812 0.817558 0.025854 0.034847
2 0.648381 0.904114 0.031475 0.039344
2 0.506745 0.822055 0.058453 0.037095
2 0.291479 0.680418 0.039344 0.052833
2 0.238647 0.665805 0.043840 0.039344
2 0.213916 0.658498 0.028103 0.033723
2 0.241457 0.705148 0.049460 0.034847
2 0.145346 0.694469 0.046088 0.022482
2 0.141412 0.659060 0.044964 0.030351
2 0.110499 0.622527 0.043840 0.020234
2 0.072842 0.640513 0.033723 0.033723
2 0.033498 0.652316 0.033723 0.039344
2 0.017199 0.702900 0.025854 0.039344
2 0.044739 0.707397 0.024730 0.034847
2 0.082959 0.711331 0.053957 0.033723
2 0.073966 0.761915 0.060701 0.038219
2 0.048112 0.893997 0.024730 0.023606
2 0.075652 0.914793 0.025854 0.031475
2 0.044739 0.922100 0.033723 0.043840
2 0.081272 0.946830 0.037095 0.025854
2 0.602855 0.218413 0.043840 0.043840
2 0.582621 0.168952 0.059577 0.064074
2 0.579249 0.216165 0.028103 0.032599
2 0.698404 0.431430 0.037095 0.056205
2 0.762478 0.482014 0.021358 0.035971
2 0.800697 0.486511 0.030351 0.042716
2 0.873201 0.511803 0.024730 0.034847
2 0.911421 0.500000 0.033723 0.044964
2 0.965940 0.515737 0.021358 0.031475
2 0.937837 0.525292 0.034847 0.030351
2 0.655126 0.494942 0.049460 0.030351
2 0.691097 0.503372 0.029227 0.031475
2 0.624213 0.483138 0.023606 0.035971
2 0.660746 0.565198 0.047212 0.056205
2 0.575315 0.583183 0.051709 0.033723
2 0.440985 0.590490 0.028103 0.028103
1 0.501686 0.616906 0.048336 0.029227
2 0.403889 0.628147 0.030351 0.033723
2 0.353867 0.654564 0.042716 0.039344
2 0.321830 0.550585 0.034847 0.038219
2 0.326888 0.585994 0.026978 0.028103
2 0.306093 0.528103 0.046088 0.022482
2 0.284173 0.422999 0.047212 0.052833
2 0.437050 0.407824 0.042716 0.051709
2 0.415130 0.371290 0.046088 0.037095
2 0.443233 0.343750 0.025854 0.035971
2 0.489321 0.360612 0.037095 0.040468
2 0.232464 0.218975 0.042716 0.051709
2 0.097572 0.394335 0.033723 0.022482
2 0.057104 0.405013 0.029227 0.030351
2 0.029002 0.426371 0.017986 0.037095
2 0.055418 0.434802 0.023606 0.035971
2 0.098696 0.445481 0.026978 0.028103
2 0.132419 0.475270 0.022482 0.033723
2 0.391524 0.536533 0.019110 0.032599
2 0.367918 0.539906 0.028103 0.034847
2 0.363422 0.508431 0.046088 0.041592
2 0.328575 0.404451 0.048336 0.040468
2 0.369042 0.384218 0.037095 0.035971
2 0.564074 0.058228 0.029227 0.047212
2 0.628710 0.063287 0.028103 0.046088
2 0.602855 0.037995 0.034847 0.033723
2 0.724820 0.628147 0.049460 0.022482
2 0.711893 0.669177 0.034847 0.057329
2 0.597235 0.763040 0.028103 0.035971
2 0.598359 0.903552 0.037095 0.053957
2 0.378035 0.882194 0.034847 0.031475
2 0.331947 0.896246 0.039344 0.023606
2 0.217851 0.388714 0.042716 0.035971
2 0.137478 0.775405 0.048336 0.049460
2 0.867581 0.585994 0.033723 0.032599
2 0.845099 0.555643 0.033723 0.037095
2 0.702338 0.063849 0.053957 0.047212
2 0.520796 0.120054 0.050585 0.044964
2 0.443233 0.634330 0.025854 0.030351
1 0.668615 0.877136 0.031475 0.043840
