2 0.244053 0.281950 0.093284 0.104944
2 0.143773 0.344916 0.097948 0.079291
2 0.133279 0.474347 0.090951 0.095616
2 0.210238 0.449860 0.060634 0.090951
2 0.259795 0.425373 0.080457 0.100280
2 0.266208 0.354827 0.090951 0.040812
2 0.315765 0.435868 0.059468 0.107276
2 0.383396 0.471432 0.094450 0.101446
2 0.250466 0.184002 0.094450 0.088619
2 0.359492 0.220732 0.095616 0.099114
2 0.407882 0.360075 0.075793 0.074627
2 0.439366 0.318097 0.075793 0.069963
2 0.400886 0.204408 0.073461 0.099114
2 0.435868 0.243470 0.057136 0.055970
2 0.508162 0.254548 0.085121 0.089785
2 0.572878 0.310518 0.079291 0.099114
2 0.498251 0.053988 0.072295 0.033815
2 0.488340 0.104128 0.061800 0.043144
2 0.551306 0.098881 0.089785 0.086287
2 0.603778 0.200326 0.078125 0.058302
2 0.577542 0.207906 0.081623 0.085121
