2 0.795076 0.658498 0.198966 0.200090
2 0.804069 0.301596 0.061826 0.073067
2 0.300472 0.251012 0.052833 0.048336
2 0.266749 0.225719 0.057329 0.069694
2 0.208858 0.139726 0.058453 0.050585
2 0.611848 0.845099 0.133768 0.107914
2 0.603417 0.955261 0.139388 0.085432
2 0.380845 0.741682 0.065198 0.058453
2 0.376349 0.486511 0.069694 0.074191
2 0.461219 0.559015 0.082059 0.052833
2 0.856902 0.162770 0.088804 0.060701
2 0.295976 0.031250 0.091052 0.044964
0 0.233588 0.638826 0.085432 0.082059
0 0.380845 0.674798 0.085432 0.057329
0 0.483701 0.637140 0.129272 0.085432
0 0.474708 0.389838 0.082059 0.087680
0 0.571380 0.413444 0.082059 0.074191
0 0.514613 0.471897 0.085432 0.049460
0 0.585432 0.544402 0.085432 0.077563
0 0.742244 0.544964 0.064074 0.060701
0 0.800697 0.914231 0.230441 0.156250
0 0.059353 0.762478 0.071942 0.066322
0 0.072842 0.404451 0.076439 0.056205
1 0.336443 0.636578 0.057329 0.066322
1 0.203799 0.071718 0.066322 0.071942
1 0.111061 0.714141 0.076439 0.057329
1 0.863647 0.755733 0.102293 0.133768
0 0.027316 0.473022 0.052833 0.062950
1 0.286421 0.100382 0.089928 0.086556
2 0.327451 0.184690 0.082059 0.061826
0 0.923786 0.088017 0.087680 0.104541
0 0.848471 0.106565 0.069694 0.065198
0 0.965940 0.856902 0.064074 0.183228
0 0.081272 0.933341 0.066322 0.039344
2 0.071156 0.983925 0.070818 0.021358
2 0.208858 0.967064 0.069694 0.034847
