1 0.373853 0.529386 0.031537 0.040138
1 0.429042 0.492116 0.030103 0.034404
1 0.482798 0.555189 0.063073 0.045872
1 0.531537 0.542288 0.048739 0.051606
1 0.480648 0.614679 0.053039 0.038704
1 0.239106 0.896359 0.031537 0.040138
0 0.067087 0.583142 0.040138 0.041571
0 0.023366 0.510034 0.027236 0.027236
0 0.061353 0.150946 0.025803 0.017202
0 0.163847 0.125860 0.035837 0.024369
0 0.165998 0.071388 0.054472 0.038704
0 0.251290 0.193234 0.027236 0.027236
0 0.365969 0.383888 0.035837 0.038704
0 0.359518 0.449828 0.063073 0.050172
0 0.385321 0.471330 0.034404 0.044438
0 0.319381 0.444811 0.068807 0.051606
0 0.160981 0.424025 0.035837 0.038704
0 0.122276 0.447678 0.030103 0.028670
0 0.300745 0.808200 0.086009 0.084576
0 0.280677 0.727924 0.031537 0.035837
0 0.238389 0.599627 0.027236 0.031537
0 0.221904 0.676319 0.043005 0.047305
0 0.178899 0.674885 0.028670 0.041571
0 0.105075 0.646932 0.027236 0.037271
