2 0.622423 0.364691 0.061211 0.062822
2 0.687661 0.410599 0.040271 0.051546
2 0.665110 0.466173 0.033827 0.049936
2 0.634504 0.425902 0.056379 0.040271
2 0.562017 0.464562 0.056379 0.046714
2 0.556379 0.398518 0.061211 0.053157
2 0.558795 0.338112 0.049936 0.061211
2 0.494362 0.323615 0.046714 0.054768
2 0.465367 0.264014 0.053157 0.074098
2 0.433151 0.321198 0.072487 0.040271
2 0.429929 0.371134 0.069265 0.046714
2 0.520941 0.292204 0.051546 0.056379
2 0.486308 0.164948 0.056379 0.062822
2 0.450064 0.189111 0.061211 0.066044
2 0.913982 0.412210 0.041881 0.061211
2 0.971166 0.422680 0.053157 0.085374
2 0.344555 0.960696 0.049936 0.033827
2 0.243879 0.974388 0.080541 0.041881
2 0.470200 0.980831 0.046714 0.019330
2 0.530606 0.952642 0.041881 0.040271
2 0.573293 0.940561 0.030606 0.041881
2 0.044137 0.478254 0.048325 0.048325
2 0.101321 0.522552 0.049936 0.046714
2 0.119040 0.548325 0.030606 0.040271
2 0.149646 0.532216 0.030606 0.043492
2 0.189111 0.549130 0.022552 0.045103
2 0.098099 0.648196 0.059601 0.037049
2 0.045747 0.681218 0.041881 0.048325
2 0.133537 0.693299 0.037049 0.046714
