2 0.866406 0.534375 0.084375 0.075000
2 0.881250 0.596094 0.042188 0.076563
2 0.937500 0.602344 0.073438 0.085938
2 0.914844 0.660156 0.081250 0.067187
2 0.850000 0.638281 0.060937 0.079687
2 0.817187 0.690625 0.060937 0.075000
2 0.781250 0.671875 0.054688 0.065625
2 0.735938 0.675000 0.067187 0.059375
2 0.828125 0.907031 0.064062 0.076563
2 0.914844 0.940625 0.068750 0.068750
2 0.913281 0.882031 0.075000 0.057813
2 0.948438 0.368750 0.079687 0.068750
2 0.966797 0.306738 0.063281 0.079102
2 0.971484 0.254219 0.053906 0.064688
2 0.925781 0.258594 0.087500 0.082812
2 0.892188 0.197656 0.060937 0.064062
2 0.638281 0.304688 0.053125 0.056250
2 0.662500 0.355469 0.060937 0.060937
2 0.704688 0.309375 0.076563 0.059375
2 0.707812 0.244531 0.054688 0.045312
2 0.772656 0.236719 0.053125 0.051562
2 0.833594 0.256250 0.059375 0.071875
2 0.797656 0.303125 0.062500 0.059375
2 0.743750 0.289062 0.073438 0.056250
2 0.966797 0.177003 0.063281 0.082131
2 0.925781 0.054688 0.053125 0.068750
2 0.736719 0.155469 0.056250 0.064062
2 0.668750 0.146094 0.067187 0.070312
2 0.607812 0.271875 0.067187 0.056250
2 0.664062 0.204687 0.045312 0.053125
2 0.705469 0.197656 0.050000 0.054688
2 0.629687 0.226562 0.048438 0.046875
2 0.608594 0.239063 0.068750 0.046875
2 0.534375 0.230469 0.054688 0.064062
2 0.559375 0.259375 0.045312 0.034375
2 0.585156 0.300000 0.068750 0.068750
2 0.371094 0.178125 0.065625 0.081250
2 0.400000 0.201563 0.073438 0.065625
2 0.424219 0.146875 0.053125 0.065625
2 0.475781 0.134375 0.059375 0.065625
2 0.558594 0.164844 0.068750 0.067187
2 0.307031 0.118750 0.075000 0.056250
2 0.289844 0.177344 0.068750 0.073438
2 0.241406 0.214062 0.062500 0.065625
2 0.232031 0.151562 0.071875 0.059375
2 0.189062 0.110937 0.060937 0.059375
2 0.146094 0.081250 0.068750 0.065625
2 0.134375 0.389844 0.098437 0.073438
2 0.268750 0.535156 0.045312 0.057813
2 0.058594 0.355469 0.081250 0.073438
2 0.064062 0.429688 0.070312 0.084375
2 0.040625 0.283594 0.079687 0.082812
2 0.800781 0.518750 0.075000 0.075000
2 0.276562 0.021875 0.085938 0.037500
2 0.085938 0.089063 0.067187 0.062500
