2 0.732319 0.197780 0.056538 0.057566
2 0.664474 0.092414 0.056538 0.052426
2 0.235300 0.412623 0.067845 0.053454
2 0.208573 0.451686 0.053454 0.053454
2 0.089330 0.403372 0.039062 0.045230
2 0.185444 0.024054 0.046258 0.047286
2 0.232216 0.024054 0.043174 0.047286
2 0.137644 0.019428 0.045230 0.035979
2 0.801706 0.201891 0.061678 0.047286
2 0.737973 0.249178 0.063734 0.057566
2 0.193668 0.962582 0.079153 0.065789
2 0.364823 0.307257 0.059622 0.050370
2 0.963096 0.298006 0.041118 0.062706
2 0.062089 0.431641 0.054482 0.058594
2 0.485609 0.741057 0.050370 0.038035
2 0.360197 0.661390 0.042146 0.049342
2 0.706620 0.381785 0.048314 0.037007
2 0.714330 0.332956 0.051398 0.046258
