2 0.131944 0.171875 0.065972 0.059028
2 0.143519 0.226852 0.052083 0.043981
2 0.210648 0.219907 0.056713 0.069444
2 0.348380 0.021412 0.052083 0.035880
2 0.306713 0.251157 0.056713 0.055556
2 0.357060 0.299190 0.050926 0.049769
2 0.243056 0.333912 0.061343 0.063657
2 0.309028 0.351273 0.045139 0.047454
2 0.593750 0.406829 0.065972 0.072917
2 0.626157 0.377894 0.038194 0.052083
2 0.645255 0.404514 0.039352 0.045139
2 0.766782 0.375000 0.032407 0.046296
2 0.685764 0.270255 0.048611 0.054398
2 0.798032 0.346065 0.048611 0.053241
2 0.835069 0.424190 0.048611 0.056713
2 0.781250 0.421296 0.070602 0.039352
2 0.740741 0.471065 0.045139 0.069444
2 0.796296 0.476273 0.052083 0.052083
2 0.850116 0.482639 0.037037 0.039352
2 0.881366 0.418981 0.041667 0.057870
2 0.913194 0.460069 0.056713 0.035880
2 0.934028 0.500579 0.040509 0.047454
2 0.918403 0.554977 0.050926 0.054398
2 0.875000 0.531829 0.045139 0.052083
2 0.824653 0.530093 0.041667 0.053241
2 0.814236 0.645833 0.057870 0.046296
2 0.770255 0.616319 0.050926 0.052083
2 0.828704 0.699653 0.054398 0.045139
2 0.783565 0.732639 0.047454 0.074074
2 0.634838 0.650463 0.076389 0.057870
2 0.684028 0.638889 0.049769 0.053241
2 0.023148 0.301505 0.040509 0.070602
2 0.066551 0.314236 0.064815 0.052083
2 0.081019 0.353009 0.040509 0.023148
2 0.114005 0.393519 0.067130 0.037037
2 0.025463 0.542824 0.031250 0.074074
2 0.067708 0.537037 0.034722 0.064815
2 0.085648 0.635995 0.070602 0.072917
2 0.060185 0.583333 0.056713 0.050926
2 0.063079 0.845486 0.055556 0.042824
2 0.049190 0.882523 0.055556 0.047454
2 0.106481 0.892940 0.040509 0.040509
2 0.079861 0.936921 0.061343 0.040509
2 0.143519 0.941551 0.049769 0.047454
2 0.193866 0.946759 0.055556 0.069444
2 0.502315 0.232639 0.047454 0.030093
