0 0.286932 0.272727 0.079545 0.065341
0 0.656250 0.271307 0.133523 0.113636
0 0.779119 0.375000 0.151989 0.127841
0 0.899858 0.059659 0.052557 0.079545
0 0.741477 0.636364 0.102273 0.107955
0 0.426847 0.580966 0.106534 0.073864
2 0.244318 0.906960 0.122159 0.092330
2 0.884233 0.379972 0.123580 0.120739
2 0.670455 0.140625 0.082386 0.073864
2 0.832386 0.284091 0.088068 0.068182
2 0.754972 0.325284 0.089489 0.065341
2 0.843750 0.056108 0.068182 0.078125
2 0.475852 0.477273 0.085227 0.068182
2 0.688210 0.204545 0.154830 0.096591
