2 0.391036 0.543174 0.068873 0.061678
2 0.430099 0.554996 0.056538 0.068873
2 0.464535 0.576583 0.065789 0.066817
2 0.513877 0.565275 0.057566 0.095600
2 0.542146 0.603824 0.035979 0.069901
2 0.534951 0.678351 0.029811 0.070929
2 0.495374 0.664988 0.067845 0.064762
2 0.447060 0.706620 0.076069 0.080181
2 0.287212 0.613076 0.091488 0.082237
2 0.335526 0.634149 0.068873 0.068873
2 0.353516 0.582237 0.071957 0.055510
2 0.257915 0.657278 0.080181 0.045230
2 0.279502 0.723067 0.094572 0.076069
2 0.371505 0.698396 0.058594 0.082237
