2 0.030273 0.079625 0.060547 0.090340
2 0.057463 0.459396 0.074013 0.095600
2 0.024106 0.505661 0.048211 0.093530
2 0.071854 0.559622 0.076069 0.080181
2 0.200350 0.563220 0.067845 0.052426
2 0.238898 0.611534 0.062706 0.060650
2 0.530839 0.688631 0.066817 0.064762
2 0.641859 0.660362 0.044202 0.061678
2 0.692229 0.623869 0.062706 0.077097
2 0.643914 0.777549 0.064762 0.065789
2 0.570415 0.851049 0.057566 0.066817
2 0.515933 0.765728 0.061678 0.058594
2 0.634149 0.848993 0.057566 0.066817
2 0.899363 0.883943 0.047286 0.050370
2 0.836143 0.940481 0.089433 0.066817
1 0.782280 0.973581 0.070111 0.052837
2 0.750308 0.306229 0.051398 0.060650
2 0.607936 0.231188 0.046258 0.054482
2 0.820724 0.274877 0.056538 0.055510
2 0.974866 0.795588 0.050267 0.064861
