0 0.552267 0.043904 0.097931 0.074824
0 0.235365 0.036752 0.091329 0.064921
0 0.117628 0.063160 0.108935 0.084727
0 0.206206 0.112676 0.085827 0.100132
0 0.123129 0.162192 0.097931 0.089129
0 0.148437 0.286532 0.071523 0.082526
0 0.081866 0.297535 0.068222 0.067121
0 0.030150 0.460938 0.057218 0.068222
0 0.051607 0.593530 0.082526 0.069322
0 0.097821 0.728323 0.104533 0.088028
0 0.358055 0.471941 0.103433 0.105634
0 0.326144 0.382812 0.090229 0.079225
0 0.388314 0.323393 0.097931 0.096831
0 0.923636 0.122029 0.101232 0.092430
1 0.140735 0.365757 0.093530 0.062720
1 0.095621 0.422975 0.089129 0.091329
2 0.467540 0.033451 0.089129 0.058319
2 0.502201 0.096721 0.103433 0.103433
2 0.571523 0.112126 0.083627 0.090229
2 0.639195 0.129732 0.102333 0.088028
2 0.217760 0.538512 0.100132 0.117738
2 0.145687 0.438930 0.083627 0.074824
2 0.133583 0.494498 0.114437 0.069322
2 0.078565 0.248019 0.072623 0.056118
