2 0.663603 0.147978 0.066176 0.084559
2 0.727941 0.161765 0.080882 0.090074
2 0.772059 0.169118 0.055147 0.068015
1 0.365809 0.125000 0.110294 0.104779
0 0.068934 0.465074 0.108456 0.101103
0 0.234375 0.440257 0.101103 0.095588
0 0.629596 0.869485 0.148897 0.141544
0 0.612132 0.965074 0.158088 0.064338
0 0.059743 0.956801 0.086397 0.066176
0 0.125000 0.968750 0.058824 0.056985
2 0.229779 0.655331 0.073529 0.062500
0 0.190257 0.625000 0.056985 0.045956
0 0.400735 0.829963 0.069853 0.058824
2 0.312500 0.820772 0.073529 0.066176
