2 0.299006 0.085227 0.086648 0.082386
2 0.063920 0.084517 0.056818 0.069602
2 0.013494 0.065946 0.026989 0.066972
2 0.269176 0.174006 0.063920 0.061080
2 0.285511 0.229403 0.065341 0.083807
2 0.330256 0.178977 0.061080 0.085227
2 0.384233 0.200284 0.078125 0.088068
2 0.458807 0.256392 0.136364 0.092330
2 0.560369 0.223722 0.075284 0.083807
2 0.636364 0.611506 0.079545 0.080966
2 0.596591 0.713778 0.085227 0.072443
2 0.488636 0.681818 0.082386 0.085227
2 0.224432 0.701705 0.079545 0.102273
2 0.245028 0.631392 0.086648 0.100852
