2 0.020910 0.033548 0.033318 0.048254
2 0.021657 0.095976 0.043313 0.054372
2 0.070313 0.092716 0.042509 0.053998
2 0.157054 0.136374 0.057445 0.053998
2 0.147289 0.189798 0.047105 0.039062
2 0.093290 0.195542 0.035616 0.036765
2 0.142693 0.243222 0.028722 0.037914
2 0.248392 0.131204 0.040211 0.045956
2 0.194393 0.101907 0.047105 0.033318
2 0.126034 0.166245 0.032169 0.031020
2 0.492532 0.009995 0.050551 0.019531
2 0.577551 0.040441 0.045956 0.041360
2 0.591337 0.080653 0.041360 0.034467
2 0.525276 0.217371 0.051700 0.052849
2 0.583295 0.258732 0.052849 0.048254
2 0.526425 0.286880 0.060892 0.058594
2 0.477022 0.264476 0.044807 0.055147
2 0.444853 0.294922 0.049403 0.047105
2 0.779756 0.197840 0.059743 0.066636
2 0.836627 0.302390 0.072381 0.066636
2 0.814223 0.346622 0.064338 0.053998
2 0.765970 0.338580 0.052849 0.067785
2 0.715418 0.355239 0.048254 0.057445
2 0.690717 0.410386 0.060892 0.055147
2 0.743566 0.397748 0.037914 0.043658
2 0.544233 0.445427 0.059743 0.053998
2 0.194393 0.496553 0.044807 0.039062
2 0.063419 0.475299 0.037914 0.035616
2 0.531595 0.782629 0.075827 0.075827
2 0.490234 0.763672 0.050551 0.070083
2 0.537914 0.709674 0.067785 0.072381
2 0.612017 0.705078 0.050551 0.065487
2 0.784926 0.544233 0.044807 0.047105
2 0.720588 0.523552 0.033318 0.035616
2 0.676930 0.541935 0.040211 0.035616
2 0.614890 0.511489 0.040211 0.039062
2 0.806181 0.512638 0.036765 0.045956
2 0.757353 0.516085 0.035616 0.034467
2 0.892923 0.652803 0.070083 0.071232
2 0.948644 0.680377 0.071232 0.071232
2 0.848116 0.752757 0.067785 0.068934
2 0.467831 0.161650 0.035616 0.033318
2 0.151884 0.479894 0.035616 0.047105
2 0.295496 0.556870 0.037914 0.028722
2 0.298369 0.614315 0.025276 0.042509
1 0.482192 0.852137 0.066636 0.072381
2 0.412684 0.844095 0.058594 0.056296
2 0.423598 0.891774 0.068934 0.036765
2 0.281135 0.965303 0.055147 0.055147
2 0.259306 0.925666 0.041360 0.056296
2 0.046760 0.944623 0.036765 0.043658
2 0.084099 0.954963 0.031020 0.039062
2 0.066866 0.985409 0.053998 0.024127
2 0.019187 0.976792 0.036765 0.041360
2 0.620060 0.906710 0.052849 0.041360
2 0.918199 0.941751 0.051700 0.049403
2 0.837201 0.981962 0.055147 0.035616
2 0.359835 0.869370 0.049403 0.051700
