2 0.206003 0.111945 0.075041 0.077097
2 0.117599 0.166427 0.058594 0.042146
2 0.911698 0.804790 0.061678 0.064762
2 0.731291 0.716386 0.062706 0.072985
2 0.655736 0.703536 0.057566 0.047286
2 0.149465 0.224507 0.081209 0.055510
2 0.045641 0.368935 0.054482 0.058594
2 0.069799 0.421875 0.043174 0.049342
1 0.194696 0.727179 0.060650 0.074013
1 0.267167 0.897307 0.078125 0.095600
1 0.181332 0.803762 0.081209 0.068873
2 0.130962 0.667558 0.052426 0.057566
2 0.925576 0.034848 0.068873 0.064762
2 0.870066 0.076994 0.066817 0.083265
1 0.938425 0.103207 0.065789 0.057566
