2 0.027666 0.215453 0.047305 0.063073
2 0.059203 0.249140 0.044438 0.047305
2 0.109375 0.259891 0.053039 0.068807
2 0.155963 0.253440 0.028670 0.027236
2 0.181766 0.275659 0.048739 0.054472
2 0.043435 0.373853 0.061640 0.044438
2 0.054903 0.421875 0.073108 0.054472
2 0.032683 0.464163 0.045872 0.041571
2 0.105791 0.368119 0.065940 0.061640
2 0.127294 0.417575 0.051606 0.051606
2 0.162414 0.411841 0.047305 0.060206
2 0.201835 0.446244 0.043005 0.040138
2 0.168148 0.330849 0.044438 0.047305
2 0.211153 0.340883 0.064507 0.064507
2 0.234805 0.398939 0.077408 0.048739
2 0.850487 0.075688 0.053039 0.047305
