2 0.809396 0.702297 0.041391 0.034147
2 0.850269 0.693502 0.036217 0.037252
2 0.885451 0.754036 0.030008 0.021730
2 0.813017 0.735410 0.034147 0.032078
2 0.965646 0.641763 0.037252 0.033113
2 0.774214 0.632450 0.051738 0.041391
2 0.758692 0.489135 0.045530 0.067260
2 0.968750 0.449814 0.047599 0.042425
2 0.938742 0.456540 0.035182 0.043460
2 0.932533 0.405319 0.049669 0.046565
2 0.885969 0.273386 0.041391 0.039321
2 0.916494 0.218543 0.058982 0.041391
2 0.859065 0.231478 0.055877 0.034147
2 0.926842 0.255277 0.056912 0.044495
2 0.690397 0.446709 0.057947 0.044495
2 0.657802 0.477752 0.065190 0.044495
2 0.959437 0.738514 0.043460 0.040356
