2 0.370370 0.692130 0.079861 0.057870
2 0.367477 0.624421 0.064815 0.065972
2 0.257523 0.482060 0.081019 0.065972
2 0.295139 0.555556 0.086806 0.081019
2 0.799190 0.734375 0.078704 0.068287
2 0.876157 0.690972 0.054398 0.064815
2 0.741319 0.614005 0.076389 0.072917
2 0.875000 0.519097 0.082176 0.077546
2 0.919560 0.779514 0.057870 0.056713
2 0.664931 0.597222 0.069444 0.076389
2 0.976360 0.802362 0.044155 0.070002
2 0.964120 0.865741 0.063657 0.053241
2 0.820023 0.679398 0.062500 0.062500
2 0.121528 0.781250 0.038194 0.050926
2 0.272569 0.807292 0.050926 0.052083
