2 0.538479 0.269706 0.054804 0.054804
2 0.846898 0.140275 0.062966 0.059468
2 0.929104 0.150770 0.061800 0.057136
2 0.965835 0.193330 0.046642 0.051306
2 0.982160 0.154268 0.034981 0.036147
2 0.916861 0.188666 0.048974 0.044310
2 0.951842 0.225396 0.046642 0.050140
2 0.505247 0.301189 0.051306 0.050140
2 0.706390 0.305271 0.052472 0.060634
2 0.679571 0.351912 0.066465 0.053638
2 0.469683 0.327425 0.045476 0.055970
2 0.505830 0.350746 0.047808 0.041978
2 0.543727 0.329174 0.044310 0.057136
2 0.527402 0.388643 0.048974 0.061800
2 0.626516 0.374650 0.046642 0.054804
2 0.612523 0.416628 0.055970 0.052472
2 0.479594 0.383979 0.053638 0.054804
2 0.384562 0.500000 0.064132 0.058302
