2 0.068571 0.537818 0.080613 0.085589
2 0.099423 0.592556 0.086584 0.049761
2 0.123308 0.636843 0.080613 0.042795
2 0.142715 0.460191 0.063694 0.081608
2 0.241242 0.539311 0.081608 0.060709
2 0.135251 0.406947 0.044785 0.072651
1 0.294486 0.343252 0.062699 0.068670
2 0.173069 0.745322 0.048766 0.038814
2 0.160629 0.812500 0.047771 0.049761
2 0.212878 0.789112 0.060709 0.060709
2 0.195959 0.843352 0.070661 0.045780
1 0.912520 0.296975 0.112460 0.087580
1 0.954319 0.370621 0.078623 0.081608
1 0.887142 0.438296 0.091561 0.087580
1 0.893113 0.521895 0.085589 0.069666
1 0.910529 0.657743 0.074642 0.080613
1 0.962779 0.747811 0.071656 0.067675
1 0.641322 0.708499 0.127389 0.106489
1 0.564192 0.803045 0.118432 0.096537
