1 0.031764 0.124280 0.061678 0.083265
2 0.216797 0.090358 0.071957 0.064762
1 0.219881 0.242496 0.071957 0.062706
0 0.417763 0.273335 0.077097 0.087377
0 0.633635 0.293380 0.077097 0.069901
0 0.828947 0.281044 0.040090 0.041118
0 0.754420 0.294922 0.037007 0.042146
2 0.790399 0.284642 0.034951 0.040090
0 0.750308 0.244038 0.041118 0.041118
0 0.083676 0.514391 0.087377 0.061678
1 0.429071 0.814042 0.079153 0.083265
1 0.625925 0.891139 0.086349 0.064762
2 0.457340 0.894737 0.076069 0.071957
2 0.287191 0.028988 0.070972 0.057977
0 0.955387 0.027138 0.033923 0.043174
2 0.796567 0.659848 0.074013 0.058594
2 0.980520 0.646923 0.038960 0.057414
1 0.935855 0.625925 0.042146 0.046258
1 0.528269 0.340666 0.078125 0.078125
2 0.461965 0.960012 0.075041 0.056538
