0 0.354991 0.066097 0.112410 0.098921
1 0.417379 0.059915 0.068570 0.088804
0 0.227406 0.120054 0.106790 0.089928
0 0.247639 0.158273 0.109038 0.071942
0 0.087455 0.149843 0.103417 0.088804
2 0.116120 0.030688 0.077563 0.059577
2 0.095324 0.080710 0.076439 0.058453
2 0.533161 0.431430 0.068570 0.058453
2 0.593300 0.448853 0.062950 0.059577
2 0.553395 0.500562 0.070818 0.066322
2 0.603417 0.509555 0.078687 0.050585
2 0.698966 0.500000 0.074191 0.062950
1 0.788332 0.487073 0.073067 0.070818
1 0.524730 0.538781 0.060701 0.070818
0 0.597797 0.573629 0.096673 0.088804
0 0.344312 0.886691 0.091052 0.080935
0 0.345998 0.965378 0.103417 0.060701
0 0.448291 0.962567 0.105665 0.070818
0 0.759667 0.952451 0.087680 0.061826
0 0.538219 0.947392 0.085432 0.065198
0 0.580935 0.851281 0.085432 0.061826
0 0.466839 0.811938 0.086556 0.046088
1 0.656250 0.968188 0.060701 0.050585
2 0.487635 0.850157 0.083183 0.066322
1 0.037995 0.140850 0.060701 0.086556
