2 0.040551 0.305618 0.078125 0.059524
2 0.328869 0.435826 0.040923 0.074405
2 0.486979 0.475818 0.044643 0.053943
2 0.541853 0.470238 0.065104 0.057664
2 0.525112 0.529762 0.057664 0.061384
2 0.579055 0.521391 0.053943 0.052083
2 0.605097 0.493490 0.050223 0.081845
2 0.752046 0.278646 0.057664 0.061384
2 0.777158 0.334449 0.085565 0.053943
2 0.814360 0.290737 0.063244 0.059524
2 0.894345 0.380022 0.066964 0.055804
2 0.919457 0.445126 0.046503 0.052083
2 0.950149 0.401414 0.059524 0.053943
2 0.975074 0.463867 0.049851 0.056083
2 0.983445 0.394574 0.033110 0.073745
