2 0.723905 0.316366 0.093428 0.095039
2 0.641753 0.230992 0.093428 0.127255
2 0.746456 0.163338 0.077320 0.127255
2 0.811695 0.249517 0.095039 0.103093
2 0.829414 0.359858 0.085374 0.091817
2 0.947004 0.318782 0.059601 0.109536
2 0.725515 0.055412 0.086985 0.098260
2 0.787532 0.619201 0.114369 0.098260
2 0.920425 0.618396 0.070876 0.064433
2 0.903512 0.706991 0.098260 0.080541
2 0.851160 0.788338 0.080541 0.107925
2 0.966656 0.783710 0.066688 0.069674
2 0.942977 0.849549 0.080541 0.082152
2 0.839884 0.883376 0.103093 0.075709
2 0.959085 0.941366 0.064433 0.101482
2 0.749678 0.977610 0.096649 0.041881
2 0.877738 0.575709 0.056379 0.072487
2 0.964240 0.576617 0.071521 0.106520
2 0.975515 0.670831 0.048969 0.098428
