2 0.857060 0.335069 0.067130 0.061343
2 0.928819 0.335069 0.078704 0.065972
2 0.885995 0.258102 0.057870 0.074074
2 0.774306 0.296296 0.072917 0.060185
2 0.758681 0.223958 0.048611 0.061343
2 0.707755 0.204282 0.048611 0.068287
2 0.904514 0.564236 0.062500 0.070602
2 0.798611 0.517361 0.068287 0.050926
2 0.832755 0.578704 0.060185 0.069444
2 0.883102 0.629630 0.082176 0.074074
2 0.814815 0.791088 0.079861 0.068287
2 0.821181 0.719329 0.071759 0.065972
2 0.883102 0.819444 0.077546 0.078704
2 0.925347 0.890046 0.097222 0.076389
2 0.746528 0.646412 0.042824 0.049769
2 0.949653 0.797454 0.062500 0.062500
2 0.885417 0.709491 0.054398 0.083333
2 0.626157 0.813657 0.063657 0.067130
2 0.593750 0.864583 0.079861 0.062500
2 0.680556 0.923032 0.084491 0.068287
2 0.403356 0.768519 0.062500 0.062500
2 0.351852 0.740741 0.047454 0.050926
2 0.494792 0.502894 0.064815 0.065972
2 0.358796 0.634259 0.056713 0.067130
2 0.299190 0.683449 0.046296 0.065972
2 0.475694 0.907986 0.061343 0.082176
2 0.556713 0.438079 0.091435 0.061343
2 0.551505 0.368634 0.053241 0.068287
2 0.516204 0.160880 0.061343 0.069444
2 0.578704 0.145833 0.059028 0.078704
2 0.378472 0.221065 0.054398 0.046296
2 0.184028 0.730903 0.063657 0.052083
2 0.060185 0.958912 0.079861 0.061343
2 0.105324 0.712963 0.056713 0.064815
2 0.419560 0.210648 0.037037 0.081019
2 0.114005 0.033565 0.062500 0.055556
2 0.472801 0.287616 0.067130 0.049769
2 0.481481 0.211806 0.065972 0.055556
2 0.508102 0.237847 0.070602 0.065972
