0 0.318750 0.520312 0.089063 0.084375
0 0.227344 0.526563 0.087500 0.075000
0 0.165625 0.545312 0.067187 0.078125
0 0.087500 0.575781 0.070312 0.064062
0 0.189062 0.354687 0.092188 0.078125
0 0.073438 0.435156 0.095312 0.085938
0 0.016016 0.408169 0.032031 0.081962
0 0.690625 0.323437 0.089063 0.075000
0 0.657813 0.124219 0.079687 0.067187
0 0.739062 0.022656 0.092188 0.042188
0 0.733594 0.082812 0.050000 0.078125
0 0.450781 0.021875 0.100000 0.040625
0 0.350781 0.017188 0.081250 0.031250
0 0.110937 0.296094 0.076563 0.057813
0 0.620313 0.075781 0.054688 0.057813
1 0.533594 0.117188 0.075000 0.081250
1 0.560156 0.056250 0.065625 0.065625
1 0.103906 0.369531 0.078125 0.076563
1 0.065625 0.212500 0.070312 0.068750
1 0.127344 0.240625 0.059375 0.053125
1 0.035156 0.268750 0.056250 0.056250
0 0.300000 0.465625 0.092188 0.056250
2 0.103125 0.497656 0.079687 0.060937
2 0.253906 0.339844 0.071875 0.076563
2 0.652344 0.251563 0.065625 0.059375
2 0.610938 0.296875 0.057813 0.068750
2 0.811719 0.153906 0.046875 0.054688
2 0.786719 0.126562 0.075000 0.068750
2 0.702344 0.073438 0.090625 0.071875
2 0.706250 0.025781 0.057813 0.045312
2 0.599219 0.023438 0.071875 0.043750
2 0.615625 0.046094 0.048438 0.042188
2 0.603125 0.185156 0.064062 0.057813
2 0.694531 0.195312 0.056250 0.068750
2 0.022656 0.104688 0.043750 0.068750
