2 0.022649 0.273509 0.043005 0.061640
2 0.019782 0.321531 0.037271 0.043005
2 0.026950 0.362385 0.043005 0.038704
2 0.071388 0.368119 0.051606 0.050172
2 0.034834 0.446244 0.058773 0.054472
2 0.038417 0.494266 0.060206 0.032970
2 0.053469 0.525803 0.055906 0.047305
2 0.097907 0.522936 0.047305 0.055906
2 0.123710 0.477064 0.061640 0.047305
2 0.153813 0.510751 0.058773 0.057339
2 0.198968 0.367403 0.045872 0.022936
2 0.324398 0.027666 0.058773 0.043005
2 0.378870 0.021932 0.058773 0.040138
2 0.300745 0.124427 0.060206 0.067374
2 0.254874 0.208286 0.060206 0.057339
2 0.271359 0.244123 0.050172 0.054472
2 0.315080 0.227638 0.054472 0.050172
2 0.354501 0.185350 0.061640 0.057339
2 0.364536 0.138761 0.061640 0.050172
2 0.386038 0.239106 0.067374 0.055906
2 0.931479 0.022649 0.054472 0.044438
2 0.965023 0.071987 0.069954 0.057105
2 0.156680 0.975917 0.053039 0.038704
2 0.130877 0.931479 0.064507 0.044438
2 0.116542 0.899943 0.055906 0.038704
2 0.068521 0.904243 0.037271 0.064507
2 0.034834 0.892775 0.047305 0.044438
2 0.024083 0.942231 0.037271 0.048739
2 0.066370 0.981651 0.050172 0.024369
2 0.024799 0.979501 0.032970 0.022936
