2 0.809606 0.026910 0.060764 0.052083
2 0.733652 0.131076 0.065104 0.072338
2 0.710503 0.212818 0.056424 0.073785
2 0.782118 0.224392 0.054977 0.053530
2 0.817564 0.268519 0.082465 0.086806
1 0.959346 0.465278 0.073785 0.083912
2 0.831308 0.451534 0.060764 0.065104
2 0.788628 0.571615 0.062211 0.062211
2 0.597656 0.607060 0.062211 0.063657
2 0.442130 0.467448 0.052083 0.050637
2 0.392940 0.468895 0.052083 0.050637
2 0.409578 0.388600 0.047743 0.037616
2 0.442130 0.416811 0.046296 0.039062
2 0.022569 0.398003 0.043403 0.073785
1 0.237413 0.599103 0.067998 0.070891
1 0.203414 0.648293 0.060764 0.062211
2 0.162905 0.978877 0.066551 0.040509
2 0.049334 0.899306 0.059317 0.043403
2 0.097801 0.972367 0.054977 0.050637
2 0.380642 0.732928 0.065104 0.069444
2 0.374132 0.663484 0.060764 0.063657
1 0.683015 0.682292 0.076678 0.072338
2 0.775608 0.816840 0.070891 0.075231
2 0.787182 0.899306 0.073785 0.060764
1 0.866030 0.866753 0.081019 0.079572
1 0.939815 0.873264 0.060764 0.092593
1 0.846499 0.791522 0.067998 0.067998
1 0.829138 0.734375 0.065104 0.069444
2 0.964844 0.547530 0.070312 0.051658
2 0.701823 0.626591 0.076678 0.050637
2 0.388600 0.801649 0.066551 0.053530
