2 0.295573 0.378906 0.111979 0.104167
2 0.583333 0.238281 0.088542 0.104167
2 0.533203 0.061849 0.097656 0.074219
2 0.360026 0.192057 0.082031 0.089844
2 0.305339 0.251302 0.087240 0.096354
2 0.274089 0.151693 0.087240 0.074219
2 0.457682 0.311849 0.066406 0.079427
2 0.477214 0.238281 0.076823 0.078125
2 0.393880 0.259766 0.076823 0.074219
2 0.367188 0.936198 0.041667 0.044271
2 0.402344 0.910156 0.036458 0.036458
2 0.799479 0.971354 0.036458 0.044271
2 0.698568 0.696615 0.029948 0.046875
2 0.723307 0.742188 0.040365 0.039062
2 0.743490 0.688802 0.033854 0.044271
2 0.390625 0.633464 0.059896 0.061198
2 0.427734 0.457031 0.048177 0.033854
2 0.524089 0.376953 0.055990 0.055990
2 0.109375 0.391927 0.052083 0.057292
2 0.158854 0.235026 0.057292 0.050781
2 0.033854 0.553467 0.067708 0.057129
2 0.618490 0.126302 0.093750 0.096354
