2 0.314523 0.057104 0.092176 0.051709
2 0.645009 0.283049 0.040468 0.044964
2 0.635454 0.348246 0.039344 0.051709
2 0.509555 0.560139 0.066322 0.057329
2 0.580373 0.551147 0.075315 0.043840
2 0.574753 0.585432 0.070818 0.053957
2 0.629834 0.641637 0.055081 0.062950
2 0.578687 0.691659 0.058453 0.055081
2 0.511241 0.632644 0.101169 0.078687
2 0.444357 0.632644 0.048336 0.065198
2 0.494379 0.708521 0.107914 0.073067
2 0.190872 0.880508 0.087680 0.041592
2 0.132981 0.920976 0.079811 0.075315
2 0.233026 0.943458 0.082059 0.061826
2 0.187500 0.973808 0.089928 0.037095
2 0.159397 0.394897 0.078687 0.075315
2 0.236960 0.381969 0.058453 0.083183
2 0.275742 0.368480 0.084308 0.096673
2 0.224033 0.254384 0.084308 0.086556
2 0.175135 0.312275 0.087680 0.083183
2 0.068345 0.299910 0.071942 0.083183
2 0.127923 0.431992 0.065198 0.111286
2 0.130171 0.344874 0.078687 0.044964
2 0.089141 0.716951 0.093300 0.074191
