2 0.502454 0.057837 0.065445 0.060537
2 0.544993 0.090151 0.050720 0.054810
2 0.788776 0.218995 0.058901 0.053992
2 0.758917 0.117556 0.053174 0.058901
2 0.724967 0.140461 0.063809 0.057264
2 0.723331 0.097922 0.049084 0.045812
2 0.653387 0.039840 0.049902 0.052356
2 0.705743 0.041067 0.054810 0.061355
2 0.620664 0.083606 0.059719 0.053174
2 0.876309 0.057019 0.045812 0.055628
2 0.965478 0.053338 0.065445 0.058082
2 0.957110 0.011330 0.070728 0.022660
2 0.912713 0.081561 0.054810 0.049084
2 0.925393 0.369519 0.065445 0.063809
2 0.954025 0.434146 0.068717 0.070353
2 0.831724 0.504090 0.061355 0.056446
2 0.892670 0.534768 0.047448 0.029450
2 0.815363 0.535995 0.066263 0.028632
