0 0.039062 0.205469 0.065625 0.101562
0 0.097656 0.408594 0.114062 0.135937
0 0.161719 0.518750 0.082812 0.109375
0 0.247656 0.505469 0.139063 0.129688
0 0.204687 0.664062 0.087500 0.118750
0 0.287500 0.730469 0.112500 0.154688
0 0.198437 0.882812 0.115625 0.146875
1 0.368750 0.675781 0.075000 0.092188
2 0.391406 0.767969 0.070312 0.101562
2 0.510938 0.801562 0.096875 0.115625
1 0.367969 0.939844 0.114062 0.120313
2 0.489844 0.597656 0.092188 0.073438
2 0.571094 0.571094 0.079687 0.092188
0 0.637500 0.304688 0.125000 0.159375
0 0.550000 0.453125 0.090625 0.084375
0 0.623437 0.450000 0.075000 0.109375
0 0.545312 0.362500 0.065625 0.103125
2 0.767969 0.119531 0.098437 0.070312
2 0.752344 0.053125 0.076563 0.081250
2 0.832031 0.057031 0.073438 0.089063
0 0.964063 0.037500 0.071875 0.068750
1 0.235937 0.377344 0.084375 0.092188
