2 0.729879 0.796763 0.113534 0.107914
2 0.671425 0.723696 0.093300 0.098921
2 0.633206 0.796201 0.079811 0.091052
2 0.796763 0.739996 0.078687 0.084308
2 0.932217 0.754047 0.073067 0.074191
2 0.957959 0.952893 0.084083 0.089688
2 0.924348 0.917041 0.061826 0.087680
2 0.983813 0.821358 0.032374 0.114388
2 0.615782 0.171763 0.033723 0.042716
2 0.660746 0.163894 0.049460 0.049460
2 0.841727 0.086893 0.044964 0.050585
2 0.831048 0.121740 0.052833 0.034847
2 0.893435 0.167266 0.022482 0.051709
2 0.973246 0.080710 0.042716 0.047212
2 0.954137 0.138602 0.026978 0.050585
2 0.989433 0.174371 0.021133 0.059173
2 0.233588 0.973246 0.119155 0.042716
2 0.737185 0.211106 0.047212 0.058453
2 0.686601 0.193683 0.062950 0.041592
2 0.978867 0.729879 0.040468 0.086556
2 0.910859 0.816996 0.061826 0.056205
2 0.785522 0.818683 0.056205 0.061826
