0 0.319478 0.170813 0.145631 0.104672
0 0.468902 0.138956 0.131978 0.150182
0 0.347542 0.391535 0.116808 0.097087
1 0.211772 0.218598 0.103155 0.121359
1 0.314927 0.291414 0.133495 0.109223
1 0.430977 0.286863 0.098604 0.136529
1 0.211013 0.369539 0.125910 0.113774
1 0.081311 0.748786 0.145631 0.162318
1 0.183708 0.701760 0.141080 0.131978
1 0.152609 0.896693 0.154733 0.124393
1 0.044903 0.933859 0.084951 0.122876
1 0.177640 0.978610 0.168386 0.036408
1 0.660801 0.664593 0.169903 0.142597
1 0.824636 0.639563 0.130461 0.141080
1 0.952822 0.749545 0.092536 0.163835
1 0.782160 0.791262 0.154733 0.138046
1 0.755613 0.886074 0.156250 0.118325
1 0.908829 0.901244 0.159284 0.145631
1 0.173847 0.047178 0.185073 0.084951
1 0.336924 0.084345 0.125910 0.113774
