2 0.164522 0.072610 0.045956 0.051471
2 0.135110 0.033088 0.053309 0.038603
2 0.113971 0.102941 0.047794 0.056985
2 0.060662 0.161765 0.051471 0.049632
2 0.051471 0.111213 0.047794 0.047794
2 0.129596 0.329044 0.042279 0.042279
2 0.110294 0.412684 0.051471 0.040441
2 0.500919 0.113971 0.038603 0.053309
2 0.552390 0.098346 0.049632 0.051471
2 0.599265 0.133272 0.066176 0.055147
2 0.610294 0.091912 0.055147 0.045956
2 0.574449 0.045956 0.056985 0.049632
2 0.608456 0.025735 0.058824 0.045956
2 0.431066 0.648897 0.053309 0.056985
2 0.480699 0.667279 0.038603 0.045956
2 0.498162 0.700368 0.036765 0.038603
2 0.178309 0.645221 0.036765 0.053309
2 0.231618 0.669118 0.047794 0.049632
2 0.170037 0.741728 0.038603 0.047794
2 0.230699 0.714154 0.049632 0.029412
2 0.348346 0.763787 0.053309 0.040441
2 0.364890 0.850184 0.049632 0.040441
2 0.375000 0.810662 0.040441 0.038603
2 0.239890 0.122243 0.031250 0.040441
2 0.266544 0.048713 0.047794 0.051471
2 0.306066 0.019301 0.056985 0.029412
2 0.136949 0.291360 0.042279 0.040441
2 0.172794 0.326287 0.040441 0.044118
2 0.397059 0.672794 0.040441 0.045956
2 0.297794 0.138787 0.040441 0.047794
2 0.805147 0.091912 0.055147 0.056985
2 0.831801 0.136029 0.045956 0.049632
2 0.803309 0.177390 0.062500 0.051471
2 0.885110 0.172794 0.060662 0.056985
2 0.944853 0.159007 0.051471 0.062500
2 0.968750 0.232537 0.058824 0.062500
2 0.866728 0.271140 0.060662 0.062500
2 0.867647 0.106618 0.051471 0.045956
2 0.928309 0.095588 0.047794 0.045956
2 0.980699 0.045037 0.038603 0.036765
2 0.720588 0.055147 0.040441 0.049632
2 0.712316 0.480699 0.034926 0.047794
2 0.773897 0.614890 0.036765 0.036765
2 0.837316 0.656250 0.049632 0.042279
2 0.940257 0.655331 0.038603 0.036765
2 0.912684 0.619485 0.042279 0.049632
2 0.950368 0.610294 0.047794 0.056985
2 0.763787 0.774816 0.049632 0.044118
2 0.465074 0.924632 0.044118 0.049632
2 0.314338 0.410846 0.058824 0.036765
2 0.336397 0.159926 0.029412 0.038603
2 0.060662 0.575368 0.033088 0.034926
2 0.502757 0.887868 0.034926 0.034926
2 0.513787 0.930147 0.038603 0.042279
2 0.339154 0.290441 0.031250 0.031250
2 0.442096 0.041360 0.027574 0.033088
2 0.484375 0.045037 0.042279 0.029412
2 0.780331 0.054228 0.049632 0.036765
2 0.787684 0.133272 0.045956 0.033088
2 0.432904 0.136029 0.053309 0.034926
2 0.183824 0.445772 0.044118 0.036765
2 0.747243 0.014706 0.049632 0.023897
2 0.564338 0.642463 0.044118 0.036765
