2 0.053170 0.021133 0.048336 0.035971
2 0.055980 0.051484 0.040468 0.042716
2 0.089141 0.043615 0.052833 0.062950
2 0.128485 0.018323 0.059577 0.032599
2 0.144222 0.061601 0.052833 0.062950
2 0.199865 0.023943 0.067446 0.043840
2 0.234150 0.063287 0.055081 0.048336
2 0.159960 0.475270 0.052833 0.040468
2 0.157149 0.515175 0.069694 0.041592
2 0.225157 0.523044 0.059577 0.061826
2 0.176259 0.557329 0.069694 0.042716
2 0.151529 0.592176 0.047212 0.044964
2 0.127923 0.546088 0.051709 0.042716
2 0.019447 0.563512 0.034847 0.048336
2 0.040243 0.605665 0.044964 0.058453
2 0.055418 0.697280 0.043840 0.034847
2 0.096448 0.696718 0.040468 0.049460
2 0.149843 0.734937 0.075315 0.065198
2 0.118368 0.814186 0.039344 0.052833
2 0.055418 0.818683 0.057329 0.055081
2 0.026754 0.840040 0.040468 0.057329
2 0.145346 0.841727 0.032599 0.051709
2 0.154339 0.888377 0.082059 0.064074
2 0.071156 0.963129 0.082059 0.049460
2 0.452226 0.593862 0.055081 0.066322
2 0.394897 0.560139 0.070818 0.055081
2 0.418503 0.511803 0.039344 0.055081
2 0.388152 0.466839 0.061826 0.059577
2 0.335881 0.396021 0.051709 0.046088
2 0.275180 0.394335 0.053957 0.058453
2 0.254384 0.370166 0.025854 0.039344
2 0.307217 0.366794 0.050585 0.034847
2 0.366232 0.370166 0.047212 0.039344
2 0.329137 0.019447 0.051709 0.032599
2 0.384218 0.029564 0.042716 0.037095
2 0.496066 0.041929 0.052833 0.048336
2 0.536533 0.027316 0.070818 0.052833
2 0.441547 0.074528 0.049460 0.052833
2 0.486511 0.117244 0.058453 0.059577
2 0.605665 0.036308 0.056205 0.068570
2 0.638826 0.081272 0.032599 0.048336
2 0.713017 0.034622 0.057329 0.033723
2 0.693345 0.077338 0.056205 0.049460
2 0.685477 0.118930 0.049460 0.051709
2 0.705710 0.169514 0.044964 0.047212
2 0.846223 0.028440 0.053957 0.037095
2 0.845661 0.065535 0.068570 0.041592
2 0.941210 0.020009 0.055081 0.033723
2 0.953013 0.053170 0.047212 0.055081
2 0.942334 0.091389 0.037095 0.050585
2 0.911983 0.100944 0.046088 0.051709
2 0.985612 0.104879 0.020234 0.050585
2 0.859150 0.180755 0.041592 0.053957
2 0.900742 0.175135 0.046088 0.051709
2 0.947392 0.157149 0.040468 0.047212
2 0.965940 0.184690 0.041592 0.041592
2 0.960881 0.224595 0.051709 0.049460
2 0.932779 0.248763 0.058453 0.073067
2 0.892311 0.267311 0.058453 0.049460
2 0.831048 0.276866 0.037095 0.052833
2 0.883880 0.294290 0.050585 0.042716
2 0.820931 0.243705 0.055081 0.042716
2 0.753485 0.272370 0.064074 0.041592
2 0.737185 0.314523 0.038219 0.042716
2 0.744492 0.385342 0.039344 0.062950
2 0.704024 0.394335 0.066322 0.044964
2 0.477518 0.312275 0.033723 0.047212
2 0.433678 0.319020 0.042716 0.026978
2 0.520796 0.231340 0.052833 0.035971
2 0.571380 0.260004 0.064074 0.052833
2 0.580373 0.150967 0.057329 0.037095
2 0.922100 0.502248 0.052833 0.060701
2 0.868143 0.530351 0.059577 0.062950
2 0.695594 0.479204 0.058453 0.057329
2 0.711893 0.536533 0.052833 0.046088
2 0.756295 0.546650 0.051709 0.041592
2 0.664119 0.546650 0.058453 0.048336
2 0.622527 0.579249 0.067446 0.064074
2 0.501686 0.542716 0.061826 0.056205
2 0.570256 0.535971 0.043840 0.042716
2 0.543840 0.508993 0.078687 0.040468
2 0.507869 0.444357 0.083183 0.048336
2 0.542154 0.467401 0.052833 0.051709
2 0.475270 0.360612 0.058453 0.033723
2 0.341502 0.311151 0.056205 0.053957
