2 0.208573 0.859786 0.090461 0.098684
2 0.425473 0.905016 0.080181 0.086349
2 0.540090 0.784745 0.072985 0.080181
2 0.609478 0.754420 0.078125 0.093544
2 0.770354 0.627467 0.087377 0.082237
2 0.858244 0.645970 0.080181 0.092516
2 0.668586 0.641859 0.062706 0.074013
2 0.529297 0.664988 0.067845 0.079153
2 0.494860 0.725123 0.064762 0.067845
2 0.322163 0.745683 0.064762 0.069901
2 0.181846 0.949219 0.088405 0.088405
2 0.125822 0.888569 0.085321 0.082237
2 0.063117 0.895251 0.058594 0.062706
2 0.076994 0.817640 0.049342 0.063734
2 0.149465 0.801706 0.046258 0.058594
2 0.221423 0.681435 0.068873 0.058594
2 0.336040 0.657278 0.078125 0.074013
2 0.451686 0.557566 0.064762 0.067845
2 0.465049 0.490234 0.058594 0.054482
2 0.472759 0.379215 0.080181 0.075041
2 0.177734 0.110917 0.080181 0.091488
2 0.035362 0.048725 0.064762 0.082237
2 0.371505 0.358141 0.054482 0.071957
2 0.388980 0.511308 0.052426 0.074013
2 0.195724 0.598684 0.089433 0.071957
2 0.055407 0.609478 0.047286 0.056538
2 0.028166 0.802734 0.050370 0.079153
