1 0.157452 0.526770 0.065559 0.075393
1 0.179851 0.568837 0.075393 0.074301
1 0.221372 0.520214 0.055726 0.053540
1 0.117570 0.560642 0.057911 0.064467
1 0.095717 0.568291 0.055726 0.049170
1 0.153628 0.640953 0.068837 0.056818
1 0.228475 0.692308 0.085227 0.078671
1 0.272181 0.622924 0.063374 0.101617
1 0.341018 0.679196 0.089598 0.089598
2 0.374344 0.627841 0.077579 0.074301
2 0.622924 0.621831 0.061189 0.062281
2 0.841455 0.772618 0.069930 0.077579
2 0.856206 0.731643 0.060096 0.048077
1 0.920673 0.761691 0.053540 0.081949
1 0.933785 0.801573 0.064467 0.067745
1 0.975907 0.407472 0.048186 0.066256
1 0.974213 0.486342 0.038243 0.092876
2 0.677010 0.098995 0.051355 0.045892
