2 0.376911 0.960319 0.082059 0.066322
2 0.970998 0.593300 0.044964 0.085432
2 0.950202 0.530913 0.052833 0.073067
2 0.917603 0.552833 0.066322 0.047212
2 0.921538 0.623089 0.058453 0.070818
2 0.985499 0.718914 0.029002 0.073620
2 0.566322 0.263377 0.078687 0.061826
2 0.547212 0.311151 0.033723 0.042716
2 0.589366 0.306093 0.041592 0.043840
2 0.671425 0.102068 0.061826 0.049460
2 0.734937 0.122302 0.049460 0.062950
2 0.881070 0.121178 0.060701 0.040468
2 0.886129 0.154901 0.043840 0.031475
2 0.902990 0.183004 0.021358 0.024730
2 0.931093 0.155463 0.059577 0.082059
2 0.743930 0.027878 0.071942 0.031475
2 0.679294 0.054294 0.055081 0.030351
2 0.647257 0.029002 0.080935 0.024730
2 0.235274 0.279114 0.043840 0.028103
2 0.223471 0.306655 0.031475 0.042716
2 0.158835 0.270683 0.050585 0.038219
2 0.022819 0.371290 0.037095 0.064074
2 0.063287 0.457846 0.028103 0.046088
2 0.162208 0.430868 0.055081 0.039344
2 0.136915 0.411196 0.031475 0.033723
2 0.150405 0.668615 0.031475 0.035971
2 0.281924 0.973808 0.062950 0.039344
2 0.480890 0.960319 0.096673 0.061826
2 0.564636 0.956947 0.068570 0.077563
2 0.627023 0.805193 0.056205 0.061826
2 0.614658 0.776529 0.065198 0.040468
2 0.569694 0.801821 0.047212 0.041592
2 0.750674 0.955823 0.038219 0.041592
2 0.650629 0.466277 0.071942 0.042716
2 0.071156 0.276304 0.050585 0.049460
