1 0.931108 0.107244 0.095170 0.086648
1 0.919034 0.069602 0.059659 0.082386
1 0.824574 0.132812 0.083807 0.089489
1 0.806108 0.058949 0.069602 0.083807
1 0.754261 0.078835 0.090909 0.106534
1 0.681108 0.062500 0.075284 0.076705
1 0.614347 0.093750 0.086648 0.062500
1 0.563920 0.072443 0.045455 0.079545
1 0.522017 0.056818 0.058239 0.068182
1 0.365057 0.130682 0.088068 0.071023
1 0.303977 0.166193 0.079545 0.071023
1 0.227273 0.382812 0.068182 0.069602
1 0.262074 0.345881 0.066761 0.063920
1 0.352273 0.304688 0.045455 0.055398
1 0.369318 0.367188 0.051136 0.046875
1 0.378551 0.343040 0.061080 0.055398
1 0.397017 0.298295 0.038352 0.051136
1 0.427557 0.330256 0.073864 0.049716
1 0.426136 0.382812 0.073864 0.066761
1 0.488636 0.353693 0.062500 0.059659
1 0.524858 0.313920 0.046875 0.062500
1 0.558239 0.355824 0.059659 0.055398
1 0.705256 0.362926 0.055398 0.055398
1 0.733665 0.340909 0.055398 0.065341
1 0.028409 0.034801 0.056818 0.038352
2 0.090909 0.046165 0.065341 0.063920
2 0.047585 0.094460 0.069602 0.063920
2 0.137074 0.075994 0.055398 0.072443
2 0.188920 0.517756 0.053977 0.044034
2 0.185369 0.553267 0.055398 0.061080
2 0.291193 0.532670 0.053977 0.056818
2 0.275568 0.578125 0.056818 0.048295
2 0.397017 0.573153 0.058239 0.066761
2 0.436080 0.594460 0.045455 0.049716
2 0.708097 0.757102 0.049716 0.048295
2 0.720170 0.790483 0.045455 0.046875
2 0.888494 0.838068 0.100852 0.085227
2 0.693892 0.409091 0.046875 0.068182
