2 0.040483 0.036932 0.035511 0.036932
2 0.007812 0.026160 0.015625 0.044271
2 0.294744 0.014915 0.049716 0.029830
2 0.343040 0.034091 0.046875 0.045455
2 0.393466 0.020597 0.056818 0.038352
2 0.659091 0.124290 0.048295 0.041193
2 0.590199 0.145597 0.055398 0.052557
2 0.633523 0.161222 0.048295 0.046875
2 0.664773 0.178267 0.048295 0.061080
2 0.723011 0.186790 0.034091 0.055398
2 0.718040 0.105114 0.046875 0.053977
2 0.668324 0.080256 0.046875 0.041193
2 0.453835 0.250710 0.038352 0.041193
2 0.482955 0.278409 0.042614 0.039773
2 0.424716 0.292614 0.039773 0.056818
2 0.400568 0.326705 0.031250 0.034091
2 0.443892 0.318892 0.026989 0.046875
2 0.475852 0.313210 0.025568 0.026989
2 0.397727 0.465199 0.034091 0.052557
2 0.437500 0.476562 0.034091 0.044034
2 0.378551 0.517756 0.032670 0.035511
2 0.340199 0.505682 0.024148 0.039773
2 0.316761 0.511364 0.036932 0.048295
1 0.675426 0.553977 0.066761 0.056818
1 0.671165 0.588778 0.046875 0.046875
1 0.618608 0.614347 0.055398 0.069602
1 0.681818 0.634233 0.039773 0.046875
1 0.726562 0.652699 0.038352 0.055398
1 0.638494 0.656250 0.041193 0.068182
1 0.805398 0.607244 0.045455 0.055398
1 0.803977 0.737926 0.051136 0.049716
1 0.819602 0.772017 0.042614 0.052557
1 0.732955 0.779830 0.053977 0.045455
1 0.751420 0.810369 0.048295 0.049716
1 0.789773 0.829545 0.062500 0.051136
1 0.829545 0.869318 0.059659 0.045455
1 0.875710 0.857955 0.049716 0.059659
1 0.925426 0.861506 0.026989 0.049716
1 0.965199 0.859375 0.032670 0.056818
1 0.988636 0.827178 0.022727 0.052083
1 0.988636 0.888447 0.022727 0.043939
1 0.941051 0.894176 0.058239 0.044034
1 0.843750 0.901278 0.042614 0.044034
2 0.892045 0.812500 0.053977 0.056818
2 0.946733 0.801847 0.049716 0.049716
2 0.815341 0.343750 0.039773 0.036932
1 0.906250 0.253551 0.042614 0.049716
1 0.926847 0.220170 0.038352 0.048295
1 0.970170 0.227273 0.042614 0.056818
1 0.933949 0.271307 0.038352 0.045455
1 0.965909 0.300426 0.036932 0.044034
1 0.862926 0.313210 0.044034 0.046875
1 0.865767 0.269176 0.035511 0.049716
2 0.779830 0.351562 0.042614 0.046875
2 0.888494 0.363636 0.038352 0.025568
2 0.902699 0.340199 0.029830 0.041193
2 0.842330 0.399148 0.031250 0.042614
2 0.805398 0.397017 0.048295 0.046875
2 0.882812 0.407670 0.035511 0.045455
2 0.526989 0.504261 0.034091 0.036932
2 0.508523 0.470170 0.031250 0.031250
2 0.068182 0.582386 0.036932 0.051136
2 0.088068 0.560369 0.031250 0.038352
2 0.015625 0.410511 0.025568 0.039773
2 0.027699 0.447443 0.032670 0.039773
2 0.046875 0.388494 0.039773 0.041193
2 0.024858 0.316761 0.041193 0.048295
2 0.031250 0.263494 0.051136 0.052557
2 0.074574 0.785511 0.058239 0.048295
2 0.118608 0.822443 0.049716 0.039773
