2 0.151989 0.956676 0.068182 0.078125
2 0.405540 0.977983 0.112216 0.038352
2 0.404830 0.342330 0.096591 0.088068
2 0.426847 0.408381 0.123580 0.078125
2 0.259233 0.316761 0.092330 0.085227
2 0.210938 0.286932 0.061080 0.053977
2 0.162642 0.336648 0.098011 0.085227
2 0.132102 0.305398 0.088068 0.099432
2 0.178977 0.229403 0.099432 0.092330
2 0.223011 0.212358 0.096591 0.103693
2 0.338778 0.268466 0.112216 0.102273
2 0.318892 0.228693 0.086648 0.090909
2 0.488636 0.299716 0.088068 0.076705
2 0.553977 0.299006 0.065341 0.078125
2 0.511364 0.214489 0.085227 0.071023
2 0.487216 0.082386 0.085227 0.099432
2 0.555398 0.132812 0.071023 0.075284
2 0.578125 0.200994 0.065341 0.100852
2 0.465909 0.165483 0.088068 0.095170
