2 0.194245 0.483138 0.089928 0.069694
2 0.048674 0.721448 0.032599 0.062950
2 0.879946 0.732689 0.047212 0.042716
2 0.643885 0.923786 0.053957 0.058453
2 0.666367 0.882194 0.053957 0.049460
2 0.598921 0.858026 0.031475 0.043840
2 0.521920 0.978305 0.111286 0.034847
2 0.543278 0.271246 0.073067 0.091052
2 0.563512 0.200989 0.055081 0.071942
2 0.667491 0.206610 0.062950 0.076439
2 0.837792 0.447167 0.028103 0.040468
2 0.934465 0.404451 0.032599 0.044964
2 0.249888 0.411196 0.048336 0.044964
2 0.654002 0.675922 0.056205 0.057329
2 0.618031 0.700652 0.024730 0.025854
2 0.620841 0.763040 0.034847 0.060701
2 0.754047 0.691659 0.035971 0.025854
