0 0.774843 0.273494 0.149505 0.219200
0 0.708521 0.109375 0.160746 0.070818
0 0.979879 0.257003 0.040243 0.208701
0 0.759667 0.720324 0.206835 0.188849
0 0.906362 0.684915 0.131520 0.176484
1 0.893435 0.494942 0.170863 0.167491
2 0.918165 0.293165 0.069694 0.096673
2 0.978754 0.106621 0.042491 0.090040
2 0.851844 0.132419 0.053957 0.078687
2 0.909173 0.095324 0.087680 0.092176
2 0.975382 0.029406 0.049236 0.052518
2 0.444357 0.767536 0.097797 0.089928
2 0.349371 0.968750 0.123651 0.060701
1 0.873201 0.944582 0.132644 0.102293
0 0.649016 0.981003 0.165388 0.037995
0 0.054856 0.963692 0.096673 0.070818
