2 0.603588 0.254630 0.055556 0.092593
2 0.656250 0.497685 0.075231 0.092593
1 0.610532 0.567130 0.104167 0.083333
1 0.573495 0.476852 0.067130 0.094907
1 0.498264 0.517940 0.081019 0.068287
1 0.473380 0.439815 0.075231 0.081019
2 0.082176 0.697917 0.075231 0.074074
2 0.082755 0.643519 0.090278 0.057870
2 0.266204 0.711806 0.063657 0.076389
2 0.341435 0.689815 0.068287 0.078704
2 0.321759 0.593171 0.096065 0.082176
2 0.199653 0.724537 0.092593 0.083333
2 0.226273 0.833333 0.104167 0.085648
2 0.299190 0.817130 0.074074 0.078704
2 0.520255 0.697917 0.071759 0.078704
2 0.632507 0.958333 0.085616 0.083333
2 0.504051 0.976273 0.081019 0.047454
2 0.353009 0.927662 0.116898 0.089120
2 0.181071 0.953125 0.104040 0.093750
2 0.231481 0.931713 0.086806 0.083333
2 0.028646 0.927450 0.057292 0.084914
