1 0.632082 0.854654 0.109038 0.111286
1 0.757812 0.832031 0.118750 0.145313
1 0.875781 0.807031 0.092188 0.092188
1 0.710156 0.660937 0.095312 0.100000
1 0.610938 0.689063 0.128125 0.078125
1 0.610938 0.767969 0.162500 0.076563
1 0.257031 0.378125 0.132812 0.137500
1 0.150000 0.467187 0.137500 0.125000
1 0.634375 0.379688 0.078125 0.087500
1 0.696094 0.478125 0.070312 0.075000
1 0.789844 0.457813 0.117188 0.087500
1 0.653906 0.297656 0.135937 0.095312
1 0.648438 0.580469 0.106250 0.079687
1 0.767969 0.632812 0.098437 0.121875
1 0.592187 0.903906 0.168750 0.104688
1 0.928906 0.111719 0.139063 0.114062
