2 0.067854 0.090253 0.048077 0.043706
2 0.105551 0.117024 0.040428 0.040428
2 0.063483 0.159637 0.041521 0.053540
2 0.031250 0.127404 0.051355 0.045892
2 0.032343 0.101180 0.038243 0.041521
2 0.359047 0.097356 0.073208 0.046984
2 0.375437 0.054742 0.053540 0.055726
2 0.429524 0.077142 0.050262 0.059003
2 0.427338 0.035621 0.039336 0.039336
2 0.457933 0.055288 0.041521 0.052448
2 0.294580 0.154720 0.062281 0.054633
2 0.116477 0.303322 0.092876 0.093969
2 0.046001 0.338833 0.045892 0.051355
2 0.148711 0.402207 0.048077 0.053540
2 0.131228 0.436626 0.043706 0.041521
2 0.143247 0.495629 0.061189 0.045892
2 0.178759 0.461211 0.038243 0.040428
2 0.195695 0.429524 0.028409 0.042614
2 0.236670 0.448645 0.049170 0.037150
2 0.221372 0.486342 0.044799 0.046984
2 0.244865 0.424060 0.056818 0.042614
2 0.094078 0.640406 0.052448 0.053540
2 0.137238 0.668816 0.042614 0.046984
2 0.054742 0.739838 0.048077 0.051355
2 0.103365 0.720170 0.044799 0.033872
2 0.104458 0.745848 0.040428 0.048077
2 0.077142 0.823427 0.064467 0.048077
2 0.031796 0.837085 0.043706 0.042614
2 0.053649 0.868772 0.050262 0.046984
2 0.088068 0.905376 0.042614 0.041521
2 0.380354 0.260162 0.061189 0.044799
2 0.304961 0.413134 0.059003 0.053540
2 0.372159 0.420782 0.055726 0.066652
2 0.409309 0.401661 0.060096 0.059003
2 0.367788 0.475962 0.049170 0.069930
2 0.411495 0.456294 0.051355 0.052448
2 0.533872 0.398929 0.046984 0.044799
2 0.479240 0.328453 0.064467 0.069930
2 0.468313 0.433348 0.044799 0.059003
2 0.535511 0.439904 0.063374 0.069930
2 0.558457 0.125765 0.059003 0.060096
2 0.496722 0.120302 0.051355 0.066652
2 0.611451 0.284200 0.057911 0.062281
2 0.666084 0.288024 0.029502 0.048077
2 0.675372 0.225743 0.054633 0.063374
2 0.616368 0.176573 0.052448 0.056818
2 0.651879 0.141062 0.068837 0.077579
2 0.738746 0.180398 0.061189 0.079764
2 0.748033 0.242679 0.055726 0.064467
2 0.739838 0.318073 0.045892 0.051355
2 0.798295 0.318073 0.051355 0.053540
2 0.861670 0.139423 0.049170 0.050262
2 0.875874 0.080420 0.068837 0.065559
2 0.803759 0.032889 0.057911 0.051355
2 0.817963 0.075503 0.049170 0.060096
2 0.978584 0.070039 0.040428 0.053540
2 0.932146 0.141608 0.056818 0.043706
2 0.944165 0.193510 0.085227 0.068837
2 0.874781 0.332823 0.064467 0.048077
2 0.931600 0.355769 0.044799 0.045892
2 0.873689 0.422421 0.075393 0.074301
2 0.950721 0.432802 0.065559 0.068837
2 0.804305 0.451923 0.059003 0.054633
2 0.839816 0.479240 0.038243 0.050262
2 0.971482 0.593422 0.050262 0.055726
2 0.434441 0.672640 0.066652 0.059003
2 0.950721 0.842002 0.078671 0.069930
