2 0.034165 0.758862 0.030317 0.037313
2 0.014925 0.776353 0.026819 0.030317
2 0.016674 0.895872 0.032649 0.043144
2 0.049324 0.901119 0.034981 0.037313
2 0.041161 0.939599 0.051306 0.041978
2 0.131530 0.976912 0.040812 0.039646
2 0.318680 0.875466 0.034981 0.037313
2 0.351329 0.855644 0.025653 0.039646
2 0.381063 0.871968 0.029151 0.041978
2 0.378731 0.618354 0.040812 0.038479
2 0.350746 0.644590 0.031483 0.025653
2 0.370569 0.670243 0.031483 0.030317
2 0.416045 0.627099 0.031483 0.039646
2 0.528568 0.593867 0.032649 0.038479
2 0.453941 0.826493 0.030317 0.039646
2 0.388060 0.833489 0.033815 0.037313
2 0.913363 0.728545 0.044310 0.058302
2 0.659165 0.640508 0.032649 0.036147
2 0.705807 0.636427 0.032649 0.041978
2 0.783932 0.636427 0.037313 0.044310
2 0.963503 0.483675 0.034981 0.032649
2 0.978661 0.523904 0.037313 0.050140
2 0.803172 0.482509 0.033815 0.032649
2 0.871968 0.713386 0.031483 0.044310
2 0.772271 0.705224 0.041978 0.039646
2 0.644007 0.899953 0.032649 0.030317
