0 0.254688 0.450781 0.096875 0.085938
0 0.568750 0.050000 0.159375 0.093750
0 0.528906 0.387500 0.104688 0.084375
0 0.543750 0.817187 0.103125 0.128125
0 0.419531 0.827344 0.126562 0.095312
0 0.794531 0.560156 0.095312 0.107813
0 0.974219 0.422656 0.051562 0.107813
0 0.307812 0.368750 0.109375 0.056250
1 0.392188 0.364063 0.071875 0.059375
1 0.370312 0.454688 0.106250 0.093750
1 0.592187 0.153125 0.071875 0.096875
1 0.958594 0.289844 0.082812 0.114062
1 0.960938 0.906250 0.078125 0.059375
1 0.944531 0.964063 0.101562 0.071875
2 0.245312 0.385937 0.071875 0.043750
