2 0.315647 0.830486 0.130396 0.098921
2 0.190872 0.799573 0.094424 0.066322
1 0.086893 0.893997 0.095549 0.093300
2 0.468525 0.901866 0.107914 0.102293
2 0.476394 0.800697 0.083183 0.077563
2 0.514051 0.785522 0.046088 0.092176
2 0.675922 0.831610 0.075315 0.058453
2 0.953575 0.931093 0.075315 0.088804
2 0.991120 0.864689 0.017761 0.081897
1 0.981003 0.780767 0.037995 0.087164
2 0.398831 0.520234 0.065198 0.067446
2 0.509555 0.532599 0.075315 0.069694
2 0.457284 0.556767 0.060701 0.070818
2 0.434802 0.519110 0.042716 0.051709
2 0.514613 0.592738 0.069694 0.084308
2 0.545526 0.407824 0.127023 0.094424
2 0.615220 0.378597 0.082059 0.065198
2 0.788894 0.313399 0.094424 0.078687
2 0.668615 0.158835 0.085432 0.068570
2 0.335881 0.408386 0.042716 0.068570
2 0.350495 0.474146 0.053957 0.053957
2 0.330823 0.172325 0.068570 0.075315
2 0.460094 0.139726 0.057329 0.048336
2 0.474708 0.090265 0.032599 0.030351
2 0.295414 0.200989 0.056205 0.040468
2 0.312837 0.106565 0.037095 0.038219
2 0.183004 0.130733 0.033723 0.041592
2 0.175697 0.039119 0.048336 0.044964
2 0.899056 0.689973 0.060701 0.065198
2 0.782149 0.704586 0.076439 0.051709
