1 0.031250 0.927557 0.034091 0.045455
1 0.041903 0.975142 0.041193 0.044034
1 0.104403 0.455966 0.038352 0.042614
1 0.092330 0.304688 0.031250 0.046875
1 0.057528 0.338778 0.035511 0.046875
1 0.025568 0.035511 0.028409 0.036932
2 0.228693 0.310369 0.053977 0.058239
2 0.228693 0.224432 0.059659 0.053977
2 0.330966 0.395597 0.059659 0.063920
2 0.477273 0.372159 0.073864 0.059659
2 0.566051 0.392756 0.075284 0.058239
2 0.452415 0.495739 0.075284 0.076705
2 0.718750 0.370028 0.065341 0.072443
2 0.764915 0.485085 0.058239 0.072443
2 0.618608 0.435369 0.052557 0.058239
2 0.481534 0.727983 0.085227 0.075284
2 0.531250 0.748580 0.071023 0.068182
2 0.577415 0.805398 0.092330 0.082386
2 0.361506 0.774148 0.106534 0.090909
2 0.299716 0.718040 0.082386 0.061080
2 0.363636 0.705256 0.065341 0.072443
2 0.318182 0.121449 0.045455 0.044034
2 0.412642 0.095170 0.061080 0.068182
2 0.453835 0.059659 0.044034 0.056818
2 0.443182 0.136364 0.036932 0.048295
2 0.507102 0.142045 0.045455 0.048295
2 0.549716 0.122159 0.039773 0.045455
2 0.670455 0.109375 0.076705 0.085227
2 0.510653 0.097301 0.061080 0.049716
2 0.677557 0.230114 0.088068 0.062500
2 0.534801 0.291193 0.052557 0.051136
2 0.547585 0.328125 0.052557 0.056818
2 0.607244 0.327415 0.075284 0.058239
