2 0.088068 0.179688 0.059659 0.061080
2 0.069602 0.280540 0.045455 0.049716
2 0.306108 0.477983 0.061080 0.052557
2 0.330966 0.524148 0.048295 0.056818
2 0.321023 0.560369 0.062500 0.044034
2 0.071023 0.625000 0.065341 0.051136
2 0.090199 0.578835 0.066761 0.046875
2 0.106534 0.666193 0.059659 0.053977
2 0.030540 0.651989 0.038352 0.053977
2 0.136364 0.792614 0.068182 0.056818
2 0.206676 0.889205 0.052557 0.059659
2 0.399148 0.982955 0.085227 0.034091
2 0.533381 0.930398 0.061080 0.056818
2 0.605114 0.962358 0.079545 0.066761
2 0.554688 0.871449 0.069602 0.046875
2 0.529119 0.793324 0.046875 0.058239
2 0.481534 0.773438 0.048295 0.052557
2 0.443892 0.801136 0.046875 0.065341
2 0.258426 0.985085 0.093556 0.029830
2 0.732244 0.808239 0.046875 0.056818
2 0.770597 0.818182 0.046875 0.048295
2 0.768466 0.860795 0.051136 0.045455
2 0.764205 0.920455 0.045455 0.056818
2 0.664062 0.737216 0.046875 0.045455
2 0.691051 0.695312 0.044034 0.061080
2 0.735795 0.681818 0.045455 0.059659
2 0.757102 0.661222 0.056818 0.052557
2 0.933949 0.660511 0.044034 0.045455
2 0.887784 0.661222 0.036932 0.049716
2 0.982955 0.698352 0.034091 0.058636
2 0.805398 0.512784 0.042614 0.051136
2 0.963778 0.389205 0.049716 0.065341
2 0.889205 0.366477 0.053977 0.053977
2 0.969460 0.319013 0.061080 0.058480
2 0.926847 0.318892 0.044034 0.061080
2 0.812500 0.294744 0.053977 0.049716
2 0.850142 0.313920 0.046875 0.056818
2 0.837358 0.357955 0.046875 0.059659
2 0.791903 0.338068 0.055398 0.053977
2 0.718040 0.319602 0.058239 0.059659
2 0.822443 0.219460 0.042614 0.044034
2 0.852273 0.230114 0.034091 0.045455
2 0.923295 0.049716 0.042614 0.048295
2 0.887784 0.017045 0.048295 0.034091
2 0.944602 0.032670 0.042614 0.045455
2 0.870739 0.043324 0.039773 0.035511
2 0.766335 0.280540 0.049716 0.052557
2 0.724432 0.126420 0.045455 0.062500
2 0.675426 0.119318 0.049716 0.053977
2 0.722301 0.069602 0.069602 0.059659
2 0.649858 0.029119 0.063920 0.058239
2 0.594460 0.047585 0.063920 0.063920
2 0.401278 0.094460 0.075284 0.058239
2 0.416193 0.030540 0.088068 0.058239
2 0.272727 0.036932 0.079545 0.065341
2 0.219460 0.056818 0.049716 0.039773
2 0.286222 0.178977 0.046875 0.042614
2 0.120739 0.392045 0.053977 0.039773
2 0.089489 0.330966 0.051136 0.036932
2 0.639205 0.445312 0.051136 0.055398
2 0.648438 0.411932 0.058239 0.045455
