0 0.168981 0.417824 0.079861 0.076389
0 0.131366 0.307870 0.050926 0.057870
2 0.108218 0.759259 0.067130 0.064815
2 0.184028 0.487269 0.061343 0.057870
0 0.042824 0.791088 0.065972 0.072917
2 0.065394 0.853588 0.057870 0.052083
0 0.071759 0.907407 0.107639 0.053241
0 0.060147 0.957176 0.091358 0.085648
0 0.600116 0.318866 0.099537 0.084491
0 0.623264 0.030671 0.069444 0.054398
0 0.920718 0.510995 0.120370 0.158565
1 0.353009 0.188079 0.059028 0.054398
2 0.689236 0.294560 0.076389 0.049769
2 0.966725 0.395506 0.066551 0.105827
0 0.733218 0.063079 0.060185 0.052083
