1 0.130737 0.104492 0.180664 0.166016
1 0.226563 0.235718 0.172119 0.147705
1 0.208252 0.340698 0.167236 0.135498
1 0.084351 0.378540 0.166016 0.179443
1 0.120361 0.493896 0.162354 0.158691
1 0.033081 0.178955 0.061035 0.114746
1 0.210693 0.053223 0.140381 0.097656
1 0.260132 0.128906 0.102539 0.107422
1 0.508545 0.162476 0.162354 0.142822
1 0.670288 0.185059 0.180664 0.190430
1 0.526245 0.302246 0.173340 0.161133
1 0.565918 0.392578 0.196533 0.153809
1 0.530518 0.508545 0.191650 0.183105
1 0.567749 0.678223 0.200195 0.185547
1 0.420044 0.805786 0.173340 0.181885
1 0.586670 0.797241 0.172119 0.155029
1 0.672729 0.631226 0.117188 0.135498
1 0.606812 0.046509 0.166016 0.086670
