2 0.898065 0.080543 0.040923 0.048363
2 0.942708 0.074963 0.037202 0.055804
2 0.905506 0.141927 0.055804 0.048363
2 0.985305 0.067483 0.029390 0.037124
2 0.823661 0.301897 0.026042 0.048363
2 0.971354 0.423797 0.057292 0.050347
2 0.882254 0.361421 0.046503 0.048363
2 0.948289 0.574405 0.066964 0.057664
2 0.900856 0.650670 0.068824 0.042783
2 0.702753 0.763207 0.052083 0.052083
2 0.609747 0.769717 0.066964 0.050223
2 0.650670 0.750186 0.029762 0.078125
2 0.667411 0.693452 0.044643 0.042783
2 0.812500 0.845982 0.044643 0.039062
2 0.851562 0.854353 0.026042 0.040923
2 0.684152 0.825521 0.048363 0.057664
2 0.709263 0.867374 0.039062 0.033482
2 0.574405 0.807850 0.081845 0.059524
2 0.548363 0.845982 0.059524 0.046503
2 0.611607 0.861793 0.066964 0.059524
2 0.743676 0.771577 0.059524 0.046503
2 0.871094 0.664621 0.035342 0.037202
2 0.380022 0.369792 0.068824 0.042783
2 0.345610 0.390253 0.052083 0.042783
2 0.399554 0.505580 0.033482 0.035342
2 0.735305 0.046131 0.027902 0.035342
2 0.722284 0.210751 0.050223 0.040923
2 0.406064 0.535342 0.065104 0.035342
