1 0.073396 0.437808 0.056538 0.064762
2 0.937397 0.066715 0.069901 0.068873
1 0.780119 0.018400 0.094572 0.031867
1 0.735403 0.068771 0.077097 0.095600
1 0.811986 0.071340 0.076069 0.074013
2 0.728721 0.455798 0.067845 0.051398
2 0.770868 0.407998 0.047286 0.046258
2 0.805304 0.491776 0.077097 0.045230
2 0.704564 0.751850 0.068873 0.063734
1 0.609478 0.889597 0.104852 0.084293
2 0.301604 0.875206 0.056538 0.049342
2 0.544716 0.564248 0.076069 0.048314
2 0.894737 0.456826 0.046258 0.039062
2 0.771896 0.526213 0.061678 0.040090
