2 0.223011 0.708807 0.085227 0.068182
2 0.239347 0.781250 0.078125 0.071023
2 0.117898 0.706676 0.071023 0.058239
2 0.121449 0.774148 0.086648 0.071023
2 0.100852 0.892756 0.076705 0.058239
2 0.132102 0.963778 0.073864 0.055398
2 0.083097 0.968040 0.075284 0.061080
2 0.077415 0.754972 0.089489 0.078125
2 0.062500 0.261364 0.053977 0.048295
2 0.365057 0.249290 0.076705 0.049716
2 0.374290 0.296165 0.066761 0.044034
2 0.438920 0.304688 0.071023 0.049716
2 0.454545 0.232244 0.071023 0.052557
2 0.472301 0.281960 0.061080 0.075284
2 0.410511 0.137784 0.059659 0.045455
2 0.505682 0.198153 0.076705 0.044034
2 0.493608 0.142756 0.066761 0.052557
2 0.464489 0.112926 0.071023 0.075284
2 0.518466 0.108665 0.042614 0.063920
