2 0.060033 0.199013 0.110197 0.125000
2 0.198191 0.279605 0.070724 0.078947
2 0.197368 0.208059 0.049342 0.070724
2 0.021382 0.284539 0.032895 0.105263
2 0.057566 0.443257 0.095395 0.097039
2 0.154605 0.457237 0.105263 0.118421
2 0.057566 0.524671 0.111842 0.098684
2 0.049342 0.666941 0.095395 0.116776
2 0.138980 0.596217 0.113487 0.116776
2 0.213816 0.536184 0.101974 0.111842
2 0.227796 0.628289 0.090461 0.095395
2 0.110197 0.699013 0.092105 0.095395
2 0.446794 0.914871 0.092942 0.086207
2 0.468346 0.965383 0.098330 0.068696
2 0.378098 0.976158 0.076778 0.041756
2 0.615167 0.902748 0.060614 0.059267
2 0.566002 0.935749 0.061961 0.049838
2 0.597656 0.972117 0.052532 0.055226
2 0.746498 0.929014 0.045797 0.047144
2 0.788254 0.945851 0.059267 0.051185
2 0.834725 0.900727 0.057920 0.057920
2 0.835399 0.953260 0.051185 0.060614
2 0.866158 0.976967 0.066907 0.046067
2 0.908136 0.954607 0.056573 0.052532
2 0.951913 0.947872 0.060614 0.060614
2 0.965383 0.839440 0.060614 0.059267
