2 0.703769 0.934923 0.075709 0.066044
2 0.777867 0.890625 0.059601 0.057990
2 0.834246 0.950226 0.062822 0.057990
2 0.770619 0.079575 0.057990 0.056379
2 0.836662 0.061856 0.070876 0.056379
2 0.094878 0.665110 0.091817 0.096649
2 0.061050 0.744845 0.056379 0.072487
2 0.062661 0.831830 0.075709 0.072487
2 0.135148 0.835052 0.082152 0.101482
2 0.055412 0.912371 0.077320 0.072487
2 0.374356 0.944588 0.080541 0.059601
2 0.722294 0.126289 0.070876 0.069265
2 0.692494 0.033666 0.085374 0.057990
0 0.804446 0.138370 0.067655 0.070876
