2 0.342014 0.068287 0.053241 0.050926
2 0.440394 0.147569 0.050926 0.040509
2 0.777778 0.301505 0.054398 0.054398
2 0.831597 0.310185 0.039352 0.062500
2 0.748264 0.344907 0.060185 0.060185
2 0.711227 0.374421 0.081019 0.075231
2 0.706019 0.421296 0.061343 0.037037
2 0.698495 0.480324 0.069444 0.053241
2 0.839120 0.493056 0.040509 0.062500
2 0.898148 0.500000 0.077546 0.069444
2 0.837384 0.379051 0.057870 0.054398
2 0.785880 0.412616 0.059028 0.042824
2 0.971933 0.700839 0.056134 0.072975
2 0.967593 0.801505 0.056713 0.079861
1 0.766782 0.469907 0.057870 0.064815
0 0.608796 0.610532 0.084491 0.079861
0 0.910301 0.412037 0.087963 0.094907
0 0.883102 0.285880 0.082176 0.064815
