1 0.193182 0.295455 0.036932 0.053977
1 0.218750 0.338068 0.048295 0.048295
1 0.536932 0.667614 0.042614 0.048295
1 0.549716 0.946023 0.034091 0.036932
1 0.494318 0.947443 0.042614 0.051136
1 0.430398 0.937500 0.062500 0.048295
1 0.390625 0.961648 0.039773 0.051136
1 0.758523 0.795455 0.059659 0.053977
1 0.708506 0.618481 0.046565 0.036217
1 0.811465 0.571399 0.039321 0.033113
1 0.851304 0.555877 0.032078 0.041391
1 0.896825 0.619048 0.057044 0.042163
1 0.941468 0.512401 0.062004 0.062004
1 0.972594 0.481865 0.054812 0.030694
1 0.981275 0.533302 0.037450 0.039323
1 0.700893 0.743056 0.052083 0.047123
1 0.886905 0.720734 0.047123 0.042163
1 0.945188 0.703373 0.049603 0.037202
1 0.935268 0.743056 0.054563 0.037202
1 0.211062 0.224702 0.049603 0.037202
1 0.712054 0.842262 0.064484 0.037202
1 0.700893 0.783978 0.047123 0.034722
1 0.197421 0.115575 0.047123 0.042163
1 0.216022 0.172619 0.044643 0.037202
1 0.592406 0.040491 0.030242 0.040323
1 0.680612 0.048051 0.038642 0.045363
1 0.812500 0.049731 0.036962 0.045363
1 0.784778 0.063172 0.031922 0.055444
1 0.814180 0.126176 0.036962 0.033602
1 0.619288 0.014449 0.047043 0.021841
1 0.654570 0.029570 0.026882 0.038642
1 0.850302 0.064852 0.031922 0.042003
1 0.885585 0.039651 0.028562 0.052083
