2 0.083333 0.072338 0.075231 0.065972
2 0.152778 0.093171 0.045139 0.061343
2 0.510995 0.256944 0.060185 0.087963
2 0.414352 0.259259 0.084491 0.078704
2 0.423611 0.353009 0.096065 0.097222
2 0.329282 0.910880 0.067130 0.087963
1 0.375579 0.862269 0.060185 0.078704
2 0.388310 0.855903 0.071759 0.082176
2 0.316551 0.827546 0.074074 0.092593
2 0.221065 0.807870 0.070602 0.090278
2 0.282986 0.565394 0.085648 0.096065
2 0.212384 0.562500 0.060185 0.078704
2 0.139468 0.517940 0.057870 0.077546
2 0.188657 0.254051 0.068287 0.052083
2 0.957176 0.890625 0.033565 0.059028
