2 0.125860 0.563073 0.054472 0.061640
2 0.191800 0.586726 0.071674 0.057339
2 0.411124 0.401089 0.054472 0.055906
2 0.488532 0.230505 0.060206 0.073108
2 0.532970 0.184633 0.065940 0.070241
2 0.735092 0.169581 0.065940 0.054472
2 0.739392 0.221904 0.063073 0.047305
2 0.796015 0.561640 0.067374 0.067374
2 0.851204 0.538704 0.057339 0.053039
2 0.909977 0.525086 0.068807 0.054472
2 0.845470 0.591743 0.063073 0.047305
2 0.834002 0.621846 0.060206 0.047305
2 0.902093 0.573825 0.058773 0.057339
2 0.932196 0.588159 0.044438 0.063073
