0 0.826551 0.710769 0.070818 0.095549
0 0.800697 0.603979 0.061826 0.064074
0 0.755733 0.707959 0.064074 0.098921
0 0.914231 0.814186 0.055081 0.077563
0 0.833296 0.816996 0.068570 0.069694
0 0.840603 0.466277 0.044964 0.074191
1 0.865895 0.416817 0.050585 0.038219
1 0.772032 0.470773 0.049460 0.060701
1 0.686601 0.688849 0.060701 0.067446
1 0.945144 0.741682 0.056205 0.035971
1 0.853530 0.375787 0.028103 0.025854
1 0.889501 0.303282 0.021358 0.020234
1 0.892311 0.338692 0.026978 0.019110
1 0.964816 0.378597 0.021358 0.031475
1 0.863647 0.295976 0.034847 0.025854
1 0.882194 0.211106 0.044964 0.035971
1 0.959195 0.135791 0.048336 0.029227
1 0.975495 0.179631 0.038219 0.038219
1 0.918165 0.129047 0.022482 0.022482
1 0.269559 0.049236 0.033723 0.033723
1 0.231902 0.057104 0.028103 0.035971
1 0.268435 0.014388 0.051709 0.017986
1 0.046425 0.892873 0.019110 0.019110
1 0.036308 0.924910 0.025854 0.017986
1 0.069469 0.937837 0.020234 0.023606
1 0.106003 0.936151 0.025854 0.017986
1 0.120616 0.972122 0.023606 0.029227
1 0.085207 0.979991 0.038219 0.020234
1 0.037995 0.968750 0.020234 0.015737
1 0.044739 0.989546 0.029227 0.012365
1 0.398831 0.823179 0.053957 0.032599
1 0.353305 0.885004 0.016862 0.016862
1 0.345436 0.910297 0.023606 0.013489
1 0.317896 0.886129 0.017986 0.025854
1 0.345998 0.849033 0.024730 0.025854
2 0.868705 0.885567 0.069694 0.056205
1 0.099820 0.281362 0.042716 0.037095
1 0.116682 0.189186 0.022482 0.023606
1 0.271808 0.330823 0.022482 0.016862
1 0.245391 0.347684 0.019110 0.025854
