0 0.250874 0.504917 0.033872 0.029502
1 0.432255 0.535511 0.040428 0.036058
0 0.125765 0.506556 0.026224 0.028409
0 0.171110 0.496176 0.031687 0.040428
0 0.189139 0.470498 0.037150 0.032780
0 0.141062 0.474323 0.028409 0.031687
0 0.092985 0.502185 0.028409 0.026224
0 0.164008 0.526770 0.026224 0.020760
0 0.306600 0.528409 0.022946 0.021853
0 0.289117 0.490166 0.029502 0.026224
0 0.318619 0.504371 0.029502 0.030594
0 0.331731 0.467220 0.029502 0.028409
0 0.297312 0.468313 0.034965 0.024038
0 0.367242 0.530594 0.026224 0.019668
0 0.420236 0.562281 0.057911 0.043706
0 0.432255 0.508195 0.042614 0.020760
0 0.870411 0.524038 0.016390 0.024038
0 0.899366 0.544253 0.015297 0.027316
0 0.908654 0.622378 0.042614 0.030594
0 0.951267 0.630026 0.029502 0.019668
0 0.987325 0.649148 0.020760 0.022946
0 0.980223 0.668269 0.026224 0.024038
0 0.935424 0.664445 0.024038 0.033872
0 0.909200 0.662260 0.017483 0.027316
0 0.912478 0.726180 0.030594 0.026224
0 0.943073 0.727273 0.065559 0.030594
0 0.955092 0.737107 0.017483 0.024038
0 0.962194 0.761691 0.027316 0.027316
0 0.368335 0.694493 0.015297 0.015297
0 0.353584 0.668816 0.003278 0.012019
0 0.391827 0.678649 0.018575 0.012019
0 0.373252 0.638767 0.005463 0.019668
0 0.111014 0.694493 0.016390 0.028409
1 0.279283 0.941980 0.040428 0.031687
1 0.233392 0.963833 0.027316 0.031687
1 0.268357 0.969843 0.029502 0.019668
1 0.211538 0.908654 0.036058 0.026224
1 0.127950 0.779720 0.019668 0.017483
1 0.115385 0.740931 0.025131 0.020760
1 0.089707 0.751311 0.017483 0.026224
1 0.062391 0.755682 0.026224 0.021853
1 0.461757 0.825612 0.025131 0.021853
1 0.428977 0.799934 0.036058 0.029502
1 0.409856 0.792286 0.039336 0.020760
1 0.372159 0.791740 0.027316 0.024038
1 0.392920 0.816324 0.025131 0.018575
0 0.429524 0.843094 0.045892 0.024038
0 0.453562 0.868226 0.041521 0.024038
