2 0.229403 0.172585 0.092330 0.066761
2 0.164773 0.138494 0.088068 0.072443
2 0.199574 0.215199 0.078125 0.058239
2 0.125000 0.204545 0.062500 0.059659
2 0.057528 0.252131 0.072443 0.075284
2 0.067472 0.205966 0.075284 0.062500
2 0.104403 0.254261 0.058239 0.062500
2 0.021307 0.264915 0.036932 0.080966
2 0.041193 0.325284 0.053977 0.059659
2 0.195312 0.388494 0.080966 0.069602
2 0.215199 0.428977 0.075284 0.073864
2 0.247869 0.461648 0.078125 0.056818
2 0.294034 0.468750 0.062500 0.102273
2 0.296165 0.417614 0.078125 0.096591
2 0.216619 0.519176 0.061080 0.061080
2 0.068892 0.907670 0.066761 0.073864
2 0.038352 0.967446 0.076705 0.056585
2 0.021307 0.922126 0.042614 0.067680
2 0.752841 0.957386 0.079545 0.062500
2 0.764915 0.883523 0.086648 0.071023
2 0.700284 0.901989 0.082386 0.062500
2 0.692472 0.843040 0.134943 0.058239
2 0.709517 0.815341 0.089489 0.071023
2 0.637784 0.792614 0.059659 0.062500
2 0.632102 0.749290 0.053977 0.049716
2 0.728693 0.509233 0.045455 0.046875
2 0.885653 0.905540 0.066761 0.066761
2 0.074574 0.092330 0.069602 0.062500
