2 0.203125 0.618056 0.085648 0.090278
2 0.139468 0.565972 0.076389 0.076389
2 0.100694 0.529514 0.056713 0.054398
2 0.366898 0.391782 0.065972 0.063657
2 0.572338 0.362847 0.085648 0.079861
2 0.443866 0.462384 0.097222 0.093750
2 0.690394 0.504051 0.071759 0.079861
2 0.670718 0.572338 0.083333 0.091435
2 0.807292 0.618056 0.081019 0.085648
2 0.795139 0.694444 0.089120 0.076389
2 0.869792 0.701968 0.076389 0.082176
2 0.949653 0.750579 0.071759 0.093750
2 0.670139 0.883681 0.072917 0.065972
2 0.413773 0.598380 0.076389 0.067130
2 0.376157 0.175347 0.065972 0.054398
2 0.914931 0.272569 0.060185 0.056713
2 0.959491 0.376157 0.070602 0.071759
2 0.089699 0.252315 0.076389 0.067130
2 0.070602 0.330440 0.079861 0.082176
2 0.030093 0.265046 0.052083 0.053241
2 0.320023 0.734954 0.062500 0.060185
2 0.555556 0.624421 0.086806 0.068287
2 0.520833 0.550926 0.082176 0.067130
2 0.096644 0.968750 0.064815 0.048611
2 0.274306 0.777778 0.045139 0.046296
2 0.029514 0.760417 0.053241 0.064815
