1 0.491007 0.389838 0.080935 0.083183
1 0.438737 0.222347 0.077563 0.087680
2 0.710207 0.235274 0.051709 0.048336
2 0.696156 0.200427 0.055081 0.048336
1 0.852406 0.351057 0.057329 0.052833
1 0.914231 0.382531 0.050585 0.057329
1 0.863085 0.410072 0.053957 0.047212
1 0.942896 0.460094 0.053957 0.048336
1 0.982239 0.449415 0.033723 0.049460
1 0.986174 0.502810 0.025854 0.057329
1 0.922100 0.590490 0.046088 0.050585
1 0.974371 0.590490 0.040468 0.052833
1 0.953575 0.643323 0.046088 0.057329
1 0.986623 0.639164 0.026754 0.053507
1 0.226844 0.408948 0.096673 0.087680
1 0.118368 0.458970 0.088804 0.082059
1 0.183566 0.505058 0.064074 0.059577
1 0.158835 0.577563 0.093300 0.078687
1 0.220099 0.636016 0.078687 0.085432
1 0.143660 0.659622 0.083183 0.087680
1 0.060477 0.618593 0.105665 0.115782
1 0.072280 0.537657 0.104541 0.091052
2 0.502810 0.701776 0.052833 0.050585
2 0.480890 0.580935 0.047212 0.049460
2 0.298224 0.604541 0.066322 0.042716
2 0.277428 0.654564 0.044964 0.066322
