2 0.548898 0.026192 0.059577 0.046088
2 0.609038 0.029002 0.038219 0.049460
2 0.664681 0.037995 0.059577 0.047212
2 0.654564 0.093638 0.075315 0.091052
2 0.556205 0.131857 0.092176 0.046088
2 0.570818 0.164456 0.058453 0.059577
2 0.481452 0.131857 0.055081 0.043840
2 0.523044 0.171763 0.068570 0.060701
2 0.421875 0.155463 0.077563 0.066322
2 0.394335 0.219537 0.040468 0.052833
2 0.442671 0.246515 0.056205 0.070818
2 0.518548 0.234712 0.059577 0.069694
2 0.543840 0.217289 0.053957 0.093300
2 0.627585 0.271246 0.061826 0.073067
2 0.630396 0.330823 0.051709 0.052833
2 0.579811 0.331947 0.053957 0.068570
2 0.217851 0.286421 0.076439 0.051709
2 0.123426 0.324078 0.047212 0.057329
2 0.157149 0.328013 0.056205 0.067446
2 0.143660 0.400517 0.094424 0.070818
2 0.141974 0.474708 0.041592 0.061826
2 0.242019 0.515175 0.048336 0.046088
2 0.185814 0.498876 0.055081 0.060701
2 0.186938 0.588242 0.059577 0.064074
2 0.468525 0.550022 0.067446 0.070818
2 0.704586 0.443795 0.074191 0.074191
2 0.761353 0.403889 0.059577 0.075315
2 0.774281 0.472460 0.067446 0.061826
2 0.712455 0.498876 0.051709 0.040468
2 0.705710 0.546650 0.056205 0.050585
2 0.777091 0.538219 0.050585 0.051709
2 0.379721 0.573629 0.076439 0.059577
2 0.379721 0.614658 0.076439 0.058453
2 0.281924 0.593862 0.087680 0.052833
2 0.311151 0.645571 0.067446 0.061826
2 0.381407 0.691659 0.075315 0.075315
2 0.427496 0.670301 0.061826 0.093300
2 0.261691 0.661308 0.060701 0.064074
2 0.316210 0.850719 0.068570 0.078687
2 0.381969 0.864771 0.065198 0.079811
2 0.361736 0.754047 0.038219 0.058453
2 0.229654 0.857464 0.079811 0.069694
2 0.277990 0.929969 0.077563 0.052833
2 0.222347 0.928282 0.094424 0.069694
2 0.319897 0.977068 0.100676 0.045863
2 0.375440 0.974820 0.067876 0.050360
2 0.343750 0.918165 0.026978 0.040468
2 0.171763 0.962567 0.071942 0.066322
2 0.249020 0.984375 0.084821 0.031250
2 0.294852 0.324078 0.052833 0.055081
2 0.319582 0.521920 0.052833 0.068570
2 0.598921 0.433116 0.056205 0.046088
2 0.645571 0.465715 0.048336 0.077563
2 0.798449 0.365670 0.057329 0.052833
2 0.733251 0.327451 0.037095 0.039344
2 0.890625 0.418503 0.032599 0.066322
2 0.974371 0.679294 0.047212 0.055081
2 0.981115 0.735499 0.020234 0.034847
0 0.367918 0.193683 0.046088 0.095549
