0 0.469649 0.030126 0.060701 0.049460
0 0.479204 0.100382 0.064074 0.050585
0 0.350495 0.099820 0.065198 0.065198
0 0.298786 0.123988 0.047212 0.066322
0 0.034060 0.214478 0.057329 0.101169
0 0.046987 0.312275 0.083183 0.087680
0 0.258880 0.308903 0.066322 0.074191
0 0.342064 0.372415 0.068570 0.088804
0 0.722572 0.288669 0.049460 0.058453
0 0.924348 0.387028 0.070818 0.061826
0 0.856902 0.621403 0.100045 0.083183
0 0.689411 0.631520 0.091052 0.076439
0 0.669177 0.566884 0.082059 0.057329
0 0.962567 0.855216 0.066322 0.080935
0 0.938399 0.940085 0.080935 0.082059
0 0.847347 0.949078 0.087680 0.082059
0 0.305531 0.906362 0.078687 0.086556
0 0.516862 0.565198 0.040468 0.044964
0 0.570256 0.596111 0.041592 0.068570
0 0.497190 0.634330 0.073067 0.073067
0 0.017761 0.667491 0.033723 0.060701
2 0.396583 0.348808 0.042716 0.041592
2 0.286421 0.611848 0.053957 0.043840
2 0.248201 0.680980 0.053957 0.031475
2 0.295414 0.755171 0.067446 0.053957
2 0.312275 0.821493 0.071942 0.051709
2 0.146470 0.893997 0.061826 0.043840
2 0.248763 0.959757 0.066322 0.053957
2 0.732127 0.931093 0.066322 0.052833
2 0.864771 0.851281 0.079811 0.077563
2 0.931093 0.734937 0.050585 0.062950
2 0.816434 0.734937 0.057329 0.060701
2 0.588804 0.849595 0.049460 0.042716
2 0.514613 0.794514 0.042716 0.033723
2 0.468525 0.557329 0.044964 0.040468
2 0.497752 0.520796 0.047212 0.030351
2 0.780463 0.537095 0.052833 0.060701
2 0.775405 0.602293 0.044964 0.053957
2 0.729879 0.736061 0.043840 0.044964
2 0.674798 0.728192 0.050585 0.051709
2 0.769222 0.831610 0.050585 0.060701
2 0.180193 0.936151 0.030351 0.042716
2 0.355553 0.786646 0.043840 0.047212
2 0.787208 0.438737 0.055081 0.057329
2 0.837792 0.462905 0.039344 0.083183
2 0.830486 0.536533 0.031475 0.041592
2 0.876012 0.687163 0.041592 0.055081
2 0.808004 0.695031 0.047212 0.023606
0 0.474146 0.928282 0.056205 0.042716
0 0.550022 0.972122 0.048336 0.029227
0 0.438737 0.806879 0.046088 0.033723
1 0.899618 0.515175 0.068570 0.086556
