2 0.322392 0.130171 0.035971 0.047212
2 0.324078 0.076214 0.039344 0.038219
2 0.299348 0.057666 0.037095 0.041592
2 0.215603 0.108813 0.040468 0.047212
2 0.243705 0.086331 0.031475 0.031475
2 0.239209 0.042491 0.038219 0.035971
2 0.269559 0.113309 0.038219 0.038219
2 0.250450 0.141412 0.042716 0.040468
2 0.202675 0.012702 0.052833 0.021358
2 0.125674 0.013826 0.040468 0.016862
2 0.150967 0.046987 0.034847 0.024730
2 0.068345 0.087455 0.038219 0.040468
2 0.059353 0.058790 0.047212 0.028103
2 0.044739 0.231340 0.033723 0.047212
2 0.180193 0.210544 0.041592 0.041592
2 0.208296 0.240333 0.046088 0.044964
2 0.177383 0.280800 0.040468 0.031475
2 0.117806 0.271246 0.038219 0.039344
2 0.023381 0.458970 0.031475 0.046088
2 0.037433 0.487635 0.032599 0.035971
2 0.016637 0.507869 0.017986 0.038219
2 0.039681 0.530351 0.043840 0.031475
2 0.157149 0.505058 0.035971 0.030351
2 0.179631 0.526978 0.038219 0.031475
2 0.215603 0.555643 0.062950 0.046088
2 0.194807 0.579811 0.041592 0.042716
2 0.659622 0.564074 0.051709 0.044964
2 0.697280 0.533161 0.057329 0.046088
2 0.798449 0.065535 0.048336 0.041592
2 0.831610 0.046987 0.047212 0.042716
2 0.760791 0.046425 0.040468 0.039344
2 0.866457 0.265625 0.038219 0.050585
2 0.949640 0.270683 0.042716 0.047212
2 0.872639 0.331385 0.039344 0.035971
2 0.775405 0.009330 0.040468 0.014613
2 0.787770 0.026192 0.035971 0.037095
2 0.938399 0.402203 0.033723 0.042716
2 0.963692 0.431430 0.034847 0.033723
2 0.935589 0.478080 0.034847 0.055081
2 0.884442 0.475832 0.042716 0.043840
2 0.980553 0.475270 0.028103 0.035971
2 0.980553 0.570818 0.021358 0.040468
2 0.914793 0.613534 0.056205 0.047212
2 0.975382 0.662529 0.049236 0.046281
2 0.950764 0.651754 0.044964 0.049460
2 0.842289 0.774281 0.057329 0.047212
2 0.809128 0.817558 0.040468 0.059577
2 0.862522 0.875450 0.034847 0.047212
2 0.896808 0.848471 0.038219 0.044964
2 0.804069 0.897932 0.039344 0.038219
2 0.858026 0.919852 0.037095 0.059577
2 0.781025 0.863085 0.044964 0.038219
