2 0.116728 0.093750 0.071691 0.071691
2 0.163603 0.172794 0.080882 0.075368
2 0.274816 0.235294 0.079044 0.068015
2 0.395221 0.186581 0.084559 0.069853
2 0.350184 0.257353 0.068015 0.075368
2 0.449449 0.364890 0.053309 0.051471
2 0.465993 0.170956 0.064338 0.056985
2 0.435662 0.138787 0.062500 0.051471
2 0.452206 0.249081 0.055147 0.058824
2 0.020221 0.433824 0.040441 0.060662
2 0.036765 0.783088 0.069853 0.060662
2 0.272059 0.695772 0.069853 0.069853
2 0.399816 0.728860 0.068015 0.066176
2 0.334559 0.672794 0.058824 0.064338
2 0.343750 0.596507 0.066176 0.058824
2 0.230699 0.452206 0.071691 0.042279
2 0.319853 0.125919 0.044118 0.055147
2 0.105699 0.691176 0.090074 0.045956
2 0.498162 0.400735 0.062500 0.042279
2 0.476103 0.703125 0.073529 0.047794
2 0.386029 0.245404 0.066176 0.062500
