2 0.062270 0.186734 0.037531 0.045956
2 0.039675 0.148437 0.035233 0.035233
2 0.022442 0.183670 0.028339 0.035233
2 0.095588 0.142693 0.029105 0.032935
2 0.318474 0.355239 0.035233 0.033701
2 0.335325 0.410386 0.036765 0.036765
2 0.557445 0.303922 0.032169 0.036765
2 0.581955 0.342984 0.030637 0.036765
2 0.777968 0.113049 0.040654 0.044573
2 0.733395 0.117212 0.048491 0.044083
2 0.723109 0.146356 0.039675 0.038695
2 0.751274 0.163009 0.041144 0.030858
2 0.801969 0.097130 0.038695 0.039185
2 0.791438 0.137049 0.049961 0.041634
2 0.786785 0.199745 0.050451 0.034777
2 0.657475 0.169622 0.046532 0.042124
2 0.692986 0.187745 0.041144 0.044083
2 0.716007 0.222277 0.044083 0.036736
2 0.727028 0.195092 0.029879 0.029389
2 0.777478 0.240400 0.040654 0.040654
2 0.852909 0.216399 0.046532 0.044573
2 0.872502 0.239175 0.038695 0.040165
2 0.954056 0.242359 0.043103 0.039675
2 0.593833 0.290633 0.031415 0.036376
2 0.619874 0.311715 0.038029 0.036376
2 0.678571 0.377646 0.037202 0.030175
2 0.682292 0.465071 0.039683 0.039683
2 0.954076 0.322049 0.031829 0.048776
2 0.985822 0.358859 0.028356 0.043858
2 0.945602 0.415881 0.038856 0.044643
2 0.981151 0.431589 0.036376 0.038029
2 0.935061 0.460938 0.045883 0.033896
2 0.532680 0.416769 0.026042 0.026552
2 0.536254 0.446640 0.031148 0.026042
2 0.553871 0.543147 0.055147 0.052594
2 0.597529 0.566891 0.053615 0.050041
2 0.984795 0.580014 0.030410 0.034860
2 0.958249 0.537802 0.031082 0.036122
2 0.746556 0.608787 0.036122 0.035282
2 0.710433 0.590306 0.029402 0.031922
2 0.676831 0.649530 0.041163 0.042843
2 0.685652 0.690692 0.042003 0.041163
2 0.649950 0.706233 0.047883 0.042003
2 0.649950 0.676411 0.034442 0.031082
2 0.678091 0.731015 0.042003 0.037802
2 0.647009 0.770077 0.043683 0.047043
2 0.670111 0.786038 0.041163 0.040323
2 0.735215 0.796119 0.047043 0.052083
2 0.951949 0.672211 0.038642 0.042843
2 0.898606 0.721774 0.032762 0.036122
2 0.821321 0.636089 0.042843 0.041163
2 0.978411 0.714634 0.036122 0.042003
2 0.938088 0.717154 0.036122 0.035282
2 0.508401 0.565104 0.050403 0.053763
2 0.548723 0.593246 0.048723 0.056284
2 0.518481 0.611727 0.048723 0.042843
2 0.497900 0.650370 0.049563 0.059644
2 0.516381 0.695312 0.061324 0.058804
2 0.342070 0.788978 0.053763 0.047883
2 0.360551 0.765877 0.050403 0.043683
2 0.453377 0.820060 0.042843 0.039483
2 0.433216 0.799059 0.046203 0.037802
2 0.364331 0.849042 0.052923 0.055444
2 0.426495 0.878024 0.046203 0.052923
2 0.794439 0.792759 0.032762 0.042003
2 0.400454 0.481519 0.063004 0.049563
2 0.393313 0.534862 0.052083 0.052083
2 0.381132 0.589466 0.039483 0.048723
2 0.285786 0.647429 0.053763 0.055444
2 0.914514 0.591038 0.045196 0.037448
2 0.971978 0.610408 0.043905 0.042614
2 0.775052 0.757619 0.032283 0.034866
