2 0.429744 0.590490 0.082059 0.079811
2 0.330261 0.531475 0.096673 0.078687
2 0.398269 0.467401 0.127023 0.101169
0 0.239209 0.149843 0.121403 0.104541
2 0.225157 0.064411 0.160746 0.088804
2 0.374101 0.129047 0.065198 0.080935
2 0.457284 0.127361 0.058453 0.100045
2 0.759105 0.058790 0.104541 0.104541
2 0.862522 0.084645 0.055081 0.057329
2 0.912545 0.087455 0.069694 0.058453
2 0.927720 0.028440 0.066322 0.043840
0 0.958633 0.655126 0.078687 0.103417
0 0.905238 0.722572 0.097797 0.112410
0 0.894559 0.596111 0.087680 0.075315
2 0.854654 0.645009 0.066322 0.067446
2 0.937837 0.795638 0.088804 0.069694
