2 0.112269 0.322338 0.056713 0.056713
2 0.114005 0.247685 0.043981 0.053241
2 0.196759 0.234954 0.021991 0.032407
2 0.168403 0.246528 0.027778 0.039352
2 0.036458 0.256944 0.034722 0.046296
2 0.098380 0.153356 0.059028 0.035880
2 0.103009 0.107060 0.054398 0.052083
2 0.081019 0.058449 0.042824 0.040509
2 0.127894 0.024306 0.060185 0.046296
2 0.065972 0.020255 0.042824 0.031250
2 0.071181 0.232060 0.043981 0.054398
2 0.037037 0.200810 0.045139 0.047454
2 0.056713 0.309606 0.049769 0.045139
2 0.258681 0.484954 0.064815 0.071759
2 0.076968 0.508102 0.041667 0.057870
2 0.079861 0.588542 0.056713 0.035880
2 0.925347 0.113426 0.050926 0.055556
2 0.858218 0.090278 0.041667 0.050926
2 0.902199 0.061921 0.060185 0.054398
2 0.754630 0.435764 0.056713 0.056713
2 0.659722 0.684028 0.049769 0.046296
2 0.744792 0.481481 0.046296 0.043981
2 0.691551 0.513889 0.050926 0.043981
1 0.841435 0.153356 0.054398 0.063657
1 0.979832 0.239983 0.037211 0.060984
1 0.900463 0.380208 0.047454 0.049769
1 0.924190 0.416088 0.053241 0.040509
1 0.945023 0.343171 0.039352 0.052083
1 0.971644 0.390046 0.048611 0.055556
1 0.953125 0.534144 0.053241 0.063657
1 0.899306 0.535301 0.049769 0.059028
1 0.905671 0.585069 0.055556 0.042824
1 0.925926 0.674190 0.045139 0.054398
1 0.887731 0.712963 0.052083 0.060185
1 0.855324 0.655671 0.049769 0.049769
1 0.971644 0.639468 0.043981 0.054398
1 0.975203 0.590828 0.046470 0.049712
1 0.922454 0.626736 0.054398 0.056713
1 0.819444 0.811921 0.059028 0.056713
1 0.751157 0.873264 0.056713 0.056713
1 0.762153 0.795139 0.055556 0.046296
1 0.729745 0.825231 0.053241 0.046296
1 0.214120 0.720486 0.042824 0.056713
1 0.203704 0.819444 0.047454 0.074074
1 0.241319 0.847801 0.057870 0.049769
1 0.233218 0.901042 0.057870 0.054398
1 0.175926 0.870949 0.052083 0.082176
1 0.035880 0.845486 0.061343 0.059028
1 0.087384 0.852431 0.053241 0.054398
1 0.032407 0.909144 0.056713 0.056713
2 0.145255 0.695023 0.046296 0.045139
2 0.088542 0.668981 0.043981 0.043981
2 0.107060 0.736690 0.046296 0.052083
2 0.019965 0.681110 0.039931 0.052132
2 0.716435 0.681713 0.047454 0.041667
2 0.756366 0.657986 0.041667 0.049769
1 0.814815 0.863426 0.079861 0.060185
2 0.735532 0.362847 0.039352 0.045139
2 0.698495 0.391204 0.041667 0.057870
2 0.656829 0.364583 0.039352 0.041667
1 0.600116 0.455440 0.032407 0.045139
1 0.560764 0.439236 0.046296 0.047454
1 0.549190 0.403356 0.055556 0.049769
1 0.605903 0.405093 0.048611 0.050926
1 0.447338 0.440972 0.039352 0.053241
1 0.413194 0.468750 0.052083 0.055556
1 0.385995 0.338542 0.041667 0.047454
1 0.435764 0.328704 0.048611 0.060185
1 0.427083 0.369213 0.045139 0.041667
1 0.484375 0.211806 0.053241 0.043981
2 0.485532 0.253472 0.055556 0.039352
2 0.529514 0.226852 0.050926 0.048611
2 0.656250 0.229167 0.056713 0.046296
2 0.713542 0.066551 0.046296 0.045139
2 0.691551 0.108796 0.053241 0.053241
1 0.420139 0.229167 0.035880 0.062500
1 0.383102 0.242477 0.042824 0.052083
2 0.758681 0.123264 0.053241 0.045139
2 0.795718 0.078125 0.060185 0.052083
