1 0.878822 0.849033 0.103417 0.102293
1 0.731565 0.745616 0.121403 0.115782
1 0.659060 0.774843 0.104541 0.109038
1 0.661308 0.862522 0.115782 0.118031
1 0.513489 0.910859 0.096673 0.093300
1 0.391524 0.788894 0.165243 0.105665
1 0.231340 0.766412 0.056205 0.060701
1 0.252136 0.724258 0.034847 0.039344
1 0.206610 0.679294 0.047212 0.055081
1 0.107689 0.679856 0.062950 0.065198
2 0.325764 0.678732 0.056205 0.053957
2 0.454474 0.443233 0.037095 0.037095
2 0.461781 0.402203 0.047212 0.047212
2 0.651192 0.254946 0.039344 0.031475
2 0.648381 0.279114 0.033723 0.028103
2 0.655688 0.308903 0.025854 0.026978
