0 0.658498 0.442109 0.107914 0.136016
0 0.745054 0.338692 0.121403 0.109038
0 0.949078 0.571380 0.070818 0.115782
0 0.974933 0.666367 0.043840 0.105665
0 0.190872 0.411196 0.096673 0.083183
0 0.226281 0.328575 0.057329 0.073067
0 0.131857 0.411758 0.048336 0.082059
0 0.084645 0.561263 0.061826 0.055081
0 0.452226 0.288669 0.082059 0.101169
0 0.479204 0.359487 0.055081 0.083183
0 0.247077 0.172887 0.053957 0.051709
2 0.536533 0.246515 0.070818 0.077563
2 0.578687 0.309465 0.119155 0.091052
2 0.602855 0.231902 0.048336 0.082059
2 0.646695 0.262815 0.048336 0.060701
2 0.179069 0.526978 0.039344 0.024730
0 0.416254 0.899056 0.034847 0.029227
0 0.077900 0.214478 0.061826 0.056205
