2 0.834002 0.036267 0.043005 0.045872
2 0.880591 0.055619 0.070241 0.061640
2 0.904960 0.208286 0.061640 0.083142
2 0.803182 0.143779 0.058773 0.051606
2 0.419008 0.535120 0.104644 0.094610
2 0.440510 0.640482 0.098911 0.087443
2 0.532970 0.644782 0.086009 0.127580
2 0.299312 0.583859 0.117546 0.100344
2 0.236955 0.530103 0.113245 0.101778
2 0.170298 0.411841 0.071674 0.071674
2 0.087873 0.403956 0.070241 0.075975
2 0.069954 0.489966 0.083142 0.090310
2 0.064937 0.851204 0.118979 0.098911
2 0.068521 0.973767 0.100344 0.045872
2 0.231938 0.808916 0.080275 0.060206
2 0.601778 0.952982 0.063073 0.067374
