1 0.473145 0.036947 0.105794 0.068359
1 0.444661 0.109375 0.081380 0.089518
1 0.485352 0.140299 0.071615 0.079753
1 0.514648 0.216797 0.113932 0.099284
1 0.388509 0.290039 0.092773 0.069987
1 0.099609 0.199707 0.107422 0.104167
1 0.049805 0.284798 0.099609 0.119531
2 0.193197 0.360840 0.079753 0.065104
1 0.313639 0.684733 0.092773 0.104167
1 0.406413 0.666016 0.096029 0.096029
1 0.458496 0.741699 0.112305 0.117188
1 0.478027 0.805176 0.109049 0.117188
1 0.046712 0.810872 0.092773 0.102539
2 0.840983 0.823893 0.069987 0.069987
