1 0.270577 0.244718 0.104533 0.124340
1 0.083517 0.166593 0.119938 0.115537
1 0.089569 0.259573 0.118838 0.125440
1 0.041703 0.301937 0.071523 0.097931
1 0.106074 0.348702 0.092430 0.094630
1 0.163292 0.338798 0.077025 0.114437
1 0.199054 0.297535 0.100132 0.122139
1 0.168244 0.216659 0.084727 0.116637
1 0.037302 0.141285 0.062720 0.126540
1 0.049956 0.401518 0.085827 0.092430
1 0.139635 0.415273 0.117738 0.104533
1 0.283781 0.344300 0.106734 0.129842
1 0.302487 0.153939 0.119938 0.118838
1 0.247469 0.173195 0.108935 0.115537
