2 0.476357 0.520559 0.103824 0.106908
2 0.555510 0.464021 0.107936 0.111020
2 0.433697 0.556538 0.117188 0.125411
2 0.581209 0.578125 0.114104 0.113076
2 0.492804 0.636205 0.112048 0.091488
2 0.590461 0.668072 0.095600 0.089433
2 0.654194 0.480983 0.085321 0.087377
2 0.690687 0.398232 0.113076 0.092516
2 0.737973 0.490748 0.088405 0.096628
2 0.785773 0.578125 0.116160 0.113076
2 0.900905 0.586349 0.105880 0.119243
2 0.919922 0.469161 0.078125 0.082237
2 0.842311 0.472245 0.066817 0.069901
2 0.804790 0.405428 0.111020 0.071957
2 0.772924 0.340666 0.102796 0.067845
2 0.793997 0.255345 0.089433 0.098684
2 0.644942 0.259971 0.122327 0.103824
2 0.655736 0.160259 0.096628 0.087377
2 0.721012 0.219881 0.079153 0.079153
2 0.824322 0.072882 0.088405 0.095600
2 0.949219 0.036390 0.060650 0.069901
2 0.962531 0.113457 0.074938 0.092456
2 0.658306 0.091900 0.103824 0.067845
1 0.222965 0.681435 0.084293 0.075041
1 0.050267 0.693257 0.067845 0.076069
1 0.148951 0.698396 0.078125 0.076069
1 0.101665 0.808388 0.069901 0.074013
1 0.176192 0.776521 0.066817 0.059622
1 0.132504 0.588919 0.074013 0.066817
1 0.071854 0.595600 0.051398 0.059622
1 0.207545 0.538549 0.065789 0.066817
1 0.148437 0.496402 0.066817 0.068873
1 0.063631 0.537007 0.069901 0.049342
1 0.131990 0.431127 0.085321 0.063734
1 0.248664 0.409539 0.078125 0.063734
1 0.257401 0.476871 0.070929 0.056538
1 0.325247 0.509766 0.058594 0.079153
