2 0.602865 0.559896 0.065104 0.054688
2 0.411458 0.738281 0.057292 0.070312
2 0.548828 0.927083 0.063802 0.049479
2 0.877604 0.701823 0.028646 0.057292
2 0.716797 0.054688 0.089844 0.070312
2 0.667969 0.093099 0.083333 0.087240
2 0.589844 0.044922 0.075521 0.069010
2 0.563151 0.097656 0.071615 0.062500
2 0.360026 0.286458 0.055990 0.065104
2 0.252604 0.248047 0.057292 0.048177
2 0.309896 0.235026 0.062500 0.061198
2 0.294271 0.326823 0.039062 0.046875
2 0.393880 0.594401 0.048177 0.050781
2 0.344401 0.604818 0.058594 0.040365
2 0.316406 0.588542 0.052083 0.057292
2 0.791667 0.786458 0.057292 0.052083
2 0.605469 0.913411 0.057292 0.053385
2 0.598307 0.970052 0.048177 0.049479
2 0.554036 0.972005 0.053385 0.045573
2 0.434896 0.941406 0.036458 0.046875
2 0.225911 0.804036 0.042969 0.045573
2 0.559245 0.661458 0.037760 0.046875
2 0.926432 0.708333 0.045573 0.046875
2 0.929688 0.673177 0.041667 0.044271
2 0.860677 0.842448 0.049479 0.049479
2 0.829427 0.867188 0.049479 0.057292
2 0.682292 0.494141 0.041667 0.053385
2 0.632161 0.440104 0.055990 0.028646
2 0.432292 0.030599 0.078125 0.058594
2 0.858073 0.060547 0.057292 0.069010
