2 0.638176 0.413713 0.086287 0.076959
2 0.732043 0.427122 0.085121 0.092118
2 0.399137 0.139692 0.062966 0.072295
2 0.485424 0.463270 0.100280 0.101446
2 0.477845 0.551889 0.078125 0.073461
2 0.780434 0.498834 0.088619 0.086287
2 0.832323 0.509328 0.057136 0.076959
2 0.819496 0.613106 0.103778 0.093284
2 0.944846 0.603195 0.102612 0.101446
2 0.964669 0.720382 0.062966 0.090951
2 0.885378 0.727962 0.083955 0.087453
2 0.941348 0.849813 0.107276 0.107276
2 0.952425 0.965252 0.087453 0.065299
2 0.880714 0.933769 0.074627 0.093284
2 0.630597 0.624184 0.092118 0.099114
2 0.545476 0.597365 0.073461 0.066465
2 0.487757 0.619520 0.076959 0.066465
2 0.499417 0.671992 0.062966 0.052472
2 0.091301 0.566465 0.058302 0.060634
2 0.042327 0.539646 0.060634 0.058302
2 0.050490 0.616021 0.060634 0.050140
2 0.318680 0.192164 0.058302 0.055970
2 0.330340 0.095965 0.065299 0.052472
2 0.695896 0.030084 0.066465 0.058302
2 0.642840 0.507579 0.072295 0.064132
2 0.621269 0.567048 0.082789 0.057136
2 0.159515 0.842234 0.059468 0.061800
2 0.167677 0.789762 0.047808 0.045476
