1 0.403889 0.471897 0.046088 0.033723
1 0.443795 0.502248 0.038219 0.031475
1 0.400517 0.521358 0.032599 0.042716
1 0.358925 0.534847 0.037095 0.038219
1 0.331947 0.514051 0.037095 0.043840
1 0.571942 0.489883 0.035971 0.040468
1 0.587118 0.525292 0.041592 0.046088
1 0.526978 0.566322 0.035971 0.035971
1 0.517424 0.608476 0.048336 0.052833
1 0.473584 0.628710 0.037095 0.048336
1 0.494942 0.583746 0.046088 0.046088
1 0.331947 0.584308 0.041592 0.038219
1 0.289231 0.587680 0.046088 0.033723
1 0.363984 0.653440 0.058453 0.052833
1 0.322392 0.669177 0.053957 0.046088
1 0.270121 0.670301 0.034847 0.066322
1 0.299348 0.723696 0.028103 0.029227
1 0.342626 0.721448 0.040468 0.038219
1 0.382531 0.743368 0.039344 0.025854
1 0.435926 0.724820 0.031475 0.020234
1 0.533161 0.700652 0.028103 0.039344
1 0.588242 0.643323 0.032599 0.032599
1 0.619155 0.702900 0.038219 0.019110
1 0.612410 0.737185 0.047212 0.065198
1 0.392648 0.818683 0.039344 0.023606
1 0.362298 0.843413 0.043840 0.034847
1 0.335881 0.842851 0.040468 0.035971
1 0.751799 0.679294 0.035971 0.032599
1 0.650067 0.808004 0.034847 0.029227
