1 0.948055 0.305981 0.057947 0.052773
2 0.970142 0.375066 0.056591 0.060563
2 0.643833 0.102132 0.060017 0.052773
2 0.582781 0.111445 0.070364 0.050704
2 0.659354 0.242343 0.078642 0.072434
2 0.800600 0.459644 0.054843 0.055877
2 0.759727 0.422392 0.055877 0.037252
2 0.750931 0.477235 0.061051 0.057947
2 0.150766 0.659872 0.083816 0.056912
2 0.235617 0.679015 0.077608 0.082781
2 0.095406 0.666598 0.078642 0.060017
2 0.111962 0.594164 0.091060 0.064156
2 0.313742 0.957368 0.078642 0.072434
2 0.041080 0.879760 0.061051 0.068295
2 0.177152 0.820261 0.078642 0.069329
2 0.562603 0.221130 0.069329 0.069329
1 0.617964 0.174048 0.088990 0.060017
1 0.690397 0.468440 0.055877 0.065190
1 0.540873 0.386175 0.094164 0.082781
1 0.454470 0.419805 0.101407 0.079677
1 0.426014 0.273903 0.077608 0.102442
1 0.518626 0.279594 0.099338 0.105546
1 0.621585 0.520695 0.052773 0.060017
1 0.563121 0.708506 0.091060 0.102442
1 0.578642 0.813017 0.086921 0.090025
1 0.492239 0.759727 0.090025 0.097268
1 0.481374 0.859582 0.091060 0.073469
1 0.344785 0.837334 0.111755 0.088990
1 0.393419 0.661424 0.084851 0.086921
1 0.320468 0.736962 0.081747 0.088990
1 0.403767 0.758692 0.076573 0.099338
1 0.078332 0.424979 0.123137 0.121068
1 0.171461 0.367550 0.100373 0.097268
1 0.195778 0.968750 0.109685 0.057947
1 0.290977 0.913907 0.082781 0.060017
2 0.236134 0.684189 0.074503 0.074503
2 0.075228 0.521730 0.114859 0.066225
2 0.634002 0.596751 0.075538 0.050704
1 0.631416 0.466887 0.045530 0.049669
1 0.675393 0.522248 0.048634 0.048634
2 0.560017 0.552256 0.060017 0.058982
1 0.471026 0.576573 0.076573 0.072434
