1 0.096525 0.097553 0.100740 0.093544
0 0.187500 0.073910 0.114104 0.103824
0 0.171053 0.317537 0.126439 0.087377
2 0.286184 0.334498 0.089433 0.076069
0 0.267681 0.150493 0.107936 0.104852
2 0.363795 0.137644 0.086349 0.068873
2 0.349404 0.305715 0.074013 0.065789
2 0.473273 0.264597 0.107936 0.057566
2 0.501542 0.354030 0.078125 0.076069
2 0.549342 0.412109 0.091488 0.064762
1 0.630037 0.528783 0.119243 0.106908
0 0.424445 0.470189 0.137747 0.131579
0 0.405428 0.576069 0.114104 0.115132
0 0.530839 0.064659 0.165502 0.124383
1 0.822780 0.057977 0.091488 0.076069
0 0.484067 0.606908 0.092516 0.098684
0 0.676809 0.048211 0.107936 0.095600
2 0.749280 0.055407 0.065789 0.093544
1 0.457340 0.322677 0.088405 0.075041
0 0.527755 0.468647 0.085321 0.077097
0 0.036904 0.156147 0.063734 0.112048
2 0.268709 0.044100 0.087377 0.075041
