1 0.650735 0.366728 0.132353 0.132353
1 0.758272 0.387868 0.101103 0.126838
1 0.795956 0.443934 0.102941 0.102941
1 0.659926 0.428309 0.102941 0.090074
1 0.638787 0.217831 0.119485 0.132353
1 0.725184 0.278493 0.101103 0.099265
1 0.572610 0.170956 0.082721 0.097426
1 0.711397 0.144301 0.125000 0.117647
1 0.704044 0.041360 0.117647 0.073529
1 0.181066 0.058824 0.101103 0.093750
1 0.215993 0.024816 0.123162 0.044118
1 0.053309 0.343750 0.102941 0.130515
1 0.058824 0.440257 0.102941 0.117647
1 0.139706 0.406250 0.102941 0.112132
1 0.212316 0.405331 0.086397 0.102941
1 0.308824 0.402574 0.095588 0.097426
1 0.145221 0.517463 0.117647 0.102941
1 0.203125 0.488051 0.086397 0.088235
1 0.316176 0.517463 0.099265 0.110294
1 0.192096 0.650735 0.104779 0.093750
1 0.297794 0.619485 0.084559 0.082721
1 0.272978 0.712316 0.123162 0.121324
1 0.339154 0.647059 0.082721 0.115809
1 0.525735 0.719669 0.128676 0.102941
1 0.453125 0.795956 0.115809 0.112132
1 0.524816 0.889706 0.130515 0.123162
1 0.631434 0.798713 0.137868 0.136029
1 0.616728 0.712316 0.112132 0.125000
1 0.744485 0.773897 0.106618 0.101103
1 0.784007 0.729779 0.126838 0.108456
1 0.808824 0.814338 0.102941 0.104779
1 0.774816 0.864890 0.130515 0.106618
1 0.716912 0.920037 0.125000 0.117647
1 0.613971 0.908088 0.091912 0.097426
