2 0.858796 0.050926 0.068287 0.062500
2 0.896412 0.074653 0.027778 0.031250
2 0.825810 0.227431 0.060185 0.068287
2 0.868056 0.273727 0.059028 0.056713
0 0.903356 0.315394 0.050926 0.061343
2 0.902778 0.317130 0.056713 0.062500
2 0.906250 0.239583 0.047454 0.053241
2 0.881366 0.350694 0.055556 0.069444
2 0.948495 0.302662 0.034722 0.056713
2 0.964120 0.261574 0.047454 0.032407
2 0.822917 0.379051 0.038194 0.077546
2 0.769676 0.295718 0.047454 0.063657
2 0.813079 0.309028 0.027778 0.062500
2 0.751157 0.372106 0.049769 0.045139
2 0.697917 0.333333 0.079861 0.064815
2 0.634838 0.364005 0.062500 0.070602
2 0.701389 0.421875 0.054398 0.082176
2 0.662616 0.289352 0.090278 0.060185
2 0.723958 0.646991 0.053241 0.037037
2 0.739005 0.673032 0.034722 0.026620
2 0.782407 0.697338 0.061343 0.052083
2 0.741319 0.748264 0.050926 0.056713
2 0.787037 0.763310 0.049769 0.045139
2 0.936343 0.908565 0.054398 0.067130
