2 0.413194 0.506366 0.052083 0.054398
2 0.280671 0.614583 0.032407 0.053241
2 0.291088 0.925347 0.062500 0.056713
2 0.330440 0.763310 0.043981 0.045139
2 0.370949 0.813079 0.053241 0.042824
2 0.386574 0.767940 0.052083 0.063657
2 0.373843 0.707755 0.049769 0.061343
2 0.427083 0.682870 0.052083 0.064815
2 0.478009 0.740741 0.056713 0.069444
2 0.550347 0.763310 0.039352 0.054398
2 0.613426 0.806713 0.059028 0.055556
2 0.589699 0.834491 0.053241 0.050926
2 0.624421 0.864005 0.048611 0.049769
2 0.573495 0.892361 0.053241 0.046296
2 0.518519 0.852431 0.059028 0.040509
2 0.531829 0.817708 0.037037 0.052083
2 0.470486 0.800347 0.057870 0.070602
2 0.946759 0.216435 0.059028 0.062500
2 0.906250 0.230324 0.042824 0.050926
2 0.927083 0.277199 0.038194 0.040509
2 0.843750 0.294560 0.052083 0.061343
2 0.878472 0.271412 0.035880 0.049769
2 0.910880 0.325231 0.040509 0.055556
2 0.982350 0.361789 0.035301 0.043023
2 0.961806 0.399884 0.052083 0.042824
2 0.917824 0.410880 0.038194 0.060185
2 0.872106 0.423032 0.053241 0.061343
2 0.904514 0.960648 0.062500 0.064815
2 0.844329 0.965278 0.064815 0.053241
