2 0.609375 0.639974 0.080729 0.082031
2 0.568359 0.697917 0.097656 0.096354
2 0.225260 0.729167 0.072917 0.088542
2 0.583984 0.330729 0.097656 0.101562
2 0.517578 0.240885 0.082031 0.091146
2 0.799479 0.624349 0.098958 0.092448
2 0.746094 0.701823 0.083333 0.093750
2 0.679688 0.723958 0.109375 0.083333
2 0.942708 0.638672 0.067708 0.089844
2 0.921875 0.763672 0.067708 0.069010
2 0.953125 0.826172 0.083333 0.100260
2 0.708333 0.604167 0.091146 0.083333
2 0.427083 0.227214 0.114583 0.095052
2 0.361328 0.363932 0.102865 0.082031
2 0.376302 0.437500 0.080729 0.072917
2 0.425130 0.494792 0.069010 0.075521
2 0.699219 0.371745 0.106771 0.089844
2 0.735026 0.285807 0.097656 0.082031
2 0.527344 0.087240 0.085938 0.065104
2 0.289063 0.049479 0.093750 0.088542
2 0.179688 0.067057 0.088542 0.076823
