2 0.185958 0.646998 0.065789 0.078125
2 0.072882 0.473273 0.080181 0.082237
2 0.044613 0.367393 0.072985 0.082237
2 0.099609 0.420333 0.061678 0.068873
2 0.244552 0.461965 0.078125 0.082237
2 0.245580 0.390522 0.051398 0.058594
2 0.309313 0.413137 0.076069 0.083265
2 0.362253 0.345806 0.079153 0.080181
2 0.165913 0.148437 0.089433 0.078125
2 0.074424 0.126336 0.083265 0.101768
2 0.249178 0.050267 0.114104 0.095600
2 0.380243 0.244552 0.059622 0.050370
2 0.485609 0.699938 0.085321 0.081209
2 0.691715 0.728207 0.063734 0.065789
2 0.680921 0.805818 0.070929 0.075041
2 0.752878 0.826891 0.066817 0.086349
2 0.783203 0.741571 0.076069 0.088405
2 0.524671 0.585835 0.075041 0.079153
2 0.814556 0.075966 0.068873 0.081209
2 0.896279 0.037932 0.088405 0.070929
2 0.739515 0.215769 0.060650 0.052426
2 0.714844 0.287726 0.066817 0.070929
2 0.747738 0.356086 0.075041 0.057566
2 0.564762 0.067229 0.052426 0.071957
2 0.630551 0.060547 0.068873 0.083265
2 0.646484 0.291324 0.061678 0.071957
2 0.473787 0.761102 0.078125 0.057566
2 0.961040 0.364309 0.067845 0.078125
2 0.519017 0.654194 0.076069 0.078125
1 0.441406 0.168997 0.070929 0.078125
2 0.948705 0.430613 0.061678 0.064762
