2 0.279035 0.694146 0.055970 0.061800
2 0.254548 0.757696 0.053638 0.067631
2 0.294776 0.835821 0.052472 0.048974
2 0.321595 0.740788 0.054804 0.047808
2 0.350746 0.803172 0.057136 0.065299
2 0.400886 0.781600 0.045476 0.068797
2 0.452192 0.782183 0.047808 0.051306
2 0.430037 0.713969 0.052472 0.054804
2 0.430620 0.657416 0.039646 0.046642
2 0.446362 0.815998 0.045476 0.039646
2 0.864972 0.031250 0.045476 0.044310
2 0.730294 0.465602 0.037313 0.038479
2 0.699977 0.457439 0.034981 0.050140
2 0.760028 0.433535 0.033815 0.046642
2 0.832906 0.511077 0.044310 0.057136
2 0.747201 0.919776 0.050140 0.062966
2 0.638759 0.885378 0.036147 0.033815
2 0.674907 0.896455 0.024487 0.023321
2 0.699394 0.878382 0.033815 0.038479
2 0.686567 0.941931 0.038479 0.041978
2 0.766441 0.871968 0.034981 0.030317
2 0.708139 0.810751 0.034981 0.038479
2 0.920942 0.491255 0.038479 0.052472
2 0.769356 0.123951 0.033815 0.043144
2 0.726213 0.960588 0.054804 0.034981
