0 0.146810 0.203234 0.201823 0.220269
0 0.383355 0.207031 0.167101 0.173611
2 0.475043 0.093641 0.107422 0.113932
2 0.611762 0.305773 0.118273 0.101997
2 0.840169 0.173394 0.143229 0.167101
2 0.723524 0.201063 0.120443 0.144314
2 0.657335 0.459852 0.176866 0.158420
0 0.116428 0.609592 0.225694 0.208333
0 0.263455 0.760959 0.228950 0.233290
2 0.063260 0.763129 0.125868 0.146484
2 0.185330 0.931858 0.124783 0.062934
0 0.213542 0.389323 0.198568 0.188802
2 0.594944 0.241753 0.106337 0.071615
2 0.438151 0.637804 0.113932 0.095486
2 0.558051 0.715929 0.097656 0.071615
0 0.934028 0.505425 0.118273 0.119358
0 0.492405 0.220052 0.096571 0.141059
