2 0.149843 0.607352 0.097797 0.075315
2 0.190310 0.684915 0.122527 0.111286
2 0.049798 0.948516 0.052833 0.044964
2 0.106565 0.954699 0.103417 0.077563
2 0.053732 0.979429 0.089928 0.039344
2 0.431250 0.912500 0.084375 0.081250
2 0.865625 0.938281 0.112500 0.095312
2 0.790625 0.964844 0.087500 0.051562
2 0.261719 0.485938 0.076563 0.093750
2 0.396875 0.042188 0.103125 0.078125
0 0.504687 0.038281 0.156250 0.070312
0 0.282813 0.301563 0.134375 0.125000
2 0.223438 0.210938 0.109375 0.075000
2 0.182031 0.221875 0.092188 0.053125
2 0.200781 0.301563 0.114062 0.096875
2 0.421094 0.327344 0.095312 0.085938
2 0.942187 0.337500 0.087500 0.096875
2 0.653125 0.416406 0.109375 0.076563
2 0.800000 0.618750 0.087500 0.096875
2 0.841406 0.540625 0.067187 0.078125
2 0.885938 0.501563 0.090625 0.084375
2 0.819531 0.779687 0.098437 0.087500
2 0.914844 0.773438 0.082812 0.087500
2 0.860156 0.740625 0.085938 0.075000
2 0.679688 0.796875 0.109375 0.078125
2 0.637500 0.832812 0.071875 0.050000
2 0.775781 0.839063 0.082812 0.068750
2 0.442188 0.506250 0.093750 0.103125
2 0.328125 0.424219 0.087500 0.067187
2 0.367188 0.458594 0.100000 0.076563
0 0.332813 0.532031 0.109375 0.095312
0 0.532813 0.552344 0.106250 0.110937
0 0.554688 0.435937 0.093750 0.103125
0 0.832031 0.421875 0.092188 0.134375
0 0.950000 0.583966 0.100000 0.152308
0 0.952344 0.694650 0.095312 0.092424
0 0.830469 0.683594 0.095312 0.085938
0 0.732812 0.580469 0.090625 0.082812
2 0.757812 0.533594 0.075000 0.045312
2 0.782813 0.496875 0.068750 0.062500
2 0.656250 0.905469 0.087500 0.085938
0 0.410938 0.384375 0.115625 0.081250
2 0.464844 0.447656 0.067187 0.054688
0 0.871875 0.247656 0.109375 0.101562
2 0.425781 0.178125 0.082812 0.090625
0 0.977344 0.465602 0.045312 0.099954
