2 0.605097 0.040551 0.083705 0.068824
2 0.208891 0.516741 0.076265 0.079985
2 0.269345 0.562314 0.052083 0.055804
2 0.220052 0.631138 0.079985 0.048363
2 0.911086 0.448847 0.085565 0.093006
2 0.978795 0.501687 0.042411 0.083359
2 0.479539 0.646949 0.055804 0.053943
2 0.451637 0.686942 0.063244 0.048363
2 0.646019 0.615327 0.046503 0.053943
2 0.622768 0.632999 0.066964 0.063244
2 0.679501 0.651600 0.061384 0.037202
2 0.806920 0.595796 0.074405 0.055804
2 0.857143 0.564174 0.078125 0.066964
2 0.920387 0.549293 0.044643 0.074405
2 0.967820 0.609747 0.053943 0.057664
2 0.045201 0.861793 0.053943 0.044643
2 0.043341 0.916667 0.072545 0.050223
2 0.544643 0.759487 0.044643 0.059524
2 0.608817 0.712984 0.057664 0.026042
