2 0.180060 0.058222 0.063244 0.052083
1 0.652530 0.705543 0.074405 0.089286
1 0.624628 0.775298 0.070685 0.076265
1 0.691592 0.793899 0.070685 0.065104
1 0.759487 0.828311 0.068824 0.066964
1 0.777158 0.873884 0.115327 0.079985
1 0.737165 0.898065 0.068824 0.053943
1 0.659040 0.864583 0.072545 0.068824
1 0.667411 0.949219 0.037202 0.029762
1 0.711124 0.929688 0.065104 0.046503
1 0.317708 0.933408 0.081845 0.061384
1 0.273065 0.889695 0.063244 0.048363
1 0.229353 0.925037 0.068824 0.052083
2 0.282366 0.799479 0.063244 0.057664
2 0.326079 0.807850 0.057664 0.052083
2 0.834821 0.554874 0.048363 0.052083
2 0.872024 0.832031 0.059524 0.052083
2 0.819010 0.819940 0.050223 0.050223
2 0.540923 0.662760 0.040923 0.055804
2 0.485119 0.618118 0.059524 0.044643
2 0.859003 0.486049 0.078125 0.055804
2 0.920387 0.550223 0.059524 0.053943
2 0.956659 0.518601 0.072545 0.065104
2 0.933408 0.472098 0.085565 0.050223
2 0.078683 0.053571 0.068824 0.035342
1 0.071243 0.113095 0.076265 0.057664
2 0.029390 0.069382 0.044643 0.037202
2 0.048921 0.022879 0.061384 0.040923
2 0.177269 0.969680 0.061384 0.048363
2 0.420945 0.978051 0.050223 0.027902
2 0.674851 0.535342 0.066964 0.046503
2 0.145647 0.087054 0.039062 0.050223
2 0.134487 0.134487 0.035342 0.048363
