2 0.281558 0.143812 0.047286 0.060650
2 0.299548 0.263569 0.068873 0.071957
2 0.358655 0.272821 0.043174 0.067845
2 0.433697 0.257915 0.061678 0.056538
2 0.393606 0.222965 0.039063 0.044202
2 0.414165 0.120683 0.049342 0.053454
2 0.355058 0.121711 0.056538 0.071957
2 0.431127 0.162829 0.035979 0.032895
2 0.364823 0.383326 0.045230 0.040090
2 0.369449 0.524157 0.068873 0.068873
2 0.372533 0.467105 0.060650 0.051398
2 0.207031 0.907586 0.066817 0.070929
2 0.221423 0.828947 0.083265 0.067845
2 0.173623 0.826377 0.051398 0.072985
2 0.216797 0.779605 0.078125 0.049342
2 0.283100 0.767270 0.081209 0.074013
2 0.280016 0.891139 0.062706 0.070929
2 0.295950 0.830489 0.055510 0.056538
2 0.346320 0.875206 0.043174 0.078125
2 0.379215 0.805304 0.063734 0.069901
2 0.411081 0.874692 0.074013 0.083265
2 0.430099 0.943565 0.072985 0.060650
2 0.456826 0.827919 0.064762 0.076069
2 0.504112 0.862356 0.052426 0.083265
2 0.965615 0.633003 0.068771 0.076861
