2 0.530900 0.134445 0.058302 0.038479
2 0.839902 0.129198 0.058302 0.062966
2 0.845149 0.251049 0.078125 0.082789
2 0.786847 0.319846 0.066465 0.068797
2 0.648088 0.389809 0.066465 0.066465
2 0.579291 0.382229 0.071129 0.074627
2 0.683069 0.436451 0.052472 0.043144
2 0.738456 0.450443 0.055970 0.045476
2 0.802589 0.507579 0.048974 0.071129
2 0.749534 0.505247 0.057136 0.045476
2 0.746035 0.563549 0.066465 0.071129
2 0.691231 0.564715 0.052472 0.054804
2 0.661497 0.610774 0.072295 0.076959
2 0.634095 0.502915 0.064132 0.061800
2 0.691231 0.490672 0.047808 0.060634
2 0.588619 0.505247 0.052472 0.075793
2 0.673741 0.680737 0.052472 0.060634
2 0.548974 0.867887 0.059468 0.068797
2 0.498834 0.853895 0.050140 0.071129
2 0.609025 0.832323 0.046642 0.062966
2 0.550140 0.815415 0.073461 0.052472
