1 0.506996 0.235891 0.060634 0.064132
1 0.946012 0.321012 0.078125 0.078125
1 0.881880 0.490089 0.078125 0.085121
1 0.966686 0.450391 0.063503 0.073357
1 0.350746 0.070896 0.065299 0.067631
1 0.392141 0.104711 0.061800 0.067631
1 0.413130 0.641091 0.075793 0.083955
1 0.223064 0.419543 0.087453 0.076959
1 0.116371 0.927938 0.093284 0.123601
1 0.179338 0.930854 0.093284 0.106110
1 0.653335 0.905784 0.059468 0.067631
1 0.713386 0.904618 0.072295 0.081623
1 0.719216 0.970499 0.076959 0.043144
1 0.199743 0.139109 0.061800 0.085121
