2 0.572917 0.089120 0.056713 0.046296
2 0.668981 0.026620 0.042824 0.046296
2 0.707755 0.054977 0.062500 0.052083
2 0.501157 0.509838 0.035880 0.031250
2 0.542245 0.524884 0.041667 0.049769
2 0.603588 0.513310 0.030093 0.040509
2 0.577546 0.575231 0.035880 0.041667
2 0.390625 0.575231 0.034722 0.032407
2 0.250000 0.658565 0.059028 0.062500
2 0.322917 0.714699 0.052083 0.056713
2 0.368056 0.749421 0.056713 0.054398
2 0.203704 0.739005 0.047454 0.059028
2 0.245949 0.728009 0.053241 0.060185
2 0.172454 0.776620 0.059028 0.053241
2 0.148148 0.931134 0.065972 0.063657
2 0.205440 0.942130 0.069444 0.064815
2 0.272569 0.960648 0.055556 0.067130
2 0.796296 0.911458 0.063657 0.054398
2 0.792245 0.857060 0.046296 0.049769
2 0.873264 0.808449 0.069444 0.059028
2 0.828125 0.857639 0.048611 0.053241
2 0.818287 0.756944 0.056713 0.064815
2 0.787616 0.800347 0.060185 0.049769
2 0.752315 0.825810 0.035880 0.061343
2 0.719907 0.824074 0.068287 0.060185
2 0.701389 0.758681 0.052083 0.063657
2 0.648148 0.785301 0.042824 0.054398
2 0.127035 0.982639 0.086246 0.034722
