0 0.784044 0.935120 0.143833 0.108651
0 0.949964 0.900386 0.096947 0.092990
0 0.848200 0.718853 0.110720 0.121068
0 0.665046 0.699193 0.079677 0.087955
0 0.502070 0.818191 0.095199 0.104512
0 0.450849 0.868895 0.100373 0.092094
0 0.431188 0.955815 0.125207 0.075538
0 0.189570 0.878208 0.095199 0.085886
0 0.177670 0.647454 0.094164 0.104512
0 0.345820 0.502587 0.115894 0.129346
0 0.160079 0.358754 0.087955 0.096233
0 0.114031 0.195778 0.109685 0.105546
0 0.251656 0.242343 0.066225 0.072434
0 0.088680 0.612790 0.090025 0.138659
0 0.054015 0.061258 0.078642 0.078642
2 0.105753 0.091784 0.070364 0.065190
2 0.272351 0.343233 0.057947 0.063121
2 0.314776 0.308568 0.068295 0.060017
2 0.169909 0.459644 0.082781 0.078642
2 0.933568 0.444640 0.070364 0.071399
2 0.921668 0.219060 0.067260 0.075538
2 0.951159 0.567777 0.076573 0.081747
2 0.816639 0.516556 0.068295 0.055877
2 0.833713 0.588473 0.096233 0.081747
2 0.683154 0.599338 0.066225 0.055877
2 0.757657 0.658837 0.072434 0.075538
2 0.527939 0.597268 0.091060 0.068295
2 0.474648 0.516556 0.090025 0.091060
2 0.406353 0.695571 0.079677 0.074503
2 0.693502 0.801118 0.078642 0.093129
2 0.742136 0.758175 0.060017 0.069329
1 0.033320 0.585886 0.060017 0.074503
1 0.270799 0.602442 0.087955 0.080712
1 0.057119 0.865791 0.076573 0.098303
1 0.020385 0.890625 0.032078 0.073469
1 0.101614 0.857512 0.064156 0.087955
1 0.034354 0.963576 0.064156 0.064156
1 0.158009 0.962541 0.079677 0.064156
1 0.240791 0.962541 0.075538 0.068295
1 0.326159 0.854408 0.086921 0.073469
1 0.364963 0.787666 0.058982 0.062086
1 0.329781 0.931498 0.075538 0.074503
