1 0.915933 0.064811 0.050616 0.046215
1 0.921985 0.100572 0.056118 0.038512
1 0.962148 0.158891 0.039613 0.047315
1 0.962148 0.054908 0.039613 0.048415
1 0.659001 0.099472 0.047315 0.042914
1 0.530260 0.143486 0.051717 0.040713
1 0.566021 0.170995 0.028609 0.038512
1 0.497799 0.156690 0.048415 0.040713
1 0.513204 0.207857 0.057218 0.039613
1 0.641395 0.327245 0.049516 0.051717
1 0.645246 0.282130 0.061620 0.047315
1 0.614437 0.248019 0.046215 0.038512
1 0.568772 0.277729 0.045114 0.034111
1 0.579776 0.341549 0.049516 0.042914
1 0.596281 0.311290 0.049516 0.046215
1 0.602883 0.281030 0.064921 0.049516
1 0.559969 0.325594 0.038512 0.035211
1 0.552267 0.362456 0.042914 0.049516
1 0.584727 0.383363 0.046215 0.040713
1 0.663952 0.358605 0.055018 0.035211
1 0.742077 0.278279 0.059419 0.046215
1 0.722271 0.366857 0.063820 0.042914
1 0.691461 0.390515 0.068222 0.059419
1 0.678807 0.320092 0.040713 0.052817
1 0.679908 0.210057 0.067121 0.068222
1 0.629291 0.211158 0.067121 0.050616
1 0.581976 0.218310 0.053917 0.045114
1 0.558319 0.233715 0.055018 0.045114
1 0.523107 0.290933 0.066021 0.064921
1 0.484045 0.249670 0.049516 0.035211
1 0.477993 0.286532 0.044014 0.040713
1 0.618838 0.153389 0.044014 0.049516
1 0.628191 0.126430 0.051717 0.041813
1 0.373460 0.057108 0.052817 0.055018
1 0.172095 0.086268 0.057218 0.038512
1 0.173195 0.119828 0.063820 0.033011
1 0.158341 0.166593 0.051717 0.040713
1 0.208407 0.190801 0.074824 0.036312
1 0.209507 0.219960 0.052817 0.030810
1 0.475792 0.533011 0.044014 0.047315
1 0.542914 0.563820 0.063820 0.049516
1 0.524208 0.465339 0.088028 0.046215
1 0.427927 0.536862 0.049516 0.048415
1 0.273327 0.531910 0.057218 0.040713
1 0.267276 0.488446 0.091329 0.066021
1 0.111576 0.257372 0.048415 0.037412
1 0.176496 0.254071 0.041813 0.037412
1 0.158341 0.217760 0.062720 0.044014
1 0.082416 0.270026 0.049516 0.042914
1 0.087368 0.318992 0.066021 0.041813
1 0.144036 0.318992 0.047315 0.055018
1 0.060409 0.952795 0.067121 0.068222
1 0.068662 0.964349 0.044014 0.038512
1 0.030150 0.971501 0.048415 0.048415
