0 0.250450 0.138602 0.083183 0.088804
0 0.289231 0.229654 0.104541 0.075315
0 0.450540 0.116120 0.170863 0.124775
1 0.359487 0.175697 0.098921 0.095549
2 0.410072 0.079024 0.044964 0.068570
2 0.633768 0.041367 0.080935 0.062950
2 0.950764 0.137478 0.065198 0.075315
2 0.931093 0.236960 0.079811 0.058453
2 0.907487 0.296538 0.084308 0.074191
2 0.638264 0.415130 0.067446 0.070818
2 0.564074 0.391524 0.040468 0.039344
2 0.519672 0.401641 0.043840 0.048336
2 0.565760 0.456722 0.048336 0.046088
2 0.874888 0.053732 0.055081 0.051709
2 0.666929 0.117244 0.052833 0.070818
2 0.579811 0.062163 0.062950 0.097797
