2 0.551562 0.692187 0.082812 0.081250
2 0.648438 0.692969 0.079687 0.089063
2 0.557031 0.771094 0.096875 0.073438
2 0.092969 0.540625 0.059375 0.040625
2 0.200781 0.499219 0.053125 0.060937
2 0.750000 0.905469 0.073438 0.064062
2 0.884375 0.953906 0.082812 0.051562
0 0.829688 0.857031 0.104688 0.079687
0 0.530469 0.958594 0.084375 0.054688
0 0.463281 0.969531 0.093750 0.051562
0 0.553906 0.925000 0.075000 0.053125
1 0.835938 0.984375 0.107813 0.028125
0 0.947656 0.876563 0.037500 0.043750
2 0.928125 0.840625 0.039062 0.037500
0 0.025781 0.942187 0.050000 0.093750
0 0.039062 0.544531 0.057813 0.054688
