0 0.693934 0.396140 0.075368 0.073529
0 0.763787 0.350184 0.064338 0.062500
0 0.124081 0.208640 0.060662 0.062500
0 0.394301 0.258272 0.053309 0.062500
0 0.321691 0.720588 0.080882 0.082721
0 0.490809 0.926471 0.095588 0.075368
0 0.614890 0.894301 0.079044 0.058824
0 0.911765 0.508272 0.062500 0.069853
0 0.977022 0.976103 0.045956 0.038603
2 0.463235 0.858456 0.078125 0.075827
2 0.524127 0.859605 0.071232 0.073529
2 0.528722 0.811351 0.062040 0.059743
2 0.650506 0.802160 0.057445 0.059743
2 0.071461 0.174862 0.048254 0.050551
2 0.056526 0.223116 0.055147 0.050551
2 0.449449 0.285156 0.050551 0.050551
2 0.228860 0.179458 0.041360 0.041360
2 0.437960 0.241498 0.041360 0.050551
2 0.278170 0.978056 0.048068 0.043888
2 0.073759 0.459789 0.048254 0.045956
2 0.917050 0.340303 0.043658 0.045956
