2 0.738095 0.040551 0.070685 0.068824
2 0.927827 0.090774 0.063244 0.050223
2 0.955729 0.165179 0.085565 0.094866
2 0.541853 0.313988 0.053943 0.057664
2 0.514881 0.374442 0.074405 0.070685
2 0.471168 0.420945 0.046503 0.040923
2 0.612537 0.430246 0.053943 0.040923
2 0.645089 0.367932 0.037202 0.053943
2 0.693452 0.328869 0.063244 0.050223
2 0.662760 0.279576 0.046503 0.074405
1 0.844122 0.288876 0.055804 0.074405
1 0.919457 0.270275 0.046503 0.063244
1 0.968564 0.322140 0.062872 0.073967
1 0.885975 0.353051 0.094866 0.076265
1 0.938058 0.399554 0.072545 0.053943
1 0.795759 0.320499 0.089286 0.044643
2 0.860863 0.196801 0.048363 0.053943
1 0.907366 0.167039 0.040923 0.061384
2 0.910156 0.446057 0.053943 0.042783
2 0.891555 0.473028 0.068824 0.070685
2 0.518601 0.928757 0.059524 0.048363
2 0.957589 0.891555 0.063244 0.037202
2 0.935268 0.941778 0.089286 0.055804
