1 0.193934 0.106618 0.086397 0.086397
1 0.276654 0.099265 0.071691 0.075368
1 0.312500 0.170956 0.084559 0.079044
1 0.231618 0.202206 0.091912 0.079044
1 0.166360 0.229779 0.101103 0.079044
1 0.124081 0.293199 0.082721 0.084559
1 0.034926 0.244485 0.062500 0.079044
1 0.059743 0.161765 0.086397 0.082721
2 0.173713 0.029412 0.090074 0.053309
1 0.578125 0.313419 0.064338 0.051471
2 0.523897 0.227941 0.073529 0.056985
1 0.652574 0.336397 0.062500 0.064338
1 0.161765 0.579044 0.080882 0.093750
1 0.052390 0.626838 0.086397 0.071691
1 0.055147 0.696691 0.091912 0.082721
1 0.042279 0.548713 0.069853 0.073529
1 0.087316 0.581801 0.075368 0.069853
1 0.125919 0.640625 0.082721 0.073529
2 0.777574 0.042279 0.073529 0.056985
2 0.817096 0.088235 0.031250 0.068015
