0 0.700893 0.094494 0.083705 0.072545
0 0.891555 0.063802 0.063244 0.085565
0 0.945499 0.071243 0.078125 0.055804
0 0.238653 0.806920 0.111607 0.091146
0 0.518601 0.882254 0.091146 0.074405
0 0.549293 0.920387 0.055804 0.068824
0 0.170759 0.431176 0.076265 0.076265
2 0.662760 0.155878 0.089286 0.079985
2 0.601376 0.709263 0.063244 0.040923
2 0.166109 0.791109 0.063244 0.063244
2 0.600446 0.879464 0.046503 0.083705
2 0.827381 0.826451 0.050223 0.059524
2 0.768787 0.914807 0.059524 0.053943
2 0.826451 0.885045 0.063244 0.053943
2 0.735305 0.946429 0.052083 0.042783
2 0.811570 0.933408 0.037202 0.027902
2 0.605097 0.978981 0.059524 0.040923
2 0.650670 0.970610 0.050223 0.039062
