2 0.056320 0.330924 0.073461 0.067631
2 0.125700 0.357160 0.081623 0.075793
2 0.080807 0.389226 0.064132 0.060634
2 0.350163 0.416045 0.061800 0.065299
2 0.186917 0.294193 0.064132 0.052472
2 0.244053 0.311684 0.047808 0.054804
2 0.081390 0.248134 0.062966 0.062966
2 0.123951 0.291861 0.061800 0.061800
2 0.419543 0.393307 0.058302 0.059468
2 0.522155 0.471432 0.055970 0.066465
2 0.432952 0.606693 0.047808 0.064132
2 0.476679 0.590951 0.046642 0.048974
2 0.391558 0.579291 0.053638 0.053638
2 0.086054 0.033582 0.051306 0.048974
2 0.210821 0.242304 0.048974 0.053638
2 0.069729 0.186917 0.053638 0.064132
2 0.020756 0.190415 0.039646 0.068797
2 0.256880 0.644007 0.045476 0.050140
2 0.475513 0.853312 0.055970 0.046642
2 0.510494 0.840485 0.048974 0.053638
2 0.511660 0.429454 0.058302 0.064132
2 0.406133 0.447528 0.061800 0.067631
2 0.157183 0.876632 0.058302 0.051306
