2 0.874883 0.395056 0.072295 0.065299
2 0.877799 0.360658 0.073461 0.057136
2 0.815415 0.395639 0.065299 0.073461
2 0.842234 0.461521 0.072295 0.069963
2 0.887710 0.500583 0.069963 0.054804
2 0.591535 0.423041 0.051306 0.051306
2 0.523321 0.455107 0.052472 0.050140
2 0.516908 0.421875 0.060634 0.046642
2 0.561800 0.387477 0.038479 0.038479
2 0.473181 0.359492 0.045476 0.040812
2 0.544893 0.335005 0.039646 0.031483
2 0.509328 0.319846 0.038479 0.033815
2 0.519823 0.285448 0.047808 0.046642
2 0.484258 0.312267 0.039646 0.037313
2 0.299440 0.220149 0.073461 0.072295
2 0.226562 0.200326 0.081623 0.065299
2 0.177589 0.246968 0.067631 0.062966
2 0.096549 0.257463 0.082789 0.076959
2 0.130364 0.209655 0.071129 0.058302
2 0.178755 0.147271 0.079291 0.064132
2 0.109958 0.168260 0.069963 0.054804
2 0.239972 0.118703 0.080457 0.060634
2 0.225979 0.072062 0.078125 0.060634
2 0.306437 0.057486 0.073461 0.064132
2 0.330924 0.019590 0.082789 0.037313
2 0.244053 0.027169 0.083955 0.047808
2 0.761194 0.376399 0.036147 0.037313
2 0.049907 0.391558 0.045476 0.044310
2 0.039995 0.441115 0.053638 0.047808
2 0.076143 0.484841 0.051306 0.051306
2 0.147854 0.469683 0.045476 0.039646
2 0.156600 0.516908 0.039646 0.033815
2 0.086637 0.540812 0.044310 0.041978
2 0.020756 0.189249 0.036147 0.068797
2 0.496502 0.920359 0.036147 0.038479
2 0.483675 0.867304 0.047808 0.041978
2 0.181670 0.581040 0.038479 0.036147
2 0.161847 0.586287 0.036147 0.030317
2 0.128032 0.536147 0.038479 0.034981
2 0.568797 0.789762 0.047808 0.045476
2 0.451609 0.758279 0.027985 0.031483
2 0.657416 0.576959 0.052472 0.041978
2 0.599114 0.069729 0.047808 0.046642
2 0.589785 0.123368 0.061800 0.046642
2 0.417211 0.786264 0.029151 0.029151
