1 0.026654 0.111213 0.042279 0.080882
0 0.023897 0.034007 0.044118 0.066176
2 0.058824 0.096507 0.051471 0.088235
1 0.715074 0.131434 0.172794 0.169118
1 0.705882 0.329044 0.194853 0.211397
1 0.538603 0.657169 0.165441 0.180147
1 0.783088 0.533088 0.205882 0.185662
1 0.353860 0.676471 0.200368 0.185662
1 0.232537 0.456801 0.145221 0.180147
0 0.339154 0.825368 0.134191 0.108456
1 0.554228 0.222426 0.126838 0.141544
0 0.635110 0.545037 0.115809 0.139706
2 0.822610 0.760110 0.064338 0.051471
2 0.836397 0.697610 0.055147 0.051471
2 0.202206 0.198529 0.051471 0.049632
2 0.156250 0.185662 0.044118 0.034926
0 0.154412 0.132353 0.062500 0.064338
2 0.068934 0.249081 0.042279 0.040441
2 0.104779 0.278493 0.055147 0.047794
1 0.883272 0.900735 0.068015 0.079044
0 0.960478 0.957221 0.079044 0.067016
2 0.465074 0.425551 0.044118 0.051471
2 0.433824 0.324449 0.047794 0.051471
0 0.270221 0.077206 0.047794 0.060662
0 0.482537 0.560662 0.053309 0.060662
1 0.408088 0.560662 0.047794 0.045956
1 0.052390 0.684743 0.079044 0.073529
1 0.073529 0.479779 0.139706 0.189338
