2 0.941772 0.131295 0.044964 0.038219
2 0.925472 0.084083 0.028103 0.040468
2 0.858026 0.069469 0.030351 0.035971
2 0.836668 0.097572 0.037095 0.040468
2 0.866457 0.106003 0.035971 0.039344
2 0.892873 0.098134 0.028103 0.039344
2 0.797325 0.219537 0.043840 0.043840
2 0.220099 0.390400 0.035971 0.030351
2 0.212792 0.422437 0.030351 0.040468
2 0.244829 0.419065 0.035971 0.035971
2 0.262253 0.391524 0.032599 0.039344
2 0.278552 0.435926 0.047212 0.031475
2 0.371290 0.428058 0.025854 0.042716
2 0.325202 0.379721 0.030351 0.031475
2 0.335881 0.448291 0.038219 0.033723
2 0.371853 0.383094 0.038219 0.049460
2 0.400517 0.425247 0.034847 0.021358
2 0.052046 0.234712 0.041592 0.029227
2 0.020009 0.262815 0.033723 0.038219
2 0.063849 0.267311 0.038219 0.029227
2 0.060477 0.022257 0.038219 0.033723
2 0.015513 0.061601 0.026978 0.031475
2 0.030688 0.028440 0.032599 0.025854
2 0.042491 0.057666 0.022482 0.025854
2 0.296538 0.088017 0.024730 0.034847
2 0.251574 0.075090 0.026978 0.024730
2 0.415692 0.019447 0.038219 0.034847
2 0.474146 0.172887 0.029227 0.031475
2 0.746178 0.316772 0.035971 0.038219
2 0.865333 0.344312 0.044964 0.034847
2 0.828799 0.333633 0.023606 0.035971
2 0.796763 0.332509 0.033723 0.042716
2 0.807442 0.294852 0.030351 0.032599
2 0.791142 0.253822 0.042716 0.031475
2 0.734937 0.252136 0.033723 0.037095
2 0.766974 0.269559 0.028103 0.035971
2 0.842851 0.295976 0.026978 0.028103
2 0.845099 0.428620 0.042716 0.043840
2 0.477518 0.389838 0.026978 0.029227
2 0.453912 0.357239 0.033723 0.024730
2 0.420751 0.351619 0.028103 0.022482
2 0.392648 0.343750 0.046088 0.029227
2 0.765288 0.802945 0.053957 0.030351
2 0.729317 0.850157 0.031475 0.048336
2 0.778215 0.866457 0.032599 0.033723
2 0.949078 0.823179 0.037095 0.039344
2 0.851281 0.937275 0.039344 0.026978
2 0.549460 0.845099 0.038219 0.033723
2 0.457284 0.807442 0.035971 0.025854
2 0.447729 0.754047 0.028103 0.026978
2 0.493255 0.735499 0.042716 0.034847
2 0.465153 0.715827 0.033723 0.031475
2 0.483138 0.703462 0.049460 0.035971
2 0.956947 0.924348 0.043840 0.028103
2 0.954137 0.951326 0.031475 0.023606
2 0.985499 0.736236 0.029002 0.040817
2 0.858588 0.474146 0.029227 0.026978
2 0.614096 0.277990 0.025854 0.023606
2 0.646695 0.245391 0.037095 0.034847
2 0.664119 0.276304 0.026978 0.040468
