2 0.335588 0.077892 0.078125 0.062966
2 0.319846 0.150187 0.055970 0.053638
2 0.339086 0.196245 0.052472 0.040812
2 0.383396 0.142024 0.066465 0.053638
2 0.409049 0.298857 0.078125 0.071129
2 0.424790 0.353661 0.067631 0.059468
2 0.502332 0.328008 0.073461 0.073461
2 0.345499 0.032999 0.079291 0.054804
2 0.417211 0.080807 0.068797 0.057136
2 0.428871 0.130364 0.029151 0.030317
2 0.483092 0.164179 0.060634 0.074627
2 0.515742 0.186334 0.051306 0.065299
2 0.473764 0.249883 0.069963 0.057136
2 0.399720 0.221315 0.061800 0.062966
2 0.430037 0.189832 0.066465 0.060634
2 0.443447 0.051073 0.062966 0.065299
2 0.513410 0.236474 0.041978 0.041978
2 0.567048 0.252799 0.051306 0.062966
2 0.553638 0.303521 0.045476 0.054804
2 0.554221 0.354244 0.051306 0.055970
2 0.700560 0.100630 0.047808 0.061800
0 0.774604 0.137360 0.051306 0.058302
