0 0.197452 0.661724 0.081608 0.076632
0 0.670681 0.618432 0.078623 0.085589
0 0.741342 0.676154 0.072651 0.097532
1 0.040705 0.095939 0.062699 0.065685
1 0.101911 0.098428 0.051752 0.060709
1 0.310410 0.305932 0.072651 0.073646
1 0.695064 0.540307 0.053742 0.044785
1 0.816979 0.609475 0.050756 0.055732
1 0.770701 0.590565 0.035828 0.077627
1 0.837381 0.523885 0.045780 0.073646
1 0.898089 0.353702 0.053742 0.061704
0 0.929936 0.440784 0.053742 0.086584
0 0.402966 0.809017 0.066680 0.054737
2 0.681131 0.952329 0.103503 0.084594
