2 0.098722 0.487571 0.039062 0.051491
2 0.078303 0.473366 0.033736 0.030185
2 0.072088 0.514205 0.042614 0.037287
2 0.023260 0.470703 0.026634 0.024858
2 0.016158 0.492898 0.023082 0.019531
2 0.224787 0.528409 0.053267 0.044389
2 0.252308 0.508878 0.030185 0.033736
2 0.326882 0.519531 0.044389 0.044389
2 0.594105 0.595881 0.021307 0.033736
2 0.628729 0.598544 0.037287 0.042614
2 0.637607 0.610085 0.015980 0.033736
2 0.201705 0.891513 0.035511 0.021307
2 0.236328 0.896839 0.012429 0.031960
2 0.143111 0.474254 0.024858 0.039062
2 0.116477 0.466264 0.035511 0.030185
2 0.795632 0.574574 0.030185 0.047940
2 0.925249 0.816939 0.026634 0.024858
2 0.934126 0.849787 0.023082 0.012429
1 0.875533 0.817827 0.044389 0.040838
1 0.847124 0.851562 0.019531 0.023082
1 0.871094 0.882635 0.024858 0.031960
1 0.906605 0.881747 0.028409 0.047940
1 0.929688 0.878196 0.021307 0.033736
1 0.856001 0.916371 0.040838 0.039062
1 0.889737 0.925249 0.023082 0.028409
1 0.894176 0.961648 0.024858 0.015980
1 0.910866 0.985707 0.029830 0.028587
1 0.936790 0.949219 0.039062 0.051491
1 0.586115 0.951882 0.047940 0.031960
1 0.560369 0.944780 0.042614 0.046165
1 0.536399 0.899503 0.033736 0.051491
1 0.513317 0.896839 0.040838 0.031960
1 0.515092 0.919034 0.058594 0.047940
1 0.598544 0.887074 0.072798 0.015980
1 0.632280 0.879084 0.044389 0.028409
1 0.622514 0.851562 0.031960 0.047940
1 0.571911 0.828480 0.030185 0.030185
1 0.242543 0.937678 0.042614 0.028409
1 0.298473 0.932351 0.030185 0.035511
1 0.312678 0.969638 0.037287 0.042614
1 0.353516 0.973189 0.030185 0.042614
1 0.380149 0.973189 0.026634 0.035511
1 0.401456 0.982955 0.023082 0.026634
1 0.028587 0.680220 0.019531 0.042614
1 0.015270 0.672230 0.028409 0.033736
1 0.755682 0.588778 0.024858 0.062145
1 0.762784 0.656250 0.035511 0.033736
1 0.800959 0.650923 0.033736 0.037287
1 0.729936 0.666016 0.058594 0.024858
1 0.761009 0.683771 0.035511 0.031960
1 0.788530 0.684659 0.026634 0.037287
1 0.800959 0.519531 0.030185 0.030185
1 0.813388 0.549716 0.037287 0.026634
1 0.771662 0.541726 0.042614 0.035511
1 0.731712 0.618075 0.037287 0.046165
1 0.707741 0.612749 0.049716 0.028409
1 0.705966 0.638494 0.039062 0.030185
1 0.633168 0.492898 0.024858 0.015980
1 0.642933 0.473366 0.033736 0.033736
1 0.617188 0.481357 0.028409 0.035511
1 0.389915 0.519531 0.017756 0.026634
1 0.417436 0.511541 0.033736 0.021307
1 0.373047 0.511541 0.033736 0.031960
1 0.158203 0.958984 0.030185 0.031960
1 0.226563 0.970526 0.028409 0.037287
1 0.208807 0.968750 0.021307 0.030185
1 0.254972 0.969638 0.035511 0.035511
1 0.283351 0.985707 0.017696 0.028587
1 0.145774 0.976740 0.026634 0.017756
1 0.176847 0.986506 0.049716 0.019531
1 0.040128 0.834695 0.024858 0.024858
1 0.062322 0.837358 0.015980 0.030185
1 0.016158 0.831143 0.019531 0.024858
