2 0.296053 0.209704 0.101974 0.093750
2 0.848684 0.079770 0.092105 0.097039
2 0.935033 0.051809 0.083882 0.090461
2 0.727796 0.040296 0.100329 0.077303
2 0.788651 0.038651 0.077303 0.060855
2 0.633224 0.384046 0.075658 0.074013
2 0.597039 0.320724 0.065789 0.065789
2 0.527961 0.360197 0.082237 0.055921
2 0.567434 0.427632 0.075658 0.078947
2 0.505757 0.430099 0.060855 0.070724
2 0.537007 0.532895 0.074013 0.072368
2 0.472862 0.480263 0.070724 0.055921
2 0.449836 0.536184 0.074013 0.062500
2 0.462993 0.592928 0.077303 0.067434
2 0.409539 0.555099 0.059211 0.074013
2 0.892270 0.250822 0.080592 0.080592
2 0.986020 0.750561 0.027961 0.080069
2 0.982730 0.846217 0.034539 0.087171
2 0.977796 0.921897 0.044408 0.057610
2 0.978618 0.959704 0.039474 0.057566
