2 0.851103 0.584559 0.077206 0.086397
2 0.926471 0.608456 0.084559 0.075368
2 0.944853 0.658088 0.080882 0.068015
2 0.889706 0.545037 0.073529 0.073529
2 0.916360 0.526654 0.060662 0.062500
2 0.963235 0.581801 0.066176 0.069853
2 0.970588 0.542726 0.058824 0.068908
2 0.584559 0.663603 0.080882 0.079044
2 0.527574 0.627757 0.088235 0.099265
2 0.026654 0.412684 0.045956 0.080882
2 0.099265 0.474265 0.069853 0.071691
2 0.021140 0.476103 0.042279 0.053309
2 0.059743 0.504596 0.060662 0.062500
2 0.307904 0.515625 0.053309 0.055147
2 0.289522 0.483456 0.053309 0.060662
2 0.060662 0.829044 0.084559 0.071691
2 0.022059 0.741728 0.036765 0.084559
2 0.409007 0.938419 0.086397 0.091912
2 0.431985 0.862132 0.080882 0.093750
2 0.504596 0.897059 0.086397 0.090074
