2 0.307217 0.114433 0.057329 0.051709
2 0.358363 0.093638 0.060701 0.034847
2 0.356677 0.139726 0.066322 0.057329
2 0.411758 0.070031 0.077563 0.055081
2 0.473022 0.041929 0.080935 0.041592
2 0.485387 0.094200 0.076439 0.051709
2 0.509555 0.158273 0.088804 0.062950
2 0.456722 0.198741 0.077563 0.060701
2 0.425809 0.129609 0.069694 0.059577
2 0.561263 0.043615 0.077563 0.051709
2 0.629272 0.021695 0.092176 0.041592
2 0.621965 0.170076 0.066322 0.059577
2 0.693907 0.176259 0.064074 0.076439
2 0.745054 0.168390 0.053957 0.080935
2 0.502810 0.239771 0.073067 0.046088
2 0.569132 0.276304 0.055081 0.051709
2 0.519110 0.333071 0.058453 0.064074
2 0.532599 0.281924 0.033723 0.060701
2 0.585994 0.347122 0.102293 0.076439
2 0.515175 0.417941 0.079811 0.056205
2 0.572504 0.419065 0.066322 0.040468
2 0.569132 0.468525 0.059577 0.065198
2 0.632082 0.493255 0.061826 0.074191
2 0.483138 0.456160 0.087680 0.056205
2 0.693345 0.520796 0.044964 0.055081
2 0.754609 0.548898 0.061826 0.064074
2 0.420189 0.501124 0.071942 0.065198
2 0.474708 0.505621 0.068570 0.056205
2 0.541030 0.534847 0.077563 0.067446
2 0.479204 0.557329 0.055081 0.053957
2 0.638264 0.564636 0.065198 0.055081
2 0.686039 0.588242 0.061826 0.055081
2 0.636578 0.638826 0.079811 0.075315
2 0.734937 0.645009 0.069694 0.060701
2 0.774843 0.682104 0.046088 0.049460
2 0.775405 0.725944 0.078687 0.058453
2 0.801821 0.538219 0.052833 0.069694
2 0.537095 0.959195 0.105665 0.048336
2 0.621403 0.937275 0.069694 0.076439
2 0.683790 0.976619 0.088804 0.044964
