0 0.045898 0.629395 0.091553 0.104980
0 0.221069 0.593384 0.109863 0.098877
0 0.230225 0.512207 0.081787 0.061035
0 0.469482 0.264404 0.069580 0.083008
0 0.420044 0.197266 0.070801 0.058594
0 0.210693 0.084351 0.091553 0.067139
0 0.155762 0.192993 0.052490 0.059814
0 0.770996 0.120972 0.072021 0.079346
2 0.039185 0.028198 0.063477 0.052490
2 0.142944 0.590332 0.083008 0.092773
2 0.614136 0.553711 0.053711 0.058594
2 0.670898 0.584229 0.054932 0.053711
2 0.750244 0.168579 0.057373 0.059814
1 0.402344 0.259521 0.081787 0.065918
2 0.344360 0.258911 0.048828 0.062256
2 0.399902 0.306519 0.064697 0.047607
2 0.105103 0.175903 0.065918 0.059814
2 0.154541 0.133789 0.057373 0.065918
2 0.635498 0.636719 0.050049 0.053711
2 0.689819 0.647095 0.043945 0.047607
