2 0.578906 0.978906 0.062500 0.039062
2 0.627344 0.963281 0.065625 0.064062
2 0.816406 0.872656 0.062500 0.060937
2 0.688281 0.842187 0.056250 0.065625
2 0.742969 0.850781 0.053125 0.060937
2 0.771094 0.798438 0.059375 0.065625
2 0.829688 0.773438 0.067187 0.065625
2 0.564063 0.528125 0.067187 0.062500
2 0.619531 0.460156 0.075000 0.073438
2 0.555469 0.086719 0.065625 0.064062
2 0.601562 0.145313 0.073438 0.071875
2 0.839844 0.150781 0.075000 0.073438
2 0.974219 0.599219 0.046875 0.073438
2 0.961719 0.523438 0.065625 0.087500
2 0.578906 0.630469 0.046875 0.039062
2 0.786719 0.095312 0.071875 0.068750
2 0.905469 0.039844 0.065625 0.067187
2 0.675000 0.137500 0.064062 0.068750
2 0.622656 0.078125 0.056250 0.065625
2 0.750781 0.042188 0.078125 0.059375
2 0.673438 0.027344 0.076563 0.051562
2 0.685937 0.080469 0.073438 0.042188
2 0.728906 0.150781 0.043750 0.064062
2 0.809375 0.032813 0.064062 0.056250
2 0.673438 0.192969 0.070312 0.042188
