0 0.065648 0.211987 0.059468 0.060634
1 0.089552 0.161847 0.053638 0.055970
2 0.298274 0.118120 0.041978 0.033815
2 0.397971 0.223064 0.054804 0.054804
2 0.402635 0.272621 0.050140 0.051306
0 0.451026 0.288946 0.055970 0.067631
2 0.530900 0.334422 0.073461 0.069963
2 0.482509 0.383396 0.062966 0.069963
2 0.556553 0.491838 0.080457 0.065299
1 0.561217 0.450443 0.073461 0.059468
0 0.499417 0.539062 0.082789 0.073461
2 0.558302 0.565299 0.058302 0.053638
2 0.497085 0.441115 0.038479 0.047808
2 0.902868 0.177006 0.071129 0.072295
1 0.850396 0.137943 0.073461 0.068797
2 0.751866 0.524487 0.065299 0.053638
2 0.976014 0.598925 0.044846 0.083577
