1 0.464351 0.079794 0.056129 0.050061
1 0.510619 0.066899 0.054612 0.054612
1 0.565231 0.087379 0.048544 0.056129
1 0.520479 0.120752 0.059163 0.043993
1 0.628944 0.105583 0.048544 0.056129
1 0.628944 0.041110 0.051578 0.045510
1 0.735133 0.049454 0.063714 0.053095
1 0.789745 0.057039 0.039442 0.053095
1 0.836772 0.050212 0.069782 0.094053
1 0.665352 0.135922 0.057646 0.062197
1 0.631978 0.195085 0.072816 0.047027
1 0.694933 0.192051 0.053095 0.059163
1 0.882282 0.117718 0.051578 0.062197
1 0.879248 0.192809 0.057646 0.045510
1 0.876214 0.283829 0.063714 0.048544
1 0.915655 0.427184 0.051578 0.056129
1 0.929308 0.486347 0.081917 0.043993
1 0.874697 0.497725 0.045510 0.066748
1 0.757888 0.365746 0.045510 0.048544
1 0.675971 0.349059 0.057646 0.054612
1 0.714654 0.364229 0.043993 0.045510
1 0.711620 0.309618 0.053095 0.042476
1 0.646390 0.296723 0.056129 0.050061
1 0.606948 0.257282 0.059163 0.068265
1 0.551578 0.300516 0.048544 0.042476
1 0.518204 0.319478 0.045510 0.050061
1 0.566748 0.343750 0.060680 0.037925
1 0.439320 0.541717 0.078883 0.075850
1 0.173847 0.897451 0.078883 0.074333
1 0.458283 0.722998 0.059163 0.037925
1 0.511377 0.839047 0.050061 0.072816
1 0.609223 0.806432 0.048544 0.083434
1 0.579642 0.567506 0.056129 0.045510
1 0.586468 0.711620 0.045510 0.045510
1 0.688865 0.876214 0.071299 0.071299
1 0.766990 0.916414 0.054612 0.057646
1 0.683556 0.964958 0.075850 0.054612
1 0.629703 0.936893 0.077367 0.047027
1 0.517045 0.946023 0.082386 0.059659
