1 0.480114 0.045455 0.059659 0.065341
1 0.532670 0.048295 0.045455 0.053977
1 0.511364 0.022727 0.053977 0.042614
1 0.517045 0.251420 0.042614 0.051136
1 0.518466 0.294034 0.079545 0.079545
1 0.409091 0.336648 0.059659 0.090909
1 0.457386 0.338068 0.053977 0.076705
1 0.536932 0.379261 0.071023 0.073864
1 0.576705 0.342330 0.082386 0.056818
1 0.461648 0.433239 0.147727 0.073864
1 0.481534 0.572443 0.079545 0.085227
1 0.498580 0.639205 0.068182 0.059659
1 0.551136 0.657670 0.071023 0.079545
1 0.321023 0.906250 0.088068 0.048295
1 0.301136 0.958807 0.093750 0.068182
1 0.913352 0.651989 0.056818 0.073864
1 0.973722 0.828622 0.052557 0.057813
1 0.946023 0.786932 0.065341 0.059659
1 0.400568 0.982955 0.071023 0.019886
1 0.427557 0.946023 0.039773 0.042614
1 0.022727 0.343750 0.019886 0.088068
2 0.031250 0.509943 0.036932 0.056818
2 0.133523 0.139205 0.053977 0.053977
2 0.953125 0.490057 0.068182 0.085227
2 0.254261 0.026989 0.062500 0.028409
2 0.194602 0.018466 0.045455 0.028409
2 0.251420 0.024148 0.045455 0.039773
0 0.268466 0.875000 0.102273 0.110795
1 0.782670 0.377841 0.068182 0.082386
