2 0.159960 0.915917 0.115782 0.110162
2 0.257194 0.846223 0.157374 0.121403
2 0.294290 0.939523 0.152878 0.096673
2 0.618031 0.456160 0.107914 0.103417
2 0.548898 0.368480 0.115782 0.112410
2 0.700090 0.363422 0.159622 0.106790
2 0.643885 0.305531 0.110162 0.098921
2 0.771470 0.273494 0.131520 0.118031
2 0.649505 0.202675 0.105665 0.115782
2 0.852968 0.142536 0.132644 0.114658
2 0.782711 0.075090 0.129272 0.092176
2 0.656250 0.083521 0.128147 0.091052
2 0.475270 0.076776 0.125899 0.097797
2 0.536533 0.227406 0.145009 0.115782
2 0.408948 0.171201 0.186601 0.133768
2 0.316772 0.066659 0.150629 0.109038
2 0.143660 0.039119 0.121403 0.067446
