0 0.529789 0.342626 0.133768 0.112410
0 0.634330 0.264501 0.118031 0.075315
0 0.427496 0.120616 0.102293 0.088804
0 0.069505 0.031362 0.107843 0.062725
1 0.022257 0.108813 0.040468 0.121403
1 0.491569 0.067783 0.082059 0.064074
1 0.770908 0.128485 0.065198 0.043840
1 0.805755 0.155463 0.051709 0.061826
2 0.765288 0.190872 0.065198 0.042716
2 0.705710 0.199303 0.040468 0.034847
2 0.551147 0.447729 0.050585 0.052833
2 0.408386 0.409510 0.030351 0.032599
2 0.029564 0.377473 0.032599 0.022482
2 0.058790 0.270683 0.037095 0.053957
