0 0.786264 0.204408 0.114272 0.134095
0 0.884795 0.116954 0.106110 0.096782
0 0.825326 0.077892 0.122435 0.100280
0 0.965835 0.069146 0.055970 0.120103
0 0.911614 0.234142 0.103778 0.109608
0 0.947178 0.456856 0.090951 0.135261
0 0.963503 0.345499 0.046642 0.096782
0 0.976329 0.213736 0.034981 0.115438
0 0.858559 0.314599 0.114272 0.109608
0 0.730877 0.294776 0.071129 0.079291
0 0.743703 0.388643 0.043144 0.082789
0 0.823577 0.403801 0.114272 0.131763
0 0.798507 0.492421 0.110774 0.110774
0 0.915695 0.532066 0.107276 0.078125
0 0.732626 0.530900 0.079291 0.082789
0 0.807253 0.592118 0.100280 0.118937
0 0.727379 0.651003 0.117771 0.129431
0 0.889459 0.045826 0.122435 0.078125
