0 0.618729 0.490234 0.111020 0.120271
0 0.550370 0.414165 0.089433 0.093544
0 0.660876 0.402344 0.104852 0.104852
0 0.698910 0.344778 0.121299 0.088405
0 0.594058 0.240440 0.106908 0.109992
0 0.460424 0.345292 0.069901 0.068873
0 0.465049 0.413137 0.075041 0.077097
0 0.458882 0.252775 0.107936 0.112048
0 0.309827 0.292866 0.097656 0.093544
0 0.159745 0.123766 0.085321 0.098684
0 0.232216 0.170539 0.080181 0.089433
0 0.236842 0.234786 0.091488 0.076069
0 0.330900 0.200350 0.084293 0.089433
0 0.414165 0.144840 0.086349 0.087377
0 0.340666 0.103207 0.070929 0.104852
0 0.275905 0.089330 0.077097 0.089433
0 0.208059 0.071854 0.105880 0.089433
0 0.473273 0.069285 0.101768 0.092516
0 0.565679 0.041838 0.089653 0.083676
