0 0.381646 0.414879 0.044310 0.034981
0 0.328591 0.425373 0.036147 0.025653
0 0.305854 0.463853 0.051306 0.046642
0 0.404384 0.497085 0.047808 0.040812
0 0.351912 0.535564 0.047808 0.043144
0 0.401469 0.541978 0.048974 0.044310
0 0.367071 0.562383 0.038479 0.047808
0 0.428288 0.467351 0.034981 0.041978
0 0.454524 0.482509 0.040812 0.046642
0 0.536730 0.389809 0.030317 0.031483
0 0.554804 0.413130 0.040812 0.038479
0 0.557719 0.543144 0.032649 0.032649
0 0.546059 0.575210 0.037313 0.050140
0 0.519823 0.581040 0.033815 0.038479
0 0.516908 0.550723 0.032649 0.033815
0 0.544310 0.481343 0.029151 0.044310
0 0.555970 0.516908 0.031483 0.026819
0 0.582206 0.576959 0.023321 0.018657
0 0.592118 0.545476 0.033815 0.032649
0 0.591535 0.479011 0.030317 0.025653
0 0.722715 0.432369 0.022155 0.058302
0 0.493004 0.418960 0.026819 0.022155
0 0.557136 0.361241 0.019823 0.025653
