0 0.605103 0.572504 0.097797 0.104541
0 0.552271 0.676484 0.093300 0.096673
0 0.638826 0.700652 0.091052 0.095549
0 0.655688 0.618031 0.077563 0.089928
0 0.507307 0.765288 0.106790 0.101169
0 0.598359 0.790580 0.068570 0.079811
0 0.587118 0.869829 0.077563 0.083183
0 0.509555 0.887253 0.066322 0.048336
0 0.409510 0.775405 0.086556 0.076439
0 0.354991 0.679294 0.089928 0.086556
0 0.453912 0.653440 0.067446 0.061826
0 0.486511 0.593300 0.116906 0.119155
0 0.446605 0.503372 0.086556 0.085432
0 0.542716 0.494379 0.107914 0.103417
0 0.537095 0.394335 0.089928 0.085432
0 0.629834 0.378035 0.093300 0.093300
0 0.656812 0.411758 0.079811 0.091052
0 0.447729 0.373539 0.111286 0.095549
0 0.402203 0.315647 0.103417 0.083183
0 0.365670 0.294290 0.077563 0.074191
0 0.498876 0.256070 0.092176 0.080935
0 0.502810 0.131857 0.079811 0.048336
0 0.079024 0.264501 0.061826 0.064074
0 0.180755 0.313961 0.049460 0.050585
0 0.148719 0.406700 0.068570 0.069694
0 0.207734 0.416817 0.049460 0.056205
0 0.321830 0.541030 0.057329 0.097797
0 0.369042 0.460094 0.091052 0.095549
0 0.306093 0.438737 0.057329 0.086556
0 0.428620 0.191434 0.077563 0.068570
0 0.889501 0.840040 0.030351 0.050585
0 0.909735 0.792266 0.041592 0.062950
0 0.847347 0.651754 0.042716 0.044964
0 0.831048 0.825427 0.050585 0.043840
2 0.085207 0.185814 0.049460 0.061826
2 0.120054 0.227406 0.044964 0.048336
2 0.078462 0.340940 0.058453 0.048336
2 0.052046 0.387028 0.034847 0.046088
2 0.102068 0.381407 0.056205 0.057329
2 0.079024 0.430868 0.050585 0.050585
2 0.056542 0.484263 0.050585 0.053957
2 0.119492 0.464029 0.073067 0.074191
2 0.388714 0.548336 0.069694 0.065198
2 0.377473 0.594424 0.051709 0.047212
2 0.465715 0.840603 0.052833 0.051709
2 0.529227 0.849033 0.053957 0.052833
2 0.578687 0.317896 0.076439 0.067446
2 0.620841 0.243143 0.061826 0.059577
2 0.633768 0.185252 0.049460 0.049460
2 0.584870 0.139726 0.061826 0.048336
2 0.465715 0.095886 0.064074 0.048336
2 0.412320 0.131857 0.067446 0.059577
2 0.718076 0.646133 0.044964 0.049460
2 0.799573 0.657374 0.041592 0.053957
2 0.776529 0.721448 0.017986 0.024730
2 0.808004 0.762478 0.058453 0.043840
2 0.881632 0.767536 0.041592 0.044964
2 0.768660 0.778777 0.044964 0.060701
2 0.360612 0.616344 0.067446 0.052833
2 0.825427 0.867019 0.046088 0.037095
2 0.769222 0.923224 0.037095 0.030351
0 0.823351 0.950304 0.078125 0.054253
