1 0.200000 0.264062 0.068750 0.043750
1 0.319531 0.195312 0.048438 0.053125
1 0.375000 0.188281 0.053125 0.054688
1 0.421094 0.175000 0.039062 0.046875
1 0.424219 0.134375 0.045312 0.037500
1 0.078125 0.840625 0.071875 0.062500
1 0.025000 0.975000 0.046875 0.050000
1 0.471875 0.719531 0.056250 0.039062
1 0.803906 0.681250 0.042188 0.050000
1 0.818750 0.625000 0.046875 0.053125
1 0.701562 0.784375 0.046875 0.046875
0 0.500000 0.817969 0.046875 0.057813
0 0.442969 0.800000 0.035937 0.053125
0 0.481250 0.756250 0.062500 0.037500
0 0.484375 0.789844 0.050000 0.045312
0 0.853906 0.646875 0.035937 0.056250
0 0.975781 0.779687 0.042188 0.043750
0 0.791406 0.882031 0.032813 0.042188
1 0.880469 0.934375 0.032813 0.046875
1 0.817969 0.020313 0.035937 0.037500
