2 0.642257 0.483092 0.057136 0.096782
2 0.544310 0.527985 0.092118 0.097948
2 0.760028 0.550140 0.068797 0.079291
2 0.699394 0.530317 0.047808 0.072295
2 0.742537 0.432952 0.036147 0.078125
2 0.768773 0.421875 0.095616 0.062966
2 0.467934 0.352495 0.067631 0.068797
2 0.507579 0.097132 0.065299 0.078125
2 0.458022 0.070896 0.057136 0.046642
2 0.337920 0.136194 0.066465 0.039646
2 0.297691 0.164762 0.030317 0.052472
2 0.306437 0.216651 0.043144 0.034981
2 0.262127 0.188083 0.047808 0.038479
2 0.469100 0.458605 0.037313 0.047808
2 0.923857 0.476096 0.060634 0.061800
2 0.969916 0.401469 0.059468 0.075793
0 0.885961 0.625350 0.087453 0.092118
0 0.912780 0.690065 0.101446 0.081623
0 0.962920 0.721549 0.059468 0.093284
2 0.714552 0.761194 0.040812 0.065299
2 0.953008 0.078475 0.046642 0.054804
