2 0.046987 0.089703 0.049460 0.065198
2 0.141974 0.049798 0.043840 0.050585
0 0.260567 0.050922 0.053957 0.061826
0 0.455598 0.044177 0.075315 0.050585
0 0.427496 0.107127 0.068570 0.073067
2 0.483138 0.130733 0.044964 0.055081
0 0.451102 0.166704 0.057329 0.055081
0 0.594424 0.050360 0.058453 0.044964
2 0.544402 0.098134 0.032599 0.039344
2 0.623651 0.082959 0.049460 0.049460
1 0.568008 0.169514 0.052833 0.047212
1 0.625899 0.301034 0.060701 0.040468
1 0.582059 0.330823 0.049460 0.046088
0 0.194807 0.246515 0.055081 0.059577
0 0.148156 0.278552 0.060701 0.060701
2 0.257756 0.678732 0.086556 0.065198
2 0.360049 0.608476 0.034847 0.028103
1 0.638826 0.614658 0.057329 0.058453
0 0.668615 0.707959 0.058453 0.049460
2 0.756295 0.691659 0.042716 0.041592
2 0.822055 0.775405 0.034847 0.038219
2 0.773156 0.836106 0.040468 0.047212
2 0.757981 0.873763 0.028103 0.037095
0 0.769784 0.905800 0.053957 0.060701
2 0.814748 0.958633 0.033723 0.051709
2 0.774281 0.968188 0.035971 0.039344
0 0.773156 0.479204 0.029227 0.068570
