0 0.730699 0.112132 0.056985 0.053309
0 0.767463 0.165441 0.068015 0.056985
0 0.830882 0.189338 0.051471 0.060662
0 0.786765 0.227022 0.055147 0.055147
0 0.724265 0.237132 0.055147 0.053309
0 0.763787 0.266544 0.045956 0.053309
0 0.225184 0.063419 0.053309 0.051471
0 0.185662 0.098346 0.036765 0.062500
2 0.234375 0.114890 0.053309 0.051471
2 0.850184 0.045037 0.049632 0.040441
2 0.782169 0.037684 0.042279 0.066176
2 0.811581 0.079963 0.049632 0.044118
2 0.495404 0.334559 0.034926 0.038603
2 0.726103 0.161765 0.044118 0.053309
0 0.686581 0.040441 0.034926 0.038603
2 0.839154 0.230699 0.053309 0.051471
