0 0.525292 0.073404 0.068570 0.055081
0 0.641075 0.100382 0.052833 0.059577
0 0.654564 0.048112 0.066322 0.060701
0 0.408386 0.430306 0.068570 0.087680
2 0.761915 0.385342 0.053957 0.051709
1 0.890625 0.323516 0.066322 0.071942
2 0.796201 0.437612 0.068570 0.059577
0 0.456722 0.161084 0.066322 0.075315
2 0.512365 0.133543 0.042716 0.038219
2 0.543840 0.145346 0.042716 0.034847
2 0.580935 0.046987 0.049460 0.053957
0 0.803507 0.627585 0.071942 0.070818
0 0.820931 0.771470 0.050585 0.057329
1 0.911983 0.748426 0.066322 0.067446
2 0.872077 0.788894 0.044964 0.042716
0 0.825989 0.876574 0.087680 0.069694
2 0.541592 0.401641 0.049460 0.037095
