0 0.630396 0.352743 0.049460 0.065198
0 0.651192 0.315085 0.046088 0.034847
0 0.956272 0.112930 0.087455 0.071184
0 0.026754 0.110499 0.044964 0.055081
0 0.068907 0.851281 0.048336 0.068570
0 0.018885 0.890625 0.035971 0.084308
0 0.813062 0.554519 0.039344 0.055081
0 0.882194 0.528103 0.040468 0.056205
0 0.918165 0.564074 0.044964 0.060701
0 0.923224 0.632644 0.046088 0.051709
0 0.861960 0.666929 0.042716 0.046088
0 0.918165 0.698404 0.058453 0.059577
0 0.910859 0.761915 0.048336 0.053957
0 0.801259 0.679856 0.051709 0.062950
0 0.854654 0.725382 0.041592 0.061826
2 0.793390 0.631520 0.049460 0.051709
2 0.966502 0.743930 0.017986 0.044964
2 0.784397 0.492131 0.047212 0.042716
