0 0.511719 0.472656 0.054688 0.057813
1 0.534375 0.500781 0.053125 0.029687
0 0.462500 0.602344 0.050000 0.042188
0 0.475000 0.639844 0.040625 0.039062
2 0.552344 0.939063 0.039062 0.046875
2 0.517188 0.936719 0.053125 0.035937
2 0.602344 0.945312 0.045312 0.037500
2 0.578013 0.979688 0.043527 0.040625
2 0.526940 0.978125 0.066379 0.043750
0 0.928906 0.812500 0.039062 0.046875
0 0.946875 0.844531 0.040625 0.032813
0 0.940625 0.763281 0.056250 0.051562
0 0.850000 0.763281 0.037500 0.045312
0 0.871094 0.793750 0.023438 0.040625
0 0.739062 0.865625 0.037500 0.031250
2 0.945312 0.894531 0.031250 0.039062
2 0.981250 0.894531 0.028125 0.054688
2 0.954883 0.983594 0.041016 0.032813
