0 0.552271 0.421875 0.109038 0.113534
0 0.280800 0.171201 0.134892 0.068570
0 0.511241 0.117806 0.087680 0.085432
0 0.585994 0.047549 0.088804 0.055081
0 0.958521 0.106879 0.082959 0.099550
1 0.668053 0.280238 0.057329 0.059577
1 0.671987 0.339254 0.065198 0.058453
1 0.653440 0.384780 0.084308 0.061826
0 0.449978 0.490445 0.095549 0.109038
0 0.629834 0.511241 0.095549 0.051709
0 0.654564 0.594987 0.079811 0.079811
0 0.588804 0.650629 0.060701 0.067446
0 0.528665 0.753485 0.097797 0.073067
0 0.606228 0.877136 0.052833 0.050585
0 0.652316 0.915917 0.102293 0.085432
1 0.783835 0.974933 0.075315 0.039344
