0 0.031764 0.515419 0.049342 0.053454
0 0.255345 0.092928 0.075041 0.086349
0 0.324219 0.124794 0.075041 0.078125
1 0.119141 0.072368 0.082237 0.055510
1 0.030736 0.155633 0.057566 0.063734
2 0.084704 0.147410 0.060650 0.039062
1 0.081106 0.107319 0.053454 0.045230
1 0.346320 0.082648 0.067845 0.065789
1 0.250206 0.177220 0.035979 0.043174
1 0.299548 0.188528 0.072985 0.059622
1 0.323705 0.250206 0.086349 0.047286
1 0.303660 0.322163 0.058594 0.061678
2 0.522101 0.256887 0.080181 0.095600
2 0.587891 0.272821 0.034951 0.067845
2 0.617701 0.255859 0.051398 0.054482
2 0.231702 0.137130 0.066817 0.041118
2 0.807874 0.513877 0.045230 0.042146
2 0.617188 0.550370 0.075041 0.039062
2 0.098067 0.481497 0.052426 0.028783
2 0.054379 0.458368 0.039062 0.023643
