0 0.983604 0.615341 0.032792 0.084713
0 0.657792 0.052323 0.055510 0.048314
1 0.137644 0.487664 0.047286 0.047286
1 0.175678 0.521587 0.074013 0.071957
1 0.108347 0.568873 0.044202 0.047286
1 0.175164 0.587891 0.054482 0.052426
1 0.214227 0.564248 0.044202 0.035979
1 0.217825 0.501028 0.053454 0.059622
1 0.369963 0.453228 0.067845 0.066817
1 0.452714 0.460938 0.054482 0.059622
1 0.432669 0.395662 0.043174 0.042146
1 0.471731 0.424445 0.045230 0.040090
1 0.511308 0.364823 0.058594 0.060650
1 0.567845 0.403886 0.060650 0.058594
1 0.609992 0.445518 0.056538 0.057566
1 0.865440 0.267167 0.045230 0.040090
1 0.974866 0.458158 0.050267 0.064342
1 0.965666 0.421361 0.050370 0.050370
1 0.971782 0.561654 0.056435 0.055462
1 0.899877 0.537521 0.044202 0.068873
1 0.931229 0.531353 0.039062 0.068873
1 0.761102 0.680921 0.060650 0.039062
1 0.893195 0.318565 0.055510 0.038035
1 0.895251 0.188014 0.043174 0.042146
2 0.501028 0.231702 0.048314 0.071957
2 0.239926 0.443462 0.048314 0.049342
2 0.200863 0.434211 0.038035 0.041118
2 0.158717 0.398232 0.046258 0.049342
2 0.692743 0.027138 0.030839 0.028783
