2 0.424211 0.017570 0.038118 0.035140
2 0.368711 0.079551 0.038900 0.044735
2 0.411502 0.082145 0.038900 0.042142
2 0.397238 0.216027 0.051867 0.042790
2 0.323327 0.304525 0.055757 0.055109
2 0.391727 0.304525 0.061592 0.052516
2 0.328838 0.249092 0.048626 0.040197
2 0.389134 0.249092 0.055109 0.036307
2 0.448133 0.115858 0.057702 0.044735
2 0.444891 0.066909 0.025285 0.036307
2 0.720760 0.149896 0.079098 0.059647
2 0.637772 0.062046 0.053164 0.052516
2 0.584933 0.249092 0.049922 0.053164
2 0.646849 0.327217 0.040197 0.044735
2 0.707469 0.338887 0.051219 0.058999
2 0.131743 0.461748 0.055109 0.054461
2 0.393996 0.179396 0.040197 0.029175
2 0.597846 0.014004 0.052622 0.028008
2 0.335322 0.176478 0.053812 0.051867
2 0.515742 0.539646 0.060634 0.067631
0 0.136194 0.530900 0.085121 0.050140
2 0.071479 0.578708 0.058302 0.047808
