0 0.366728 0.122243 0.079044 0.077206
1 0.778493 0.275735 0.060662 0.060662
1 0.782169 0.335478 0.064338 0.058824
0 0.920037 0.681985 0.056985 0.056985
1 0.522978 0.157169 0.049632 0.058824
1 0.432904 0.130515 0.060662 0.064338
1 0.408088 0.174632 0.047794 0.042279
1 0.425551 0.215993 0.075368 0.058824
1 0.342831 0.195772 0.071691 0.066176
1 0.285846 0.201287 0.060662 0.047794
1 0.321691 0.136949 0.047794 0.055147
2 0.105699 0.236213 0.060662 0.058824
2 0.042279 0.224265 0.066176 0.056985
2 0.045037 0.272978 0.071691 0.062500
1 0.038603 0.167279 0.040441 0.038603
0 0.212316 0.103860 0.079044 0.062500
2 0.050551 0.660846 0.064338 0.069853
1 0.109375 0.692096 0.060662 0.051471
2 0.084559 0.740809 0.058824 0.060662
2 0.047794 0.767463 0.047794 0.055147
2 0.705882 0.928309 0.051471 0.060662
0 0.842831 0.806066 0.071691 0.077206
2 0.524816 0.296875 0.068015 0.055147
2 0.306985 0.600184 0.051471 0.044118
2 0.867647 0.630515 0.044118 0.060662
2 0.829044 0.647978 0.040441 0.047794
