0 0.567631 0.076143 0.045476 0.038479
0 0.503498 0.304104 0.057136 0.046642
0 0.527402 0.342001 0.046642 0.038479
0 0.604361 0.309935 0.046642 0.041978
0 0.599697 0.390392 0.051306 0.041978
0 0.789179 0.300606 0.050140 0.044310
0 0.828825 0.277285 0.045476 0.041978
0 0.790928 0.349580 0.039646 0.044310
0 0.137360 0.245802 0.043144 0.055970
0 0.368820 0.185168 0.046642 0.030317
0 0.402635 0.049324 0.030317 0.033815
1 0.362990 0.052239 0.034981 0.032649
1 0.412547 0.126866 0.043144 0.048974
1 0.390975 0.323927 0.046642 0.030317
1 0.369403 0.266791 0.038479 0.037313
1 0.074394 0.277868 0.038479 0.040812
1 0.441115 0.281950 0.032649 0.044310
2 0.014925 0.199160 0.026819 0.034981
2 0.039412 0.209072 0.029151 0.031483
2 0.049907 0.252215 0.038479 0.031483
2 0.087220 0.225396 0.024487 0.029151
2 0.337920 0.309352 0.033815 0.024487
2 0.331507 0.335588 0.034981 0.023321
2 0.525070 0.167094 0.037313 0.038479
2 0.472015 0.090135 0.038479 0.033815
2 0.606693 0.535564 0.044310 0.043144
2 0.535564 0.392141 0.034981 0.050140
