2 0.681903 0.189249 0.068797 0.068797
2 0.623601 0.248134 0.066465 0.062966
2 0.439366 0.357743 0.080457 0.076959
2 0.423624 0.446362 0.095616 0.090951
2 0.235891 0.438783 0.083955 0.075793
2 0.876049 0.310518 0.065299 0.066465
2 0.824160 0.410215 0.043144 0.041978
0 0.956507 0.087220 0.067631 0.081623
0 0.964086 0.420709 0.071129 0.081623
0 0.811917 0.466768 0.095616 0.054804
0 0.286614 0.622435 0.106110 0.079291
0 0.407882 0.692397 0.089785 0.102612
0 0.309935 0.511660 0.073461 0.088619
0 0.229478 0.532066 0.094450 0.087453
2 0.649254 0.719216 0.071129 0.069963
2 0.722132 0.738456 0.039646 0.047808
2 0.757696 0.751283 0.057136 0.064132
2 0.694146 0.796175 0.088619 0.074627
2 0.688899 0.897621 0.061800 0.058302
0 0.601446 0.968167 0.068797 0.059468
0 0.748951 0.946012 0.081623 0.045476
0 0.723298 0.287780 0.079291 0.090951
0 0.645756 0.342001 0.089785 0.080457
