0 0.506443 0.077964 0.051546 0.049936
1 0.486308 0.052191 0.030606 0.040271
2 0.452481 0.078769 0.046714 0.045103
0 0.484697 0.119845 0.049936 0.053157
0 0.288982 0.146424 0.067655 0.067655
0 0.264014 0.114207 0.069265 0.061211
1 0.384021 0.178640 0.064433 0.064433
1 0.404156 0.147229 0.046714 0.059601
1 0.458924 0.247906 0.062822 0.051546
0 0.367107 0.259987 0.062822 0.056379
1 0.309923 0.348582 0.045103 0.046714
0 0.342139 0.355831 0.074098 0.061211
1 0.256765 0.366302 0.061211 0.066044
0 0.307506 0.417043 0.082152 0.080541
0 0.371134 0.433956 0.070876 0.082152
0 0.433956 0.463756 0.074098 0.090206
0 0.441205 0.509665 0.078930 0.053157
0 0.404156 0.542687 0.085374 0.070876
0 0.282539 0.476643 0.083763 0.067655
0 0.335696 0.483892 0.064433 0.059601
0 0.316366 0.538660 0.064433 0.046714
0 0.259987 0.421070 0.070876 0.066044
0 0.187500 0.530606 0.054768 0.043492
1 0.216495 0.510470 0.045103 0.032216
1 0.222133 0.542687 0.046714 0.035438
0 0.438789 0.585374 0.057990 0.049936
0 0.336501 0.642558 0.059601 0.035438
0 0.437983 0.772229 0.059601 0.056379
0 0.653125 0.828906 0.068750 0.057813
0 0.721875 0.894531 0.081250 0.073438
1 0.714844 0.948438 0.085938 0.081250
0 0.334375 0.929688 0.062500 0.050000
0 0.336719 0.970313 0.079687 0.043750
0 0.361719 0.902344 0.057813 0.048438
0 0.135937 0.113281 0.040625 0.051562
1 0.137500 0.147656 0.053125 0.039062
0 0.070312 0.170313 0.081250 0.068750
0 0.646875 0.221875 0.093750 0.071875
0 0.926562 0.870313 0.056250 0.046875
0 0.052344 0.941406 0.039062 0.054688
