1 0.255960 0.077964 0.056379 0.049936
1 0.546714 0.078769 0.048325 0.035438
2 0.449259 0.051385 0.066044 0.041881
2 0.171392 0.047358 0.045103 0.049936
0 0.403351 0.247906 0.064433 0.067655
2 0.494362 0.335696 0.049936 0.030606
2 0.415432 0.359053 0.046714 0.032216
2 0.490335 0.474227 0.041881 0.024162
2 0.437983 0.472616 0.049936 0.027384
2 0.329253 0.658666 0.038660 0.045103
2 0.214884 0.700548 0.051546 0.064433
2 0.359858 0.759343 0.045103 0.053157
2 0.336501 0.734375 0.033827 0.035438
0 0.390464 0.772229 0.048325 0.066044
2 0.367912 0.818943 0.048325 0.040271
2 0.340528 0.794781 0.025773 0.037049
0 0.343750 0.875322 0.083763 0.046714
2 0.489530 0.814916 0.033827 0.025773
2 0.478254 0.838273 0.040271 0.024162
2 0.549130 0.854381 0.056379 0.043492
2 0.550741 0.893847 0.066044 0.032216
2 0.483086 0.886598 0.033827 0.027384
2 0.448454 0.864046 0.041881 0.043492
