0 0.836668 0.290917 0.259667 0.310252
2 0.475832 0.222347 0.259667 0.254047
2 0.290355 0.365108 0.228192 0.229317
2 0.399393 0.489321 0.241682 0.239433
2 0.593862 0.505621 0.198966 0.218076
2 0.704024 0.624775 0.187725 0.301259
2 0.193683 0.516862 0.185477 0.247302
0 0.120728 0.254609 0.241457 0.281700
0 0.057104 0.511803 0.105665 0.248426
0 0.532037 0.779901 0.268660 0.341727
1 0.877585 0.733105 0.244829 0.306588
0 0.901192 0.496355 0.197617 0.174815
0 0.707959 0.885567 0.256295 0.224820
0 0.444919 0.911983 0.269784 0.160746
