0 0.178172 0.480177 0.096782 0.095616
0 0.276702 0.443447 0.100280 0.096782
0 0.355410 0.606110 0.089785 0.088619
0 0.288946 0.378731 0.094450 0.081623
2 0.202659 0.342001 0.071129 0.057136
2 0.246968 0.257463 0.075793 0.062966
2 0.168843 0.241721 0.073461 0.061800
2 0.180504 0.172924 0.068797 0.059468
2 0.219566 0.141441 0.062966 0.073461
2 0.198577 0.056903 0.074627 0.086287
2 0.263293 0.105294 0.064132 0.066465
2 0.329757 0.065065 0.059468 0.051306
2 0.318097 0.276119 0.061800 0.079291
0 0.540812 0.281950 0.071129 0.079291
0 0.963095 0.575304 0.073811 0.064321
2 0.912197 0.501749 0.062966 0.057136
2 0.955924 0.084305 0.082789 0.064132
2 0.900536 0.562383 0.046642 0.050140
2 0.792094 0.730877 0.046642 0.060634
2 0.532649 0.220732 0.050140 0.047808
2 0.866721 0.538479 0.046642 0.046642
2 0.283116 0.026586 0.064132 0.037313
2 0.381063 0.037663 0.061800 0.047808
