2 0.156829 0.664352 0.106481 0.083333
2 0.070602 0.622685 0.082176 0.087963
0 0.318287 0.364583 0.072917 0.064815
0 0.554398 0.054977 0.075231 0.059028
2 0.735532 0.735532 0.085648 0.068287
2 0.653935 0.730903 0.070602 0.068287
2 0.701389 0.771412 0.077546 0.075231
2 0.734954 0.923032 0.056713 0.061343
2 0.368634 0.739583 0.074074 0.071759
2 0.286458 0.863426 0.094907 0.071759
2 0.204282 0.460648 0.074074 0.081019
0 0.562500 0.202546 0.079861 0.060185
0 0.700810 0.170718 0.046296 0.038194
2 0.865741 0.497685 0.052083 0.071759
1 0.732060 0.642940 0.081019 0.056713
2 0.518519 0.117477 0.070602 0.068287
2 0.685185 0.206597 0.033565 0.042824
2 0.202214 0.977807 0.067623 0.041262
