1 0.537237 0.969845 0.052570 0.048919
1 0.574109 0.981893 0.048919 0.035047
1 0.585791 0.942830 0.051840 0.040158
1 0.650044 0.969480 0.047459 0.054030
1 0.911069 0.305053 0.062792 0.058411
2 0.579220 0.878213 0.043078 0.037967
2 0.657345 0.455096 0.038697 0.038697
2 0.639457 0.440129 0.042348 0.040888
2 0.872006 0.391209 0.041618 0.055491
2 0.807754 0.438303 0.056221 0.034317
2 0.907053 0.369670 0.045999 0.041618
2 0.947211 0.362369 0.028475 0.031396
2 0.854848 0.311259 0.033586 0.047459
2 0.807024 0.229848 0.053300 0.058411
2 0.861419 0.205388 0.039428 0.038697
2 0.851928 0.240800 0.037967 0.039428
2 0.811040 0.187135 0.035047 0.028475
2 0.894641 0.110105 0.054761 0.054030
2 0.853753 0.083820 0.038697 0.039428
2 0.822357 0.080169 0.032856 0.033586
2 0.823817 0.053154 0.063522 0.014603
0 0.775254 0.073038 0.059956 0.044513
0 0.752089 0.102562 0.048147 0.058140
0 0.805687 0.123910 0.066315 0.053597
0 0.861555 0.150709 0.069041 0.061773
0 0.921057 0.119368 0.037246 0.068132
0 0.900164 0.236555 0.062682 0.062682
0 0.485919 0.600836 0.057231 0.048147
0 0.495458 0.631722 0.054506 0.051781
0 0.874273 0.743459 0.039971 0.055414
0 0.791152 0.737100 0.035429 0.040879
0 0.480015 0.842024 0.050872 0.050872
0 0.503180 0.824310 0.053597 0.055414
