1 0.530671 0.259259 0.032407 0.064815
1 0.624421 0.250000 0.043981 0.067130
1 0.633681 0.319444 0.041667 0.048611
1 0.660301 0.380208 0.062500 0.045139
0 0.667245 0.188079 0.050926 0.047454
0 0.693866 0.325810 0.064815 0.056713
0 0.737847 0.409722 0.076389 0.071759
0 0.669560 0.415509 0.067130 0.046296
0 0.385995 0.482060 0.050926 0.047454
0 0.354167 0.660880 0.042824 0.064815
0 0.603588 0.817708 0.064815 0.059028
0 0.551505 0.908565 0.071759 0.048611
0 0.637731 0.876736 0.082176 0.045139
0 0.606481 0.911458 0.052083 0.042824
0 0.600694 0.957755 0.056713 0.035880
0 0.853009 0.776620 0.049769 0.060185
0 0.828125 0.808449 0.053241 0.056713
0 0.857639 0.872106 0.031250 0.040509
0 0.884259 0.845486 0.033565 0.042824
0 0.917824 0.832176 0.038194 0.050926
0 0.937500 0.908565 0.024306 0.050926
0 0.940972 0.723380 0.061343 0.076389
