0 0.014869 0.473538 0.025202 0.046623
0 0.045111 0.493700 0.035282 0.041583
0 0.031250 0.526462 0.047883 0.044103
0 0.324849 0.520161 0.052923 0.066784
0 0.517011 0.382182 0.041583 0.042843
0 0.519531 0.433846 0.049143 0.060484
0 0.575605 0.440146 0.057964 0.055444
1 0.573085 0.391633 0.045363 0.028982
0 0.710433 0.397303 0.068044 0.047883
2 0.649950 0.436996 0.037802 0.051663
2 0.703503 0.442036 0.044103 0.054183
0 0.662550 0.498740 0.063004 0.054183
0 0.506300 0.627898 0.060484 0.047883
0 0.019909 0.891255 0.035282 0.037802
0 0.114415 0.958669 0.060484 0.059224
2 0.163558 0.922757 0.047883 0.050403
1 0.435736 0.807460 0.052923 0.046623
0 0.416205 0.782888 0.056704 0.050403
0 0.425025 0.846522 0.066784 0.056704
0 0.454007 0.877394 0.049143 0.052923
0 0.421245 0.932838 0.056704 0.050403
0 0.377142 0.963080 0.051663 0.050403
0 0.435106 0.976310 0.056704 0.036542
0 0.612147 0.912046 0.057964 0.061744
0 0.588836 0.973790 0.056704 0.046623
1 0.638609 0.962450 0.040323 0.039062
1 0.666331 0.941658 0.040323 0.050403
