0 0.056478 0.224121 0.040690 0.045573
0 0.132161 0.259115 0.061849 0.053711
1 0.113444 0.210286 0.034180 0.040690
0 0.106934 0.303874 0.056966 0.035807
2 0.185059 0.525228 0.037435 0.039062
2 0.159831 0.501628 0.029297 0.037435
0 0.213542 0.510579 0.042318 0.042318
0 0.097982 0.894694 0.052083 0.065104
0 0.039388 0.888997 0.058594 0.056966
0 0.495117 0.937012 0.045573 0.055339
0 0.459310 0.930501 0.042318 0.078125
0 0.421061 0.909342 0.040690 0.048828
0 0.395833 0.717285 0.055339 0.039062
0 0.425130 0.684733 0.048828 0.039062
0 0.225749 0.823893 0.053711 0.040690
0 0.246908 0.786458 0.043945 0.043945
2 0.277018 0.974447 0.039062 0.035807
0 0.740072 0.750651 0.050456 0.060221
1 0.880859 0.776693 0.048828 0.066732
0 0.942708 0.674967 0.055339 0.061849
0 0.827962 0.242839 0.056966 0.066732
0 0.780762 0.240397 0.040690 0.045573
0 0.748210 0.244466 0.037435 0.050456
0 0.787272 0.202962 0.056966 0.058594
0 0.715658 0.224935 0.050456 0.047201
0 0.798665 0.150065 0.050456 0.053711
2 0.854004 0.205404 0.040690 0.047201
2 0.846680 0.159831 0.052083 0.060221
0 0.928060 0.038574 0.045573 0.048828
0 0.968750 0.026367 0.052083 0.040690
