2 0.777778 0.316551 0.049769 0.063657
2 0.733218 0.325231 0.050926 0.057870
2 0.394097 0.492477 0.060185 0.070602
2 0.444444 0.500000 0.038194 0.046296
2 0.152778 0.811921 0.068287 0.054398
2 0.099537 0.868056 0.045139 0.055556
2 0.255787 0.903356 0.061343 0.063657
2 0.203125 0.921875 0.046296 0.054398
0 0.248843 0.956019 0.056713 0.043981
0 0.672454 0.383681 0.054398 0.079861
0 0.740162 0.392940 0.067130 0.065972
0 0.742477 0.740741 0.062500 0.062500
0 0.938657 0.196181 0.061343 0.061343
1 0.903356 0.230903 0.060185 0.063657
1 0.380208 0.313079 0.067130 0.052083
