0 0.524219 0.751563 0.090625 0.081250
0 0.468750 0.672656 0.060937 0.045312
0 0.522656 0.656250 0.068750 0.056250
0 0.423438 0.648438 0.032813 0.071875
0 0.778906 0.850781 0.046875 0.048438
0 0.953125 0.861719 0.076563 0.073438
1 0.828125 0.896094 0.092188 0.092188
1 0.859375 0.828906 0.070312 0.064062
1 0.878906 0.927344 0.075000 0.079687
1 0.715625 0.976562 0.076563 0.040625
2 0.831250 0.965625 0.060937 0.053125
2 0.966016 0.777977 0.064844 0.059080
0 0.963281 0.733594 0.068750 0.064062
1 0.930469 0.473438 0.071875 0.075000
2 0.811719 0.628125 0.056250 0.065625
2 0.897656 0.863281 0.053125 0.057813
2 0.765625 0.900781 0.057813 0.060937
2 0.937500 0.907813 0.079687 0.065625
