2 0.014951 0.168390 0.028103 0.033723
2 0.148719 0.092513 0.043840 0.055081
2 0.169514 0.021695 0.049460 0.039344
2 0.338692 0.152091 0.034847 0.034847
1 0.186376 0.370166 0.062950 0.039344
1 0.285859 0.337567 0.052833 0.039344
1 0.607914 0.329137 0.044964 0.040468
1 0.499438 0.266749 0.046088 0.043840
1 0.468525 0.229654 0.049460 0.034847
2 0.434240 0.040243 0.041592 0.047212
2 0.485949 0.037995 0.048336 0.035971
2 0.309465 0.235836 0.041592 0.031475
0 0.385342 0.461219 0.049460 0.048336
2 0.521920 0.332509 0.041592 0.040468
2 0.551147 0.280800 0.048336 0.044964
2 0.584870 0.122302 0.030351 0.029227
2 0.708521 0.055418 0.034847 0.034847
0 0.776529 0.036871 0.044964 0.033723
2 0.533161 0.210544 0.034847 0.030351
0 0.210544 0.358363 0.046088 0.044964
2 0.411758 0.247077 0.039344 0.047212
