2 0.430620 0.294193 0.134095 0.127099
2 0.536147 0.326842 0.104944 0.131763
2 0.644007 0.420126 0.113106 0.122435
2 0.529734 0.683069 0.129431 0.123601
2 0.814832 0.787430 0.102612 0.101446
2 0.922691 0.829408 0.101446 0.092118
2 0.904035 0.894123 0.113106 0.090951
2 0.113456 0.117537 0.143424 0.135261
1 0.267957 0.111707 0.125933 0.128265
0 0.385145 0.163596 0.145756 0.141091
0 0.630014 0.662080 0.166744 0.174907
0 0.296525 0.740205 0.166744 0.170243
2 0.150770 0.734958 0.150420 0.155084
0 0.056903 0.799674 0.093284 0.111940
0 0.076726 0.681320 0.121269 0.094450
2 0.595616 0.788013 0.107276 0.107276
1 0.697645 0.923274 0.159748 0.146922
0 0.785681 0.691231 0.100280 0.118937
2 0.604944 0.534981 0.097948 0.104944
2 0.508162 0.201493 0.079291 0.083955
2 0.438783 0.051656 0.101446 0.094450
2 0.109375 0.590368 0.093284 0.110774
1 0.582789 0.898204 0.130597 0.106110
1 0.475513 0.736124 0.132929 0.129431
