0 0.344401 0.151042 0.074219 0.067708
0 0.328776 0.095703 0.063802 0.066406
1 0.269531 0.042969 0.046875 0.059896
1 0.559245 0.170573 0.055990 0.062500
2 0.595703 0.531901 0.055990 0.055990
2 0.645182 0.485677 0.053385 0.049479
2 0.692708 0.458333 0.033854 0.054688
2 0.680990 0.554688 0.036458 0.044271
2 0.622396 0.677083 0.052083 0.059896
2 0.712240 0.800781 0.067708 0.059896
2 0.722656 0.555990 0.039062 0.062500
2 0.696615 0.600911 0.041667 0.042969
2 0.705729 0.720703 0.049479 0.048177
2 0.677083 0.680339 0.049479 0.055990
2 0.596354 0.893229 0.057292 0.044271
2 0.674479 0.914714 0.039062 0.040365
2 0.854167 0.761719 0.028646 0.041667
0 0.983724 0.287016 0.032552 0.081845
0 0.972656 0.218099 0.052083 0.058594
0 0.779948 0.292969 0.062500 0.062500
2 0.728516 0.311849 0.053385 0.063802
2 0.672526 0.153646 0.048177 0.054688
2 0.742188 0.143880 0.049479 0.061198
2 0.759115 0.194661 0.046875 0.048177
2 0.707031 0.199219 0.041667 0.049479
2 0.712240 0.241536 0.052083 0.037760
0 0.811849 0.055990 0.058594 0.072917
2 0.259115 0.927734 0.057292 0.045573
2 0.097005 0.849609 0.055990 0.037760
0 0.646484 0.046875 0.063802 0.059896
2 0.899089 0.052734 0.042969 0.042969
