1 0.516556 0.627276 0.033113 0.037252
1 0.828539 0.408940 0.054843 0.031043
1 0.879760 0.334954 0.049669 0.054843
1 0.960989 0.082471 0.044495 0.056912
1 0.968750 0.138349 0.043460 0.038286
1 0.562603 0.330298 0.044495 0.049669
1 0.515522 0.037976 0.064156 0.063121
1 0.495344 0.086610 0.061051 0.050704
1 0.706436 0.250103 0.030008 0.040356
2 0.729719 0.268729 0.033113 0.034147
2 0.751449 0.237686 0.031043 0.034147
2 0.810430 0.353580 0.035182 0.030008
2 0.772144 0.338059 0.060017 0.034147
2 0.848717 0.384106 0.049669 0.037252
2 0.905629 0.027628 0.041391 0.032078
2 0.948055 0.020385 0.043460 0.040356
