1 0.696479 0.936684 0.060634 0.047808
0 0.182836 0.767024 0.075793 0.048974
0 0.251632 0.739622 0.052472 0.054804
2 0.065065 0.679571 0.052472 0.041978
0 0.022505 0.702892 0.034981 0.062966
0 0.060984 0.730294 0.044310 0.045476
0 0.082556 0.765858 0.057136 0.051306
0 0.421292 0.617771 0.074627 0.060634
0 0.572878 0.286614 0.062966 0.053638
0 0.501166 0.244053 0.047808 0.050140
1 0.188083 0.293610 0.065299 0.055970
1 0.165345 0.259795 0.043144 0.044310
0 0.172924 0.500000 0.058302 0.055970
0 0.340252 0.600863 0.064132 0.068797
0 0.378731 0.423624 0.052472 0.057136
0 0.339086 0.446945 0.052472 0.050140
0 0.230061 0.273787 0.058302 0.067631
0 0.643424 0.055737 0.059468 0.041978
0 0.673158 0.075560 0.034981 0.055970
0 0.343167 0.126866 0.058302 0.039646
0 0.331507 0.172924 0.046642 0.045476
2 0.074394 0.627099 0.043144 0.051306
2 0.249883 0.639342 0.046642 0.052472
2 0.423624 0.462104 0.037313 0.043144
2 0.231810 0.830574 0.040812 0.047808
2 0.194496 0.802006 0.043144 0.034981
