0 0.749619 0.164634 0.064787 0.062881
0 0.883956 0.081745 0.047637 0.068598
0 0.757935 0.980088 0.108096 0.039825
0 0.826696 0.974371 0.051258 0.051258
0 0.874428 0.971608 0.062881 0.049543
2 0.930640 0.218941 0.064787 0.087652
1 0.810595 0.136052 0.072409 0.085747
1 0.809642 0.058880 0.081936 0.080030
1 0.056021 0.643864 0.080030 0.060976
1 0.726753 0.883003 0.080030 0.051448
1 0.737233 0.829649 0.051448 0.047637
2 0.733422 0.763910 0.070503 0.080030
1 0.804878 0.884909 0.060976 0.062881
1 0.896341 0.884909 0.076220 0.081936
