0 0.207031 0.035156 0.078125 0.070312
0 0.590625 0.589844 0.042188 0.064062
0 0.845313 0.633594 0.073438 0.085938
0 0.826562 0.645312 0.085938 0.090625
0 0.716406 0.643750 0.065625 0.068750
0 0.694531 0.704688 0.068750 0.065625
0 0.746875 0.705469 0.067187 0.070312
0 0.575781 0.682031 0.078125 0.082812
0 0.607812 0.635156 0.070312 0.064062
0 0.632031 0.686719 0.071875 0.054688
1 0.652344 0.609375 0.071875 0.078125
0 0.479687 0.047656 0.039062 0.039062
0 0.406250 0.039844 0.039062 0.039062
0 0.382812 0.009375 0.042188 0.018750
0 0.376563 0.103125 0.042188 0.071875
0 0.428125 0.082031 0.051562 0.054688
2 0.462500 0.086719 0.048438 0.045312
2 0.448437 0.017969 0.032813 0.029687
0 0.128125 0.028125 0.085938 0.056250
