0 0.399816 0.169118 0.090074 0.093750
1 0.388787 0.267463 0.104779 0.077206
0 0.491728 0.214154 0.086397 0.073529
0 0.525735 0.398897 0.080882 0.082721
0 0.727022 0.352022 0.075368 0.069853
1 0.819853 0.368566 0.106618 0.084559
1 0.658088 0.462316 0.077206 0.073529
1 0.434743 0.362132 0.075368 0.049632
1 0.537684 0.084559 0.064338 0.082721
2 0.761029 0.094669 0.058824 0.062500
1 0.788603 0.207721 0.080882 0.086397
1 0.700368 0.238051 0.091912 0.091912
1 0.761029 0.288603 0.062500 0.056985
1 0.677390 0.305147 0.068015 0.068015
2 0.595588 0.379596 0.040441 0.066176
1 0.525735 0.174632 0.069853 0.038603
2 0.594669 0.437500 0.038603 0.068015
