0 0.655688 0.670863 0.082059 0.087680
0 0.717513 0.700652 0.066322 0.093300
1 0.695594 0.546650 0.098921 0.097797
0 0.458970 0.313399 0.109038 0.080935
0 0.381969 0.063849 0.067446 0.069694
0 0.457846 0.031812 0.050585 0.050585
0 0.541030 0.060477 0.059577 0.069694
0 0.588242 0.080148 0.073067 0.095549
0 0.955823 0.251012 0.073067 0.077563
0 0.967513 0.182596 0.064973 0.075624
2 0.768098 0.484825 0.068570 0.050585
2 0.804069 0.490445 0.068570 0.057329
1 0.928282 0.465153 0.080935 0.065198
2 0.965940 0.462905 0.048336 0.069694
0 0.693345 0.396021 0.101169 0.070818
2 0.654002 0.794514 0.065198 0.083183
2 0.889501 0.928282 0.066322 0.083183
2 0.442109 0.602855 0.077563 0.077563
2 0.274618 0.334195 0.052833 0.066322
2 0.245953 0.236960 0.053957 0.056205
0 0.587118 0.156587 0.075315 0.070818
0 0.686039 0.032936 0.050585 0.050585
2 0.736623 0.114433 0.070818 0.051709
2 0.967626 0.664681 0.053957 0.086556
