0 0.258681 0.275463 0.034722 0.041667
0 0.230324 0.253472 0.049769 0.048611
1 0.211227 0.298032 0.034722 0.049769
0 0.203704 0.336227 0.035880 0.052083
0 0.219329 0.295139 0.039352 0.039352
0 0.256944 0.325231 0.047454 0.039352
0 0.298032 0.344907 0.020833 0.050926
0 0.304398 0.391204 0.047454 0.048611
1 0.254051 0.428241 0.055556 0.064815
0 0.428819 0.459491 0.048611 0.048611
1 0.474537 0.476273 0.040509 0.061343
0 0.251157 0.439236 0.049769 0.077546
0 0.487269 0.480903 0.054398 0.054398
0 0.306713 0.453704 0.033565 0.055556
0 0.079282 0.651620 0.037037 0.048611
1 0.100694 0.631366 0.059028 0.056713
0 0.094907 0.631944 0.042824 0.032407
0 0.174769 0.942130 0.054398 0.048611
0 0.394097 0.875579 0.039352 0.035880
0 0.394097 0.914352 0.030093 0.034722
0 0.655093 0.933449 0.045139 0.065972
0 0.721644 0.938079 0.092593 0.061343
0 0.715278 0.893519 0.061343 0.053241
0 0.037616 0.537037 0.034722 0.048611
