0 0.229403 0.151989 0.130682 0.113636
0 0.721591 0.458097 0.137784 0.129261
0 0.736506 0.642756 0.147727 0.120739
0 0.812500 0.781250 0.117898 0.102273
0 0.360085 0.617898 0.113636 0.090909
1 0.879972 0.047585 0.144886 0.078125
1 0.837358 0.497869 0.088068 0.092330
1 0.889205 0.583807 0.095170 0.119318
1 0.971946 0.530753 0.056108 0.078551
1 0.966974 0.604316 0.066051 0.055223
1 0.879261 0.737216 0.126420 0.107955
1 0.939631 0.671875 0.093750 0.099432
1 0.120028 0.133523 0.105114 0.102273
1 0.083807 0.173295 0.117898 0.082386
