0 0.285156 0.070312 0.078125 0.093750
2 0.215495 0.099609 0.082031 0.061198
2 0.226562 0.048177 0.052083 0.049479
2 0.505859 0.148438 0.061198 0.062500
2 0.535807 0.100260 0.058594 0.072917
2 0.561198 0.151693 0.052083 0.053385
2 0.660156 0.298828 0.065104 0.076823
2 0.715495 0.307943 0.071615 0.087240
2 0.759766 0.247396 0.071615 0.067708
2 0.795573 0.296224 0.065104 0.050781
2 0.120443 0.769531 0.032552 0.046875
2 0.087891 0.669271 0.037760 0.044271
2 0.136719 0.666016 0.033854 0.040365
2 0.179036 0.763672 0.040365 0.035156
2 0.539062 0.597005 0.049479 0.071615
2 0.606120 0.690755 0.076823 0.063802
2 0.629557 0.613281 0.082031 0.083333
2 0.697266 0.669922 0.115885 0.095052
2 0.717448 0.577474 0.080729 0.066406
0 0.744141 0.768880 0.084635 0.071615
1 0.915365 0.526693 0.057292 0.079427
1 0.964844 0.557556 0.070312 0.078655
0 0.965495 0.647239 0.069010 0.067915
1 0.886068 0.426432 0.066406 0.092448
1 0.865234 0.337891 0.061198 0.071615
2 0.940755 0.403646 0.061198 0.062500
