1 0.622656 0.063281 0.076563 0.073438
2 0.573438 0.070312 0.065625 0.056250
1 0.582812 0.144531 0.093750 0.079687
0 0.869531 0.223438 0.079687 0.078125
1 0.965625 0.181111 0.068750 0.080972
1 0.897656 0.150000 0.067187 0.065625
1 0.944531 0.141406 0.051562 0.054688
0 0.805469 0.233594 0.067187 0.064062
1 0.825000 0.332813 0.056250 0.056250
1 0.811719 0.377344 0.054688 0.048438
1 0.478906 0.283594 0.079687 0.054688
1 0.468750 0.234375 0.081250 0.059375
1 0.514844 0.242188 0.064062 0.081250
2 0.419531 0.253125 0.064062 0.046875
2 0.388281 0.213281 0.054688 0.048438
2 0.323437 0.242969 0.056250 0.051562
