0 0.443871 0.587985 0.054612 0.077367
0 0.499242 0.587227 0.071299 0.072816
0 0.641839 0.533374 0.050061 0.040959
0 0.839047 0.383950 0.083434 0.048544
0 0.875455 0.528823 0.031857 0.071299
0 0.946754 0.496208 0.031857 0.045510
0 0.977852 0.519721 0.036408 0.062197
0 0.802640 0.644873 0.065231 0.072816
0 0.277761 0.868629 0.059163 0.056129
1 0.111650 0.378641 0.063714 0.071299
1 0.182191 0.432494 0.059163 0.045510
1 0.229217 0.474970 0.065231 0.048544
1 0.354369 0.490898 0.051578 0.056129
1 0.365746 0.572816 0.047027 0.034891
1 0.399879 0.538683 0.036408 0.033374
0 0.400637 0.581159 0.043993 0.057646
1 0.456007 0.543993 0.051578 0.059163
1 0.488623 0.553095 0.050061 0.025789
1 0.501517 0.525030 0.045510 0.051578
1 0.440837 0.509860 0.081917 0.060680
1 0.411256 0.493932 0.053095 0.050061
1 0.447664 0.481038 0.047027 0.039442
1 0.613774 0.478004 0.060680 0.054612
1 0.623635 0.428701 0.047027 0.034891
1 0.520479 0.205704 0.050061 0.043993
1 0.457524 0.183708 0.030340 0.027306
1 0.157919 0.348301 0.043993 0.025789
1 0.108617 0.374090 0.051578 0.043993
1 0.142749 0.312652 0.043993 0.045510
1 0.198877 0.406705 0.053095 0.033374
2 0.057039 0.531857 0.063714 0.037925
1 0.217081 0.647148 0.074333 0.056129
1 0.334648 0.754096 0.094053 0.051578
1 0.411256 0.774575 0.053095 0.043993
1 0.458283 0.766990 0.034891 0.047027
1 0.481038 0.795055 0.040959 0.039442
1 0.543993 0.741201 0.060680 0.068265
1 0.025941 0.917931 0.037925 0.060680
1 0.038835 0.983920 0.042476 0.025789
1 0.393052 0.822360 0.050061 0.033374
2 0.632737 0.697967 0.031857 0.039442
2 0.656250 0.735133 0.051578 0.034891
2 0.665352 0.772300 0.039442 0.030340
2 0.689624 0.694933 0.036408 0.039442
2 0.659284 0.643356 0.112257 0.048544
2 0.736650 0.691141 0.051578 0.037925
