0 0.630682 0.117188 0.102273 0.089489
0 0.571023 0.047585 0.107955 0.095170
0 0.069602 0.032670 0.076705 0.062500
0 0.329545 0.366477 0.056818 0.079545
0 0.445312 0.397727 0.109375 0.082386
0 0.557528 0.406250 0.072443 0.085227
0 0.220881 0.124290 0.095170 0.066761
1 0.566051 0.137074 0.089489 0.072443
2 0.532670 0.531250 0.062500 0.068182
2 0.439631 0.523438 0.052557 0.063920
2 0.417614 0.451705 0.088068 0.053977
2 0.274148 0.396307 0.076705 0.051136
2 0.293324 0.309659 0.066761 0.059659
2 0.166903 0.438920 0.080966 0.051136
2 0.384943 0.241477 0.062500 0.065341
2 0.421165 0.200284 0.046875 0.068182
2 0.337358 0.201705 0.080966 0.056818
