2 0.123872 0.495973 0.075709 0.080541
2 0.160116 0.462951 0.067655 0.075709
2 0.255155 0.334085 0.074098 0.091817
0 0.276901 0.395296 0.114369 0.088595
2 0.359053 0.169781 0.082152 0.095039
2 0.475032 0.135148 0.059601 0.083763
2 0.537854 0.162532 0.069265 0.090206
2 0.504832 0.210052 0.061211 0.056379
2 0.562017 0.433151 0.066044 0.061211
2 0.493557 0.453286 0.054768 0.049936
2 0.599066 0.483892 0.062822 0.059601
2 0.466173 0.517719 0.064433 0.066044
2 0.405767 0.545909 0.082152 0.070876
2 0.538660 0.574903 0.064433 0.054768
2 0.402545 0.621617 0.091817 0.064433
2 0.507249 0.624839 0.082152 0.086985
2 0.326031 0.670747 0.074098 0.069265
2 0.358247 0.663499 0.057990 0.057990
2 0.280928 0.718267 0.067655 0.077320
1 0.319588 0.742429 0.074098 0.077320
2 0.458924 0.805251 0.072487 0.054768
2 0.652223 0.873711 0.075709 0.072487
0 0.643363 0.959085 0.115979 0.078930
1 0.831024 0.646585 0.091817 0.075709
1 0.839079 0.563628 0.075709 0.090206
2 0.883376 0.542687 0.077320 0.077320
2 0.818138 0.441205 0.066044 0.080541
1 0.814111 0.317171 0.093428 0.090206
0 0.768202 0.238241 0.098260 0.090206
2 0.756927 0.307506 0.062822 0.086985
2 0.668331 0.305090 0.059601 0.049936
1 0.856798 0.178640 0.082152 0.103093
2 0.821360 0.196360 0.069265 0.093428
2 0.851160 0.102126 0.077320 0.091817
2 0.959085 0.103737 0.074098 0.075709
2 0.920425 0.045747 0.080541 0.056379
2 0.875107 0.024082 0.119632 0.048164
