0 0.894886 0.298295 0.146307 0.173295
0 0.098722 0.921875 0.170455 0.144886
2 0.767045 0.335227 0.115057 0.119318
2 0.765625 0.541903 0.151989 0.123580
2 0.292614 0.395597 0.132102 0.109375
2 0.231534 0.531960 0.140625 0.129261
2 0.348011 0.608665 0.126420 0.103693
2 0.235085 0.632812 0.119318 0.123580
2 0.038352 0.549006 0.072443 0.151989
2 0.309659 0.796875 0.092330 0.102273
2 0.344460 0.703125 0.096591 0.105114
2 0.477983 0.767756 0.105114 0.106534
2 0.529119 0.807528 0.093750 0.100852
2 0.485085 0.888494 0.096591 0.106534
2 0.468750 0.947443 0.120739 0.065341
2 0.353693 0.870028 0.072443 0.075284
2 0.276278 0.848722 0.107955 0.083807
1 0.352273 0.506392 0.149148 0.137784
1 0.130682 0.676847 0.154830 0.149148
2 0.089489 0.816051 0.146307 0.115057
