0 0.407670 0.054688 0.071023 0.083807
0 0.429688 0.113636 0.058239 0.059659
0 0.474432 0.107244 0.073864 0.078125
0 0.322443 0.413352 0.082386 0.062500
0 0.142045 0.666193 0.090909 0.076705
0 0.022727 0.622869 0.045455 0.075284
0 0.294744 0.884233 0.066761 0.044034
1 0.093040 0.458097 0.066761 0.058239
1 0.153409 0.447443 0.068182 0.090909
1 0.291903 0.674716 0.066761 0.056818
1 0.340909 0.703125 0.073864 0.071023
1 0.343750 0.921875 0.071023 0.062500
1 0.394886 0.790483 0.071023 0.044034
2 0.580966 0.360085 0.059659 0.058239
2 0.484375 0.272727 0.073864 0.048295
2 0.400568 0.244318 0.053977 0.053977
2 0.081676 0.367898 0.106534 0.065341
2 0.079545 0.203835 0.065341 0.052557
2 0.265625 0.377131 0.059659 0.072443
2 0.088068 0.684659 0.127841 0.082386
2 0.128551 0.853693 0.066761 0.042614
2 0.278409 0.804688 0.036932 0.035511
2 0.218040 0.820312 0.061080 0.058239
2 0.320312 0.843750 0.075284 0.065341
2 0.083807 0.847301 0.068182 0.063920
2 0.865057 0.580966 0.053977 0.068182
2 0.791193 0.583807 0.039773 0.051136
2 0.827415 0.570312 0.052557 0.063920
2 0.411222 0.291193 0.058239 0.082386
2 0.384233 0.463068 0.078125 0.068182
