1 0.575210 0.651003 0.088619 0.103778
1 0.557719 0.758862 0.081623 0.093284
1 0.428288 0.718633 0.100280 0.094450
1 0.331507 0.567048 0.065299 0.080457
1 0.784515 0.876049 0.085121 0.101446
1 0.912197 0.841651 0.074627 0.081623
2 0.324510 0.329757 0.079291 0.072295
2 0.330924 0.411381 0.080457 0.081623
2 0.440532 0.401469 0.068797 0.047808
2 0.438200 0.446945 0.080457 0.071129
2 0.498834 0.480177 0.071129 0.079291
2 0.463270 0.512243 0.060634 0.061800
2 0.425956 0.562966 0.053638 0.062966
2 0.485424 0.583372 0.060634 0.075793
2 0.500583 0.706390 0.062966 0.088619
0 0.671992 0.680737 0.104944 0.088619
2 0.640508 0.752449 0.079291 0.080457
2 0.708139 0.800257 0.069963 0.073461
2 0.648088 0.821245 0.085121 0.071129
2 0.546059 0.831157 0.072295 0.067631
2 0.493004 0.831157 0.066465 0.081623
2 0.705807 0.890042 0.083955 0.099114
2 0.681903 0.946595 0.085121 0.067631
0 0.785681 0.966418 0.108442 0.058302
2 0.630014 0.930854 0.067631 0.071129
0 0.664995 0.462104 0.083955 0.073461
