0 0.693907 0.303282 0.066322 0.051709
0 0.812500 0.438737 0.042716 0.046088
0 0.774281 0.498876 0.056205 0.065198
0 0.751237 0.749550 0.055081 0.078687
0 0.985049 0.566322 0.016862 0.038219
1 0.940085 0.392086 0.037095 0.049460
1 0.963692 0.426371 0.030351 0.037095
1 0.970886 0.479150 0.058228 0.027994
1 0.993480 0.325202 0.011241 0.091052
1 0.649505 0.516299 0.051709 0.037095
1 0.577001 0.525854 0.064074 0.047212
1 0.624775 0.578687 0.058453 0.035971
1 0.691659 0.773719 0.050585 0.075315
1 0.834420 0.655126 0.043840 0.062950
1 0.783273 0.251574 0.051709 0.044964
2 0.631520 0.189748 0.042716 0.031475
