1 0.175697 0.144222 0.046088 0.050585
1 0.137478 0.135791 0.039344 0.049460
1 0.018885 0.200989 0.029227 0.035971
0 0.103192 0.178507 0.051709 0.042716
0 0.056542 0.225719 0.037095 0.035971
0 0.135791 0.256070 0.056205 0.051709
0 0.026754 0.310027 0.042716 0.062950
2 0.417379 0.337005 0.041592 0.029227
2 0.445481 0.399393 0.032599 0.039344
2 0.475270 0.384218 0.033723 0.033723
2 0.268435 0.422999 0.031475 0.041592
1 0.034622 0.672549 0.035971 0.032599
1 0.086331 0.693345 0.042716 0.042716
1 0.030688 0.777091 0.032599 0.041592
1 0.130733 0.788332 0.041592 0.041592
1 0.186938 0.816434 0.048336 0.048336
1 0.075090 0.947392 0.058453 0.042716
0 0.079586 0.763602 0.071942 0.073067
2 0.489321 0.634330 0.025854 0.050585
2 0.384218 0.226281 0.024730 0.032599
