2 0.175347 0.233796 0.039352 0.034722
0 0.284722 0.271991 0.038194 0.057870
0 0.281829 0.224537 0.032407 0.025463
1 0.303241 0.392940 0.040509 0.042824
1 0.331597 0.409144 0.034722 0.031250
1 0.374421 0.405093 0.043981 0.048611
0 0.376736 0.468171 0.046296 0.035880
1 0.498843 0.487847 0.040509 0.035880
1 0.515046 0.326968 0.042824 0.040509
1 0.471644 0.300347 0.046296 0.031250
1 0.442708 0.242477 0.034722 0.024306
1 0.465856 0.262731 0.039352 0.030093
1 0.513889 0.266204 0.038194 0.039352
1 0.598380 0.265046 0.038194 0.043981
2 0.355903 0.248264 0.032407 0.024306
0 0.561343 0.445602 0.049769 0.046296
0 0.545139 0.484954 0.047454 0.041667
0 0.552662 0.535880 0.050926 0.060185
