2 0.505515 0.171875 0.047794 0.055147
2 0.445772 0.175551 0.053309 0.062500
2 0.541360 0.281250 0.053309 0.038603
2 0.576287 0.350184 0.045956 0.058824
2 0.575368 0.413603 0.047794 0.056985
2 0.534926 0.459559 0.040441 0.045956
2 0.580882 0.462316 0.036765 0.044118
2 0.543199 0.579044 0.053309 0.042279
2 0.626838 0.535846 0.055147 0.040441
2 0.625919 0.592831 0.031250 0.044118
2 0.668199 0.615809 0.056985 0.045956
2 0.667279 0.660846 0.044118 0.047794
1 0.678309 0.750000 0.055147 0.056985
1 0.720588 0.725184 0.040441 0.069853
1 0.661765 0.791360 0.047794 0.047794
1 0.710478 0.796875 0.042279 0.055147
1 0.745404 0.803309 0.045956 0.056985
1 0.749081 0.856618 0.042279 0.045956
1 0.805147 0.911765 0.058824 0.060662
1 0.750000 0.965993 0.066176 0.066176
0 0.823529 0.976103 0.051471 0.038603
1 0.622243 0.482537 0.071691 0.073529
1 0.646140 0.551471 0.071691 0.064338
1 0.965993 0.199449 0.068015 0.084559
2 0.897978 0.256434 0.056985 0.047794
2 0.922794 0.231618 0.055147 0.060662
2 0.811581 0.492647 0.031250 0.038603
2 0.886949 0.534926 0.031250 0.038603
2 0.837316 0.607537 0.031250 0.044118
2 0.839154 0.670956 0.031250 0.038603
2 0.834559 0.715074 0.029412 0.034926
2 0.885110 0.742647 0.027574 0.042279
2 0.893382 0.683824 0.036765 0.038603
2 0.924632 0.615809 0.033088 0.038603
2 0.897978 0.584559 0.034926 0.038603
2 0.902574 0.657169 0.029412 0.036765
2 0.486213 0.281250 0.042279 0.049632
2 0.566176 0.621324 0.044118 0.038603
2 0.613051 0.634191 0.042279 0.034926
2 0.818015 0.456801 0.029412 0.036765
