0 0.822411 0.371152 0.093284 0.078125
0 0.841651 0.258629 0.068797 0.065299
0 0.965252 0.550723 0.040812 0.085121
0 0.753032 0.603778 0.099114 0.067631
0 0.642840 0.254548 0.055970 0.043144
0 0.627682 0.312850 0.067631 0.047808
0 0.757696 0.744286 0.078125 0.057136
0 0.737290 0.836987 0.053638 0.088619
0 0.676656 0.847481 0.100280 0.067631
2 0.722715 0.679571 0.033815 0.072295
2 0.708139 0.404967 0.058302 0.073461
1 0.611940 0.274953 0.040812 0.032649
1 0.575210 0.265042 0.037313 0.043144
1 0.708722 0.618354 0.089785 0.075793
1 0.936684 0.506413 0.069963 0.071129
