2 0.561263 0.148719 0.050585 0.032599
2 0.594987 0.176259 0.048336 0.035971
2 0.638826 0.190872 0.061826 0.049460
1 0.592176 0.225719 0.065198 0.060701
0 0.658498 0.387590 0.078687 0.074191
1 0.920976 0.298224 0.050585 0.050585
1 0.910297 0.352181 0.058453 0.061826
1 0.959195 0.345998 0.064074 0.060701
1 0.967064 0.302720 0.034847 0.043840
1 0.810814 0.618031 0.066322 0.060701
0 0.738309 0.651754 0.103417 0.083183
0 0.899618 0.677608 0.066322 0.087680
0 0.954699 0.544402 0.064074 0.086556
0 0.745054 0.599483 0.060701 0.052833
2 0.526416 0.623089 0.061826 0.043840
0 0.441547 0.722572 0.065198 0.051709
2 0.541592 0.456160 0.058453 0.038219
1 0.554519 0.507307 0.070818 0.059577
2 0.511803 0.408948 0.088804 0.038219
