0 0.947368 0.421875 0.069079 0.083882
0 0.890625 0.470395 0.077303 0.069079
0 0.879934 0.548520 0.085526 0.080592
0 0.962171 0.619243 0.075658 0.070724
0 0.342928 0.201480 0.064145 0.044408
0 0.063322 0.192434 0.074013 0.052632
0 0.058388 0.236020 0.050987 0.044408
0 0.091283 0.208882 0.034539 0.046053
0 0.064967 0.290296 0.050987 0.067434
0 0.092105 0.331414 0.052632 0.064145
0 0.282072 0.295230 0.067434 0.050987
0 0.327303 0.273026 0.042763 0.046053
0 0.155428 0.412007 0.047697 0.057566
0 0.615954 0.281250 0.077303 0.072368
0 0.622533 0.358553 0.080592 0.069079
0 0.716283 0.391447 0.087171 0.098684
0 0.692434 0.423520 0.075658 0.074013
0 0.760691 0.451480 0.074013 0.070724
0 0.916118 0.925164 0.055921 0.060855
0 0.889803 0.945724 0.095395 0.065789
0 0.781250 0.843750 0.065789 0.059211
0 0.931743 0.819079 0.083882 0.049342
2 0.934211 0.661184 0.036184 0.042763
2 0.891447 0.643914 0.055921 0.057566
2 0.875822 0.608553 0.077303 0.055921
2 0.939145 0.549342 0.065789 0.069079
2 0.787829 0.416118 0.042763 0.039474
2 0.025493 0.275493 0.047697 0.047697
2 0.105263 0.292763 0.059211 0.052632
2 0.518092 0.171875 0.042763 0.041118
