0 0.204044 0.745404 0.073529 0.080882
0 0.189338 0.784007 0.080882 0.091912
0 0.090074 0.976103 0.069853 0.034926
1 0.431066 0.362132 0.075368 0.082721
1 0.192096 0.425551 0.079044 0.069853
1 0.130515 0.404412 0.051471 0.068015
2 0.029412 0.408088 0.044118 0.053309
2 0.063419 0.445772 0.053309 0.051471
2 0.095588 0.492647 0.036765 0.049632
2 0.222426 0.662684 0.051471 0.051471
2 0.243566 0.629596 0.042279 0.047794
2 0.253676 0.721507 0.047794 0.051471
2 0.153493 0.958640 0.056985 0.055147
2 0.202206 0.980699 0.036765 0.036765
2 0.469669 0.468750 0.064338 0.060662
2 0.521140 0.502757 0.045956 0.062500
2 0.488051 0.299632 0.060662 0.049632
2 0.560662 0.274816 0.066176 0.058824
2 0.518382 0.258272 0.055147 0.044118
2 0.427390 0.319853 0.060662 0.049632
