2 0.077309 0.623018 0.051306 0.031483
2 0.074394 0.674907 0.043144 0.060634
2 0.033582 0.628265 0.059468 0.051306
2 0.030667 0.678988 0.044310 0.057136
0 0.764692 0.678988 0.080457 0.066465
0 0.704058 0.629431 0.043144 0.062966
0 0.806087 0.536147 0.067631 0.046642
2 0.723881 0.504081 0.043144 0.047808
0 0.861474 0.550723 0.038479 0.057136
0 0.766441 0.596782 0.088619 0.044310
0 0.242887 0.477262 0.048974 0.040812
0 0.203825 0.459771 0.066465 0.047808
0 0.176423 0.498834 0.083955 0.058302
0 0.040578 0.247551 0.059468 0.078125
0 0.043493 0.336171 0.055970 0.057136
0 0.037663 0.425956 0.048974 0.075793
0 0.410215 0.111707 0.050140 0.048974
0 0.458605 0.140858 0.044310 0.053638
0 0.414296 0.164762 0.039646 0.050140
0 0.419543 0.221315 0.075793 0.055970
0 0.301772 0.344333 0.057136 0.045476
0 0.070896 0.872551 0.052472 0.033815
0 0.046409 0.919193 0.038479 0.040812
0 0.102379 0.853895 0.061800 0.052472
0 0.113456 0.908699 0.053638 0.043144
