0 0.302720 0.646133 0.061826 0.053957
1 0.310589 0.737185 0.039344 0.035971
1 0.329699 0.711893 0.052833 0.050585
0 0.380283 0.731003 0.061826 0.055081
1 0.339816 0.772594 0.039344 0.041592
1 0.370166 0.833296 0.068570 0.050585
1 0.334195 0.881632 0.075315 0.046088
1 0.286983 0.895121 0.059577 0.055081
0 0.229654 0.906362 0.077563 0.070818
1 0.252698 0.966502 0.098921 0.049460
2 0.474146 0.511803 0.053957 0.057329
2 0.404451 0.548336 0.044964 0.040468
2 0.400517 0.496628 0.046088 0.051709
2 0.263939 0.448291 0.040468 0.038219
2 0.032936 0.431992 0.034847 0.041592
1 0.412320 0.229092 0.042716 0.058453
2 0.859712 0.244829 0.092176 0.053957
2 0.645571 0.149281 0.039344 0.042716
2 0.321268 0.075090 0.053957 0.040468
0 0.276866 0.161084 0.057329 0.068570
2 0.158835 0.089141 0.046088 0.048336
2 0.223471 0.039119 0.033723 0.042716
2 0.150967 0.039681 0.073067 0.048336
1 0.021695 0.541592 0.032599 0.058453
