0 0.694762 0.349252 0.074824 0.078125
2 0.661202 0.113776 0.078125 0.069322
2 0.630942 0.149538 0.101232 0.103433
2 0.701364 0.138534 0.070423 0.129842
2 0.363006 0.492848 0.069322 0.046215
2 0.368508 0.519806 0.036312 0.034111
2 0.361906 0.555568 0.082526 0.072623
2 0.396567 0.644146 0.079225 0.051717
2 0.416923 0.677707 0.071523 0.063820
2 0.438380 0.786092 0.066021 0.084727
2 0.402619 0.778939 0.047315 0.041813
2 0.345951 0.753631 0.057218 0.050616
2 0.386114 0.808099 0.102333 0.060519
2 0.272227 0.607835 0.070423 0.073724
2 0.682658 0.024098 0.090229 0.035211
