1 0.540468 0.200427 0.060701 0.066322
1 0.518548 0.256632 0.050585 0.041592
1 0.620279 0.189748 0.042716 0.060701
1 0.645571 0.538219 0.025854 0.051709
1 0.357801 0.063287 0.032599 0.028103
0 0.512365 0.034622 0.053957 0.053957
0 0.527540 0.148156 0.037095 0.029227
0 0.588804 0.284173 0.056205 0.042716
0 0.304406 0.654002 0.049460 0.049460
0 0.356115 0.632644 0.065198 0.069694
0 0.589928 0.531475 0.062950 0.053957
0 0.424685 0.765850 0.031475 0.039344
0 0.168952 0.834420 0.039344 0.021358
0 0.177945 0.946830 0.030351 0.023606
2 0.140850 0.347122 0.048336 0.038219
2 0.578125 0.163894 0.046088 0.044964
2 0.584308 0.243705 0.049460 0.033723
2 0.804631 0.320706 0.071942 0.059577
2 0.844537 0.280800 0.030351 0.047212
2 0.823179 0.224033 0.070818 0.032599
2 0.777091 0.211668 0.052833 0.050585
0 0.226281 0.020571 0.070818 0.023606
0 0.341502 0.030688 0.065198 0.039344
0 0.384218 0.045301 0.026978 0.043840
0 0.272370 0.097010 0.059577 0.030351
2 0.610162 0.020571 0.047212 0.030351
2 0.628147 0.049798 0.035971 0.032599
2 0.677046 0.043615 0.059577 0.047212
2 0.692783 0.040805 0.030351 0.032599
2 0.610162 0.434240 0.020234 0.025854
0 0.598359 0.449978 0.048336 0.048336
2 0.507869 0.376911 0.017986 0.023606
2 0.159960 0.440423 0.030351 0.033723
2 0.138602 0.619717 0.059577 0.037095
2 0.153777 0.645009 0.038219 0.035971
2 0.027878 0.734375 0.049460 0.046088
2 0.018323 0.797325 0.030351 0.068570
2 0.139599 0.986623 0.030098 0.026754
2 0.186938 0.978867 0.057329 0.026978
2 0.231902 0.992918 0.028103 0.012365
2 0.312275 0.924910 0.056205 0.049460
2 0.438174 0.824303 0.026978 0.046088
2 0.720886 0.539344 0.039344 0.051709
2 0.694469 0.568570 0.011241 0.038219
2 0.723696 0.591614 0.035971 0.025854
