1 0.047133 0.197802 0.050652 0.054087
1 0.482830 0.603451 0.053228 0.056662
1 0.262620 0.439904 0.047218 0.043784
1 0.246308 0.354052 0.042067 0.050652
1 0.589715 0.582847 0.047218 0.048077
1 0.661401 0.611607 0.039492 0.057521
1 0.681147 0.628777 0.054945 0.052370
1 0.674708 0.840402 0.042067 0.049794
1 0.821944 0.445055 0.039492 0.048935
1 0.213685 0.446343 0.045501 0.041209
0 0.028674 0.280649 0.051511 0.049794
0 0.494420 0.233860 0.035199 0.050652
0 0.480683 0.272493 0.043784 0.050652
1 0.523609 0.274639 0.031765 0.032624
0 0.092634 0.255752 0.042067 0.051511
0 0.929688 0.424021 0.038633 0.044643
0 0.932692 0.593578 0.034341 0.030048
0 0.993389 0.561027 0.013221 0.033628
0 0.572545 0.631782 0.042067 0.056662
0 0.619334 0.624914 0.046360 0.051511
0 0.526185 0.634787 0.060955 0.071257
0 0.621909 0.675567 0.058379 0.058379
0 0.661401 0.691449 0.053228 0.062672
0 0.347613 0.783310 0.055804 0.055804
0 0.404705 0.808207 0.054945 0.055804
0 0.444196 0.825378 0.044643 0.057521
0 0.288376 0.897922 0.038633 0.041209
1 0.171617 0.828812 0.042067 0.033482
0 0.949863 0.905649 0.039492 0.037775
1 0.870660 0.285012 0.034722 0.043403
1 0.724248 0.318287 0.034722 0.031250
