0 0.492131 0.294852 0.094424 0.032599
0 0.783835 0.284173 0.037095 0.033723
0 0.816996 0.308341 0.013489 0.019110
0 0.675922 0.384780 0.023606 0.023606
0 0.217851 0.399955 0.031475 0.035971
0 0.268997 0.397707 0.032599 0.033723
0 0.287545 0.143660 0.049460 0.033723
0 0.210544 0.175697 0.043840 0.052833
0 0.254384 0.207172 0.057329 0.046088
2 0.429744 0.217851 0.032599 0.033723
2 0.592176 0.077900 0.011241 0.037095
2 0.695031 0.415130 0.019110 0.021358
2 0.253260 0.421313 0.034847 0.017986
0 0.568008 0.047549 0.034847 0.030351
0 0.610724 0.062163 0.037095 0.034847
