0 0.404412 0.056985 0.088235 0.090074
0 0.489890 0.068934 0.068015 0.091912
0 0.793199 0.208640 0.086397 0.080882
0 0.574449 0.642463 0.097426 0.091912
0 0.556066 0.571691 0.068015 0.053309
0 0.639706 0.661765 0.069853 0.079044
0 0.924632 0.731618 0.077206 0.082721
1 0.640625 0.530331 0.079044 0.073529
1 0.704963 0.613051 0.064338 0.073529
1 0.646140 0.607537 0.053309 0.062500
1 0.476103 0.735294 0.077206 0.068015
1 0.451287 0.977941 0.086397 0.034926
2 0.252757 0.094669 0.038603 0.058824
2 0.229779 0.472426 0.047794 0.049632
2 0.340993 0.527574 0.060662 0.056985
2 0.771140 0.690257 0.045956 0.044118
2 0.738051 0.686581 0.034926 0.047794
2 0.853860 0.633272 0.053309 0.051471
2 0.845588 0.960478 0.066176 0.058824
0 0.035846 0.375919 0.042279 0.062500
0 0.989890 0.423713 0.020221 0.073529
2 0.986213 0.954963 0.020221 0.051471
