2 0.848812 0.383913 0.055018 0.077025
2 0.888424 0.434529 0.044014 0.079225
2 0.917033 0.528059 0.066021 0.094630
2 0.822953 0.418024 0.064921 0.081426
2 0.846611 0.535211 0.063820 0.084727
2 0.839459 0.574274 0.084727 0.068222
2 0.811400 0.617738 0.101232 0.080326
2 0.896677 0.638644 0.078125 0.102333
2 0.683759 0.907680 0.092430 0.077025
2 0.603983 0.894476 0.060519 0.057218
0 0.606184 0.759133 0.071523 0.088028
0 0.506602 0.782790 0.118838 0.093530
0 0.429577 0.840009 0.123239 0.100132
0 0.397117 0.950044 0.124340 0.084727
