0 0.761194 0.810751 0.064132 0.059468
0 0.617187 0.154851 0.044310 0.048974
2 0.458022 0.104711 0.033815 0.039646
2 0.488340 0.122785 0.026819 0.026819
1 0.554804 0.123951 0.047808 0.047808
2 0.409049 0.192164 0.033815 0.034981
2 0.448111 0.213736 0.044310 0.036147
2 0.585704 0.157766 0.044310 0.038479
2 0.653335 0.269706 0.046642 0.040812
2 0.609025 0.267374 0.041978 0.040812
2 0.561800 0.301189 0.043144 0.033815
2 0.954174 0.780434 0.046642 0.054804
2 0.916278 0.646922 0.054804 0.044310
2 0.964669 0.694146 0.041978 0.036147
2 0.670826 0.560051 0.055970 0.057136
2 0.526236 0.614855 0.051306 0.054804
2 0.481926 0.610774 0.051306 0.044310
2 0.438200 0.648088 0.057136 0.041978
1 0.414879 0.914529 0.047808 0.031483
2 0.763526 0.558302 0.043144 0.055970
