2 0.621324 0.533088 0.044118 0.045956
2 0.546875 0.564338 0.053309 0.053309
2 0.423713 0.491728 0.045956 0.051471
2 0.471507 0.477941 0.042279 0.042279
2 0.498162 0.517463 0.044118 0.051471
2 0.489890 0.608456 0.064338 0.049632
2 0.479779 0.781250 0.047794 0.049632
2 0.508272 0.736213 0.045956 0.036765
2 0.079044 0.414522 0.062500 0.055147
1 0.526654 0.932904 0.056985 0.047794
2 0.350184 0.884191 0.049632 0.045956
0 0.375000 0.949449 0.077206 0.047794
0 0.506434 0.978860 0.071691 0.040441
0 0.397059 0.979779 0.058824 0.027574
2 0.488971 0.548713 0.040441 0.033088
