1 0.852771 0.115818 0.064433 0.054768
1 0.837468 0.173808 0.075709 0.057990
0 0.818138 0.247101 0.085374 0.091817
1 0.912371 0.234214 0.057990 0.059601
0 0.938950 0.264820 0.085374 0.049936
0 0.388853 0.298647 0.083763 0.085374
0 0.444427 0.358247 0.095039 0.072487
0 0.502416 0.358247 0.075709 0.059601
2 0.653028 0.276095 0.045103 0.037049
1 0.772229 0.385631 0.074098 0.059601
0 0.941366 0.516914 0.077320 0.083763
0 0.980348 0.499098 0.039304 0.106121
1 0.960696 0.445232 0.067655 0.056379
0 0.631282 0.557990 0.114369 0.082152
0 0.483086 0.554768 0.104704 0.088595
0 0.701353 0.684439 0.099871 0.099871
1 0.938144 0.627255 0.077320 0.075709
2 0.885793 0.672358 0.062822 0.043492
1 0.499195 0.730348 0.107925 0.078930
1 0.481476 0.688466 0.078930 0.046714
0 0.400934 0.634504 0.078930 0.077320
1 0.404156 0.698131 0.072487 0.062822
0 0.518750 0.842969 0.115625 0.123438
1 0.382812 0.878906 0.071875 0.076563
1 0.448437 0.882812 0.065625 0.075000
1 0.496094 0.917188 0.098437 0.084375
1 0.567969 0.883594 0.076563 0.064062
1 0.725000 0.906250 0.078125 0.065625
1 0.968750 0.914844 0.059375 0.089063
0 0.268750 0.733594 0.087500 0.073438
2 0.320312 0.691406 0.065625 0.057813
2 0.241406 0.635938 0.039062 0.059375
