0 0.024069 0.018411 0.047441 0.033513
0 0.012317 0.111116 0.018715 0.062239
0 0.035602 0.127655 0.028726 0.043088
0 0.503264 0.064763 0.032643 0.023503
0 0.227542 0.310672 0.035689 0.031337
0 0.298050 0.339180 0.020891 0.028290
0 0.185324 0.441678 0.034819 0.028726
0 0.151158 0.516104 0.031772 0.026985
0 0.171396 0.537866 0.027855 0.020891
0 0.202951 0.552228 0.034384 0.032208
0 0.177054 0.572249 0.036560 0.033078
0 0.167914 0.600757 0.029596 0.034384
0 0.136142 0.583565 0.036560 0.040912
0 0.477368 0.056058 0.030467 0.029596
2 0.139091 0.542178 0.045054 0.031633
2 0.062883 0.066718 0.055598 0.037385
2 0.017830 0.065280 0.030675 0.030675
