0 0.410156 0.580729 0.054687 0.054688
0 0.429688 0.636068 0.062500 0.063802
0 0.591797 0.563151 0.063802 0.066406
0 0.651042 0.551432 0.062500 0.069010
1 0.529948 0.629557 0.065104 0.061198
2 0.478516 0.616536 0.040365 0.071615
2 0.495443 0.572266 0.066406 0.058594
0 0.212891 0.225260 0.069010 0.078125
2 0.150391 0.218750 0.055990 0.070312
0 0.126953 0.148438 0.053385 0.065104
2 0.120443 0.026693 0.071615 0.050781
0 0.175781 0.077474 0.065104 0.055990
0 0.875651 0.453125 0.061198 0.070312
1 0.924479 0.470052 0.057292 0.059896
0 0.899089 0.563151 0.061198 0.069010
0 0.942708 0.419922 0.078125 0.055990
