0 0.644857 0.871636 0.095486 0.087891
1 0.889062 0.931250 0.089063 0.087500
2 0.442188 0.890625 0.057813 0.071875
2 0.475781 0.964063 0.062500 0.056250
0 0.729688 0.475781 0.092188 0.095312
0 0.718750 0.351562 0.082812 0.103125
0 0.657031 0.289844 0.071875 0.067187
0 0.639062 0.353906 0.076563 0.067187
0 0.462500 0.235156 0.079687 0.082812
0 0.332813 0.114062 0.085938 0.084375
0 0.275000 0.036719 0.076563 0.073438
0 0.119531 0.157812 0.090625 0.075000
1 0.528906 0.423438 0.071875 0.065625
1 0.726562 0.571094 0.079687 0.089063
1 0.478125 0.370312 0.051562 0.059375
1 0.170313 0.207813 0.067187 0.071875
1 0.244531 0.476562 0.075000 0.065625
1 0.345313 0.255469 0.057813 0.048438
2 0.560937 0.324219 0.054688 0.048438
2 0.591406 0.376563 0.034375 0.053125
2 0.982422 0.672219 0.032031 0.053812
1 0.607812 0.756250 0.073438 0.075000
0 0.707812 0.771875 0.110937 0.087500
2 0.262500 0.360938 0.057813 0.071875
2 0.488281 0.307812 0.043750 0.056250
2 0.404687 0.154688 0.051562 0.075000
2 0.855469 0.662500 0.053125 0.046875
2 0.729688 0.677344 0.054688 0.057813
