0 0.140625 0.027574 0.049632 0.042279
0 0.444853 0.388787 0.051471 0.047794
0 0.479779 0.432904 0.051471 0.058824
0 0.534926 0.467831 0.058824 0.047794
0 0.360294 0.502757 0.062500 0.044118
0 0.352022 0.557904 0.045956 0.044118
0 0.297794 0.803309 0.051471 0.049632
0 0.180147 0.355699 0.033088 0.040441
2 0.524816 0.423713 0.042279 0.036765
2 0.423713 0.522978 0.042279 0.040441
2 0.463235 0.506434 0.044118 0.044118
2 0.497243 0.501838 0.038603 0.034926
2 0.410846 0.660846 0.038603 0.044118
2 0.310662 0.740809 0.044118 0.049632
1 0.215074 0.924632 0.051471 0.049632
2 0.236213 0.897059 0.045956 0.038603
2 0.355699 0.773897 0.038603 0.038603
2 0.296875 0.692096 0.045956 0.044118
2 0.267463 0.731618 0.034926 0.049632
0 0.647059 0.013787 0.058824 0.025735
0 0.983456 0.039596 0.033088 0.051618
