2 0.165107 0.483081 0.076632 0.083599
2 0.032743 0.533340 0.048766 0.080613
2 0.075040 0.626891 0.057723 0.068670
2 0.033240 0.659236 0.047771 0.077627
2 0.132265 0.610967 0.070661 0.064689
2 0.237261 0.412420 0.057723 0.081608
2 0.355195 0.428842 0.052747 0.044785
2 0.327329 0.131768 0.048766 0.063694
1 0.259654 0.703523 0.080613 0.086584
1 0.331310 0.747313 0.054737 0.088575
2 0.310410 0.821955 0.066680 0.070661
2 0.375100 0.749303 0.084594 0.084594
2 0.393014 0.347731 0.100518 0.091561
2 0.328822 0.237261 0.075637 0.071656
2 0.377090 0.183021 0.080613 0.092556
2 0.253682 0.082006 0.090565 0.061704
2 0.765725 0.507962 0.117436 0.109475
2 0.901572 0.729399 0.064689 0.090565
2 0.885649 0.580613 0.076632 0.107484
0 0.223826 0.054638 0.036823 0.014928
