2 0.152778 0.155671 0.068287 0.049769
1 0.101852 0.315972 0.040509 0.034722
2 0.430556 0.381366 0.065972 0.063657
2 0.418403 0.440972 0.050926 0.043981
2 0.363426 0.490741 0.033565 0.030093
2 0.407986 0.494213 0.043981 0.057870
0 0.462963 0.479167 0.054398 0.057870
2 0.552662 0.396412 0.030093 0.035880
2 0.596065 0.086227 0.047454 0.056713
2 0.582176 0.136574 0.047454 0.039352
2 0.643519 0.098380 0.047454 0.053241
2 0.647569 0.140625 0.062500 0.047454
1 0.601273 0.361111 0.055556 0.048611
1 0.622106 0.417824 0.055556 0.062500
2 0.652199 0.365162 0.046296 0.052083
2 0.663194 0.301505 0.031250 0.042824
2 0.703704 0.338542 0.056713 0.070602
