2 0.713386 0.400303 0.050140 0.057136
2 0.723881 0.428871 0.087453 0.053638
2 0.649837 0.469100 0.058302 0.061800
1 0.180504 0.793843 0.087453 0.074627
0 0.690065 0.842817 0.089785 0.067631
0 0.662080 0.929688 0.078125 0.092118
0 0.725047 0.913946 0.082789 0.079291
0 0.967584 0.886544 0.043144 0.052472
0 0.683069 0.353661 0.057136 0.050140
0 0.237057 0.429454 0.048974 0.038479
2 0.096549 0.498834 0.064132 0.044310
2 0.489506 0.250466 0.036147 0.034981
0 0.534981 0.206157 0.040812 0.051306
0 0.260961 0.458022 0.050140 0.037313
