0 0.290695 0.580457 0.065299 0.062966
0 0.335588 0.555387 0.043144 0.052472
0 0.632346 0.688316 0.039646 0.075793
1 0.776936 0.696479 0.069963 0.059468
1 0.473181 0.858559 0.061800 0.054804
2 0.260378 0.509911 0.039646 0.047808
2 0.409049 0.551306 0.057136 0.048974
2 0.466768 0.316348 0.053638 0.043144
2 0.541978 0.315765 0.052472 0.048974
2 0.581623 0.371735 0.050140 0.044310
2 0.558885 0.412547 0.055970 0.053638
2 0.439366 0.737290 0.057136 0.052472
2 0.334422 0.775770 0.059468 0.064132
2 0.257463 0.813666 0.061800 0.055970
2 0.086637 0.957673 0.069963 0.061800
2 0.480177 0.800257 0.054804 0.054804
2 0.551889 0.770522 0.048974 0.051306
2 0.718050 0.742537 0.059468 0.053638
2 0.789762 0.766441 0.046642 0.040812
2 0.958839 0.935518 0.041978 0.061800
2 0.913363 0.967584 0.060634 0.044310
2 0.400303 0.968167 0.053638 0.045476
2 0.796175 0.081973 0.057136 0.045476
2 0.753615 0.164179 0.048974 0.034981
