1 0.960069 0.607060 0.063657 0.081019
0 0.378472 0.717014 0.078125 0.081019
0 0.467448 0.740885 0.067998 0.079572
0 0.467448 0.087674 0.053530 0.052083
1 0.411748 0.150608 0.063657 0.070891
1 0.484809 0.150608 0.053530 0.065104
1 0.406684 0.089120 0.062211 0.049190
2 0.501447 0.023293 0.078125 0.041956
2 0.669271 0.108652 0.063657 0.053530
2 0.746672 0.092737 0.059317 0.065104
2 0.684462 0.031250 0.062211 0.040509
1 0.455150 0.939815 0.069444 0.066551
1 0.531105 0.959346 0.062211 0.065104
2 0.611400 0.964410 0.066551 0.054977
2 0.502894 0.562211 0.037616 0.066551
2 0.308304 0.561487 0.056424 0.059317
2 0.380642 0.472512 0.053530 0.066551
2 0.523872 0.287326 0.053530 0.066551
2 0.528212 0.207031 0.070891 0.053530
2 0.494936 0.392216 0.047743 0.036169
1 0.427662 0.296730 0.057870 0.056424
2 0.427662 0.639612 0.054977 0.059317
2 0.452980 0.546296 0.053530 0.069444
2 0.520255 0.840712 0.054977 0.044850
