0 0.078025 0.794088 0.037818 0.050756
0 0.122811 0.801055 0.047771 0.060709
0 0.072054 0.871218 0.047771 0.051752
0 0.258658 0.542297 0.040804 0.048766
0 0.338276 0.650279 0.066680 0.059713
0 0.399980 0.692576 0.048766 0.060709
0 0.466660 0.620422 0.056728 0.049761
0 0.467655 0.681131 0.056728 0.059713
0 0.520402 0.667197 0.038814 0.051752
0 0.474622 0.747811 0.074642 0.057723
0 0.593551 0.738854 0.041799 0.053742
2 0.301951 0.702528 0.063694 0.064689
2 0.685609 0.863256 0.064689 0.055732
2 0.521397 0.732385 0.058718 0.056728
2 0.410430 0.800557 0.061704 0.065685
2 0.256668 0.949343 0.056728 0.044785
2 0.392018 0.602508 0.062699 0.079618
2 0.691083 0.925955 0.067675 0.041799
