0 0.385110 0.138787 0.053309 0.029412
0 0.358456 0.197610 0.044118 0.036765
0 0.601103 0.250000 0.047794 0.049632
0 0.657169 0.265625 0.038603 0.047794
0 0.574449 0.392463 0.064338 0.055147
0 0.571691 0.453125 0.051471 0.047794
0 0.677390 0.412684 0.042279 0.051471
0 0.644301 0.311581 0.034926 0.058824
0 0.592831 0.305147 0.068015 0.056985
0 0.250919 0.290441 0.034926 0.049632
0 0.225184 0.319853 0.045956 0.056985
0 0.176471 0.343750 0.047794 0.045956
0 0.145221 0.313419 0.036765 0.051471
0 0.534007 0.450368 0.034926 0.042279
0 0.551471 0.503676 0.044118 0.045956
0 0.589154 0.348346 0.045956 0.040441
0 0.684743 0.568015 0.031250 0.031250
