0 0.339681 0.360840 0.063477 0.061849
0 0.529297 0.173665 0.045573 0.058594
0 0.542318 0.134603 0.029297 0.048828
0 0.022949 0.175742 0.045898 0.031654
0 0.031250 0.139486 0.048828 0.032552
0 0.021322 0.087933 0.042643 0.034746
0 0.025553 0.043457 0.037435 0.032552
0 0.018066 0.633934 0.036133 0.049515
2 0.026204 0.597513 0.052409 0.053997
0 0.189128 0.705078 0.039062 0.030924
0 0.183431 0.683105 0.047201 0.029297
0 0.294922 0.719727 0.042318 0.034180
0 0.285156 0.694499 0.039062 0.026042
0 0.194010 0.866211 0.045573 0.053711
0 0.327474 0.875163 0.029297 0.029297
1 0.361654 0.875977 0.029297 0.040690
0 0.385254 0.876790 0.024414 0.045573
0 0.381185 0.924805 0.042318 0.040690
0 0.330729 0.918294 0.045573 0.037435
0 0.492676 0.867025 0.050456 0.058594
0 0.455241 0.844238 0.043945 0.045573
0 0.556152 0.762858 0.060221 0.045573
1 0.386882 0.639974 0.053711 0.056966
0 0.687988 0.727865 0.056966 0.056966
0 0.667643 0.696126 0.058594 0.052083
0 0.727865 0.639974 0.061849 0.050456
0 0.766927 0.666829 0.042318 0.052083
0 0.709961 0.674967 0.048828 0.048828
0 0.683919 0.618815 0.039062 0.053711
0 0.777507 0.620443 0.060221 0.066732
0 0.696940 0.571615 0.045573 0.060221
0 0.639160 0.548014 0.037435 0.058594
2 0.547201 0.519531 0.042318 0.043945
2 0.549642 0.475586 0.066732 0.043945
0 0.581380 0.400716 0.035807 0.047201
2 0.527669 0.336426 0.045573 0.058594
0 0.933757 0.455241 0.050456 0.052083
