0 0.440985 0.064973 0.041592 0.038219
0 0.680418 0.158835 0.048336 0.050585
0 0.607914 0.092513 0.038219 0.039344
0 0.218975 0.361174 0.053957 0.030351
0 0.189186 0.399955 0.046088 0.042716
0 0.284735 0.396583 0.046088 0.051709
0 0.274056 0.464029 0.049460 0.051709
0 0.211668 0.434240 0.057329 0.050585
0 0.218975 0.476956 0.040468 0.032599
0 0.306093 0.445481 0.028103 0.052833
0 0.324640 0.496628 0.047212 0.047212
0 0.330261 0.554519 0.044964 0.052833
0 0.263939 0.525854 0.074191 0.042716
0 0.271808 0.568570 0.053957 0.053957
0 0.215603 0.532599 0.056205 0.047212
0 0.490046 0.900444 0.054283 0.052237
0 0.549219 0.914844 0.042188 0.045312
0 0.632031 0.920312 0.045312 0.046875
0 0.503125 0.600781 0.040625 0.054688
0 0.033594 0.477344 0.026562 0.032813
0 0.544531 0.964844 0.073438 0.051562
0 0.493750 0.058594 0.037500 0.035937
