0 0.959162 0.167487 0.081676 0.093498
0 0.973366 0.252511 0.053267 0.064681
0 0.692472 0.303267 0.071023 0.078125
0 0.558239 0.236506 0.080966 0.075284
0 0.404119 0.387784 0.076705 0.082386
0 0.149148 0.549716 0.083807 0.090909
0 0.028409 0.620028 0.052557 0.112216
1 0.862216 0.166193 0.052557 0.048295
1 0.906250 0.217330 0.072443 0.062500
1 0.625000 0.219460 0.069602 0.058239
1 0.592330 0.171875 0.046875 0.056818
1 0.635653 0.299716 0.068182 0.056818
1 0.571023 0.365057 0.089489 0.059659
1 0.648437 0.360795 0.071023 0.048295
1 0.521307 0.277699 0.069602 0.075284
1 0.454545 0.360085 0.061080 0.061080
1 0.479403 0.429688 0.076705 0.080966
1 0.401278 0.245028 0.076705 0.075284
1 0.355824 0.264915 0.065341 0.066761
1 0.238636 0.269886 0.078125 0.065341
1 0.223011 0.332386 0.061080 0.062500
1 0.299006 0.350142 0.071023 0.066761
1 0.336648 0.387784 0.058239 0.073864
1 0.247869 0.411222 0.062500 0.069602
1 0.148437 0.391335 0.048295 0.052557
1 0.110795 0.311790 0.075284 0.072443
1 0.027699 0.384943 0.053977 0.068182
1 0.042614 0.455966 0.046875 0.073864
1 0.029830 0.110085 0.046875 0.046875
1 0.075994 0.113636 0.042614 0.085227
1 0.186080 0.066761 0.044034 0.062500
1 0.235085 0.054687 0.039773 0.049716
1 0.205256 0.122869 0.068182 0.038352
1 0.317472 0.950994 0.073864 0.052557
1 0.986861 0.721236 0.026278 0.078835
2 0.756392 0.675426 0.059659 0.078125
