0 0.234725 0.769356 0.096782 0.104944
0 0.882463 0.735541 0.114272 0.116604
2 0.143190 0.768773 0.081623 0.092118
2 0.189249 0.843983 0.080457 0.076959
2 0.893540 0.512243 0.082789 0.082789
0 0.077309 0.188083 0.099114 0.082789
0 0.039412 0.307020 0.072295 0.082789
0 0.281367 0.041744 0.103778 0.081623
1 0.746035 0.179338 0.100280 0.086287
2 0.758279 0.449277 0.064132 0.075793
2 0.828825 0.498251 0.058302 0.057136
2 0.359492 0.057486 0.094450 0.082789
2 0.761194 0.116954 0.081623 0.059468
0 0.033582 0.646339 0.062966 0.096782
