0 0.390497 0.136591 0.074283 0.067239
0 0.373207 0.377690 0.043545 0.039703
0 0.408107 0.394659 0.031378 0.039062
0 0.422195 0.435963 0.039062 0.034580
0 0.466060 0.551230 0.035861 0.055072
0 0.508645 0.562436 0.049308 0.036501
0 0.493916 0.629034 0.036501 0.039062
0 0.439485 0.654969 0.046747 0.047387
0 0.395940 0.605020 0.046747 0.043545
0 0.386014 0.646004 0.046107 0.056352
0 0.396580 0.694672 0.049308 0.030738
0 0.737897 0.560195 0.045466 0.052510
0 0.795850 0.574923 0.051230 0.051230
0 0.756468 0.615266 0.049308 0.047387
0 0.755507 0.677702 0.048668 0.053151
0 0.906634 0.857006 0.032018 0.049308
2 0.382812 0.414511 0.038422 0.046747
0 0.932365 0.981673 0.054982 0.036655
