0 0.115558 0.303844 0.121403 0.127023
0 0.350495 0.405576 0.096673 0.083183
0 0.451102 0.396021 0.086556 0.075315
0 0.440423 0.479766 0.080935 0.067446
0 0.217851 0.707397 0.103417 0.048336
0 0.188624 0.879946 0.074191 0.069694
2 0.289231 0.371290 0.068570 0.043840
2 0.237522 0.451102 0.043840 0.050585
2 0.342626 0.489321 0.053957 0.055081
2 0.436488 0.677046 0.068570 0.077563
2 0.166142 0.657936 0.094424 0.086556
2 0.125674 0.817558 0.067446 0.066322
2 0.251012 0.906362 0.064074 0.064074
0 0.312275 0.532037 0.053957 0.025854
2 0.840603 0.308341 0.067446 0.084308
