0 0.245370 0.139468 0.035880 0.038194
0 0.280671 0.167824 0.037037 0.034722
0 0.250579 0.180556 0.037037 0.043981
0 0.338542 0.458333 0.041667 0.039352
0 0.289931 0.469329 0.027778 0.035880
0 0.320023 0.483218 0.025463 0.024306
0 0.342593 0.508681 0.031250 0.038194
0 0.407986 0.489005 0.032407 0.028935
0 0.413194 0.457176 0.033565 0.037037
0 0.767940 0.603588 0.030093 0.040509
0 0.739583 0.621528 0.031250 0.037037
0 0.724537 0.585648 0.035880 0.034722
0 0.667245 0.524306 0.048611 0.032407
0 0.968750 0.762731 0.045139 0.039352
0 0.950810 0.824074 0.023148 0.039352
0 0.925572 0.977667 0.065684 0.044665
0 0.979798 0.980850 0.033144 0.034196
0 0.985848 0.845381 0.027357 0.050505
0 0.984533 0.894308 0.028935 0.049453
0 0.757786 0.728325 0.026831 0.025779
0 0.796191 0.736742 0.025779 0.028935
0 0.655198 0.574179 0.037353 0.040509
0 0.776463 0.490267 0.044192 0.043140
2 0.417140 0.513678 0.035774 0.024726
2 0.914871 0.784213 0.021552 0.041307
