2 0.070312 0.185444 0.132607 0.127467
2 0.067229 0.064145 0.130551 0.100740
2 0.561678 0.676809 0.101768 0.119243
2 0.565275 0.561164 0.094572 0.112048
2 0.455798 0.561164 0.112048 0.118215
2 0.373047 0.630551 0.092516 0.100740
2 0.290296 0.668586 0.085321 0.084293
2 0.349404 0.533409 0.098684 0.091488
2 0.402344 0.450658 0.101768 0.104852
2 0.350946 0.375617 0.109992 0.096628
2 0.572471 0.889597 0.113076 0.094572
0 0.445518 0.867496 0.118215 0.089433
2 0.737459 0.783203 0.126439 0.134663
2 0.621813 0.788857 0.084293 0.117188
