2 0.721875 0.687500 0.073438 0.087500
2 0.797656 0.713281 0.071875 0.079687
2 0.779687 0.645312 0.070312 0.075000
2 0.979297 0.611979 0.038281 0.102083
2 0.981641 0.701306 0.033594 0.068237
2 0.948438 0.747656 0.067187 0.070312
2 0.716406 0.757812 0.062500 0.075000
2 0.671875 0.796875 0.064062 0.062500
2 0.621875 0.909375 0.054688 0.062500
2 0.662500 0.943750 0.054688 0.059375
2 0.575781 0.911719 0.068750 0.064062
2 0.053906 0.978906 0.081250 0.035937
2 0.967187 0.364063 0.060937 0.065625
2 0.343750 0.086719 0.042188 0.048438
2 0.295312 0.073438 0.054688 0.053125
2 0.392969 0.075781 0.053125 0.048438
2 0.374219 0.121094 0.043750 0.045312
