0 0.449384 0.722821 0.160651 0.176056
0 0.100572 0.509353 0.182658 0.132042
1 0.331096 0.574274 0.152949 0.224472
2 0.445533 0.880172 0.161752 0.176056
2 0.347601 0.751430 0.126540 0.136444
2 0.211708 0.469740 0.116637 0.096831
2 0.208957 0.559969 0.126540 0.116637
2 0.515955 0.121479 0.133143 0.150748
0 0.606734 0.155590 0.112236 0.144146
2 0.690361 0.071963 0.187060 0.104533
2 0.610585 0.153939 0.097931 0.143046
2 0.727223 0.167694 0.124340 0.124340
2 0.915933 0.054908 0.090229 0.094630
2 0.934628 0.156126 0.127619 0.156223
2 0.822403 0.057108 0.138644 0.112236
2 0.407020 0.073614 0.137544 0.099032
