0 0.028493 0.687500 0.042279 0.064338
0 0.034007 0.750000 0.053309 0.086397
0 0.659007 0.882353 0.064338 0.068015
0 0.687500 0.943934 0.055147 0.055147
0 0.365809 0.929228 0.055147 0.062500
0 0.415441 0.970588 0.055147 0.053309
0 0.605699 0.394301 0.075368 0.062500
0 0.625000 0.426471 0.077206 0.064338
2 0.056066 0.539522 0.049632 0.051471
2 0.034926 0.581801 0.047794 0.051471
2 0.093750 0.602941 0.051471 0.049632
2 0.099265 0.543199 0.047794 0.055147
2 0.092831 0.866728 0.053309 0.058824
2 0.029412 0.852022 0.040441 0.058824
2 0.181066 0.775735 0.049632 0.056985
2 0.224265 0.809743 0.044118 0.051471
2 0.320772 0.977022 0.056985 0.044118
2 0.681066 0.812500 0.053309 0.049632
2 0.574449 0.936581 0.056985 0.047794
2 0.597426 0.904412 0.062500 0.045956
2 0.638787 0.939338 0.053309 0.045956
1 0.585478 0.974265 0.056985 0.038603
0 0.544118 0.933824 0.062500 0.056985
1 0.263787 0.875000 0.060662 0.049632
2 0.840074 0.219669 0.055147 0.091912
