2 0.376399 0.252215 0.068797 0.059468
1 0.731460 0.276702 0.069963 0.085121
0 0.730877 0.431786 0.101446 0.082789
1 0.644007 0.625933 0.083955 0.069963
2 0.564132 0.540229 0.066465 0.059468
2 0.743703 0.503498 0.066465 0.067631
0 0.401469 0.656833 0.086287 0.052472
2 0.252799 0.582206 0.054804 0.059468
2 0.187500 0.546059 0.064132 0.057136
1 0.105877 0.677239 0.082789 0.055970
1 0.521572 0.166511 0.083955 0.088619
0 0.630014 0.046992 0.048974 0.040812
0 0.164179 0.287197 0.071129 0.052472
0 0.457439 0.335588 0.062966 0.055970
0 0.585121 0.351912 0.059468 0.058302
