2 0.507249 0.414626 0.056379 0.078930
2 0.557990 0.435567 0.070876 0.066044
2 0.459729 0.433956 0.061211 0.059601
2 0.508860 0.494362 0.059601 0.064433
2 0.451675 0.508054 0.057990 0.066044
2 0.283344 0.479059 0.066044 0.049936
2 0.342945 0.512887 0.046714 0.040271
2 0.391269 0.529800 0.037049 0.054768
2 0.394491 0.489530 0.040271 0.041881
2 0.113402 0.948615 0.067655 0.077320
2 0.172197 0.924452 0.078930 0.070876
2 0.160921 0.971166 0.088595 0.054768
2 0.272874 0.942171 0.074098 0.061211
2 0.487113 0.852771 0.096649 0.069265
2 0.454091 0.921231 0.095039 0.080541
2 0.520135 0.916398 0.066044 0.064433
2 0.617590 0.846327 0.090206 0.082152
2 0.690077 0.595039 0.057990 0.088595
2 0.226160 0.471005 0.057990 0.046714
0 0.677191 0.962307 0.141753 0.072487
