2 0.338053 0.221680 0.037435 0.043945
2 0.403971 0.202148 0.045573 0.056966
2 0.458496 0.242839 0.037435 0.034180
2 0.562663 0.225749 0.047201 0.042318
0 0.506510 0.060547 0.068359 0.076497
2 0.614746 0.031250 0.047201 0.043945
2 0.657878 0.077637 0.052083 0.052083
2 0.734375 0.087402 0.058594 0.052083
1 0.884115 0.029622 0.071615 0.053711
1 0.932943 0.062174 0.042318 0.063477
2 0.975260 0.113444 0.048828 0.048828
2 0.984375 0.144555 0.031250 0.052455
0 0.934570 0.189128 0.071615 0.092773
0 0.978678 0.219173 0.042643 0.068229
0 0.954102 0.295736 0.074870 0.065104
2 0.967122 0.344564 0.042318 0.052083
2 0.747396 0.332357 0.045573 0.040690
2 0.770996 0.352702 0.027669 0.019531
0 0.809245 0.428385 0.055339 0.047201
2 0.821452 0.475586 0.066732 0.053711
2 0.799479 0.531738 0.068359 0.048828
2 0.865397 0.525228 0.043945 0.074870
0 0.588704 0.451986 0.063477 0.048828
0 0.561849 0.506510 0.055339 0.053711
2 0.596029 0.525228 0.061849 0.042318
2 0.504883 0.491862 0.061849 0.060221
2 0.465007 0.503255 0.056966 0.060221
2 0.293294 0.665202 0.039062 0.052083
2 0.335612 0.670085 0.035807 0.048828
2 0.445475 0.681478 0.047201 0.032552
1 0.472331 0.727865 0.045573 0.040690
2 0.416992 0.783203 0.061849 0.050456
1 0.360840 0.796224 0.053711 0.056966
2 0.446289 0.850749 0.055339 0.042318
0 0.403971 0.895508 0.074870 0.063477
1 0.206217 0.821452 0.043945 0.032552
2 0.145996 0.775065 0.047201 0.034180
2 0.186686 0.771810 0.043945 0.037435
2 0.250163 0.821452 0.056966 0.045573
2 0.253418 0.942708 0.047201 0.034180
2 0.547201 0.836914 0.039062 0.037435
2 0.806803 0.820638 0.034180 0.034180
0 0.967285 0.707239 0.065430 0.054778
0 0.839355 0.903646 0.056966 0.040690
0 0.872721 0.880046 0.065104 0.035807
1 0.580566 0.779948 0.040690 0.050456
