0 0.949078 0.863647 0.050585 0.055081
0 0.935589 0.821493 0.070818 0.053957
0 0.958071 0.786084 0.050585 0.050585
0 0.913669 0.783835 0.035971 0.037095
0 0.486511 0.867581 0.042716 0.035971
0 0.473022 0.960881 0.049460 0.038219
0 0.047549 0.566884 0.057329 0.050585
0 0.415692 0.972122 0.029227 0.031475
1 0.448291 0.797325 0.038219 0.039344
0 0.068907 0.495504 0.046088 0.035971
0 0.948516 0.905800 0.042716 0.062950
0 0.986061 0.859375 0.027878 0.048786
0 0.444919 0.661871 0.038219 0.031475
0 0.404451 0.687163 0.031475 0.041592
0 0.512365 0.720324 0.040468 0.031475
0 0.016637 0.493817 0.022482 0.039344
