2 0.729441 0.036184 0.067434 0.052632
2 0.900493 0.367599 0.050987 0.060855
2 0.941612 0.491776 0.060855 0.042763
2 0.856086 0.525493 0.060855 0.064145
2 0.523849 0.064967 0.054276 0.047697
2 0.566612 0.029605 0.057566 0.052632
2 0.357730 0.101974 0.044408 0.049342
2 0.356908 0.149671 0.055921 0.052632
2 0.328947 0.174342 0.062500 0.052632
2 0.500822 0.370888 0.060855 0.057566
2 0.819901 0.583059 0.057566 0.067434
0 0.590461 0.423520 0.101974 0.093750
0 0.531250 0.800164 0.082237 0.083882
1 0.032072 0.243421 0.050987 0.101974
2 0.455592 0.428454 0.062500 0.074013
1 0.561678 0.501645 0.060855 0.065789
1 0.497533 0.476974 0.067434 0.075658
2 0.190789 0.745066 0.072368 0.069079
2 0.139803 0.653783 0.088816 0.057566
2 0.271382 0.604441 0.065789 0.070724
2 0.023026 0.777961 0.046053 0.052632
2 0.243421 0.670230 0.069079 0.064145
2 0.444079 0.735197 0.069079 0.072368
1 0.617599 0.766447 0.070724 0.069079
1 0.594572 0.825658 0.057566 0.049342
2 0.469572 0.839638 0.074013 0.060855
2 0.453947 0.791118 0.042763 0.049342
2 0.546053 0.727796 0.062500 0.064145
2 0.578947 0.668586 0.069079 0.077303
2 0.529605 0.675987 0.072368 0.052632
2 0.948191 0.557566 0.064145 0.075658
