2 0.327982 0.261325 0.034404 0.034404
2 0.267058 0.270642 0.038704 0.058773
2 0.231938 0.326548 0.063073 0.067374
2 0.299312 0.327265 0.068807 0.048739
2 0.267058 0.366686 0.053039 0.041571
2 0.525086 0.419725 0.047305 0.050172
2 0.616829 0.417575 0.067374 0.071674
2 0.516485 0.469897 0.044438 0.044438
2 0.874857 0.283544 0.041571 0.047305
2 0.730075 0.236239 0.047305 0.053039
2 0.638331 0.122993 0.078842 0.058773
2 0.300745 0.132311 0.043005 0.037271
2 0.288561 0.191084 0.047305 0.025803
2 0.219753 0.110808 0.041571 0.051606
2 0.372420 0.242689 0.051606 0.048739
2 0.435493 0.849771 0.074541 0.067374
2 0.150946 0.956565 0.073108 0.051606
1 0.719323 0.828268 0.051606 0.073108
1 0.747993 0.850487 0.034404 0.028670
1 0.401806 0.758028 0.061640 0.041571
1 0.405390 0.710722 0.031537 0.024369
1 0.337299 0.500000 0.050172 0.053039
1 0.368836 0.412557 0.047305 0.055906
1 0.766628 0.181049 0.040138 0.045872
1 0.335866 0.041284 0.053039 0.032970
1 0.213303 0.243406 0.060206 0.024369
0 0.165281 0.140195 0.030103 0.030103
0 0.214736 0.183200 0.063073 0.053039
0 0.580992 0.246990 0.044438 0.037271
0 0.556623 0.343750 0.047305 0.032970
