2 0.093023 0.185683 0.039971 0.045422
2 0.129360 0.190225 0.054506 0.058140
2 0.113917 0.237464 0.045422 0.061773
2 0.066679 0.238372 0.034520 0.049055
2 0.117551 0.311955 0.059956 0.039971
2 0.082122 0.387355 0.050872 0.038154
2 0.091206 0.352834 0.058140 0.041788
2 0.024891 0.365552 0.045422 0.052689
2 0.044876 0.335574 0.049055 0.050872
2 0.021984 0.400916 0.043968 0.051003
2 0.253815 0.518169 0.052689 0.052689
2 0.300145 0.537246 0.047238 0.036337
1 0.459121 0.434593 0.070858 0.067224
0 0.400073 0.431868 0.065407 0.061773
0 0.380996 0.551781 0.063590 0.061773
2 0.265625 0.614462 0.069041 0.052689
2 0.094840 0.852471 0.043605 0.045422
2 0.049419 0.830669 0.039971 0.049055
