2 0.712500 0.437500 0.057813 0.050000
2 0.720313 0.489063 0.070312 0.062500
2 0.668750 0.458594 0.035937 0.051562
2 0.612500 0.461719 0.051562 0.048438
2 0.616406 0.427344 0.053125 0.057813
2 0.672656 0.404687 0.050000 0.056250
2 0.699219 0.377344 0.050000 0.079687
2 0.725781 0.360156 0.046875 0.054688
0 0.752344 0.038281 0.096875 0.073438
0 0.822656 0.028906 0.071875 0.054688
0 0.554688 0.434375 0.045312 0.075000
0 0.546875 0.497656 0.042188 0.048438
0 0.584375 0.506250 0.057813 0.059375
1 0.537500 0.583594 0.067187 0.054688
2 0.466406 0.542188 0.031250 0.056250
2 0.441406 0.645312 0.059375 0.050000
2 0.517969 0.511719 0.056250 0.057813
