0 0.105824 0.732244 0.039773 0.046875
0 0.296165 0.828835 0.053977 0.041193
0 0.485795 0.799716 0.041193 0.051136
2 0.029119 0.948153 0.042614 0.052557
2 0.068182 0.909091 0.044034 0.039773
2 0.112216 0.889915 0.041193 0.044034
2 0.125710 0.861506 0.036932 0.026989
2 0.100142 0.848722 0.042614 0.041193
2 0.125000 0.809659 0.044034 0.034091
2 0.169034 0.829545 0.026989 0.045455
2 0.188210 0.874290 0.039773 0.032670
2 0.250000 0.942472 0.041193 0.041193
2 0.224432 0.870028 0.052557 0.046875
2 0.089489 0.676136 0.041193 0.045455
2 0.084517 0.528409 0.036932 0.039773
2 0.101562 0.561080 0.036932 0.034091
2 0.126420 0.536222 0.044034 0.032670
2 0.058239 0.553267 0.044034 0.052557
2 0.039773 0.425426 0.046875 0.055398
2 0.414773 0.628551 0.038352 0.035511
2 0.428977 0.659801 0.035511 0.035511
2 0.718040 0.941051 0.036932 0.044034
1 0.739347 0.973722 0.048295 0.035511
1 0.512784 0.973722 0.041193 0.046875
1 0.513494 0.931818 0.048295 0.039773
1 0.529119 0.779830 0.045455 0.073864
1 0.445312 0.769176 0.039773 0.044034
1 0.397017 0.659801 0.048295 0.061080
1 0.397017 0.821023 0.045455 0.042614
1 0.404830 0.878551 0.058239 0.049716
1 0.356534 0.885653 0.052557 0.058239
1 0.350142 0.820312 0.042614 0.058239
1 0.313210 0.781960 0.045455 0.061080
