0 0.566034 0.287946 0.033482 0.042783
0 0.618118 0.313058 0.052083 0.037202
0 0.697173 0.313988 0.031622 0.035342
0 0.865513 0.284226 0.063244 0.050223
0 0.879464 0.346540 0.076265 0.070685
0 0.937128 0.345610 0.072545 0.057664
0 0.818080 0.385603 0.061384 0.070685
0 0.979260 0.640971 0.041481 0.068028
0 0.969680 0.696243 0.044643 0.074405
0 0.748326 0.343750 0.026042 0.039062
1 0.927827 0.184710 0.061384 0.085565
1 0.945499 0.434896 0.044643 0.061384
0 0.619978 0.414435 0.040923 0.039062
2 0.599516 0.551153 0.037202 0.029762
2 0.853423 0.472098 0.050223 0.050223
