2 0.432626 0.488532 0.040138 0.044438
2 0.291428 0.515052 0.024369 0.031537
2 0.136611 0.401089 0.021502 0.030103
2 0.211153 0.344467 0.027236 0.040138
1 0.408257 0.432626 0.045872 0.035837
0 0.269925 0.463446 0.030103 0.025803
0 0.239822 0.457712 0.073108 0.045872
0 0.117976 0.255591 0.027236 0.025803
0 0.144495 0.289278 0.051606 0.030103
0 0.105791 0.300029 0.020069 0.020069
0 0.095040 0.335149 0.030103 0.027236
0 0.138045 0.347334 0.021502 0.020069
0 0.241256 0.290711 0.030103 0.032970
0 0.275659 0.336583 0.050172 0.041571
