0 0.261129 0.024505 0.052833 0.031475
0 0.305531 0.050360 0.020234 0.035971
0 0.335881 0.086331 0.033723 0.033723
0 0.290355 0.111623 0.030351 0.048336
0 0.329699 0.126237 0.023606 0.032599
0 0.404451 0.102068 0.040468 0.042716
0 0.369042 0.136353 0.023606 0.048336
0 0.412320 0.130733 0.049460 0.041592
0 0.724820 0.109375 0.051709 0.041592
0 0.770908 0.187500 0.047212 0.065198
0 0.691097 0.080710 0.038219 0.044964
0 0.662995 0.438174 0.067446 0.058453
0 0.611848 0.465715 0.048336 0.041592
0 0.627585 0.502248 0.059577 0.040468
0 0.944582 0.418503 0.050585 0.064074
0 0.958071 0.497752 0.057329 0.074191
0 0.984487 0.439299 0.029227 0.031475
1 0.973808 0.488759 0.039344 0.040468
0 0.784960 0.815310 0.041592 0.050585
2 0.363422 0.240333 0.052833 0.031475
