1 0.162684 0.530331 0.060662 0.044118
1 0.375919 0.914522 0.071691 0.062500
2 0.027574 0.267463 0.047794 0.055147
2 0.056066 0.440257 0.042279 0.033088
2 0.218750 0.656250 0.044118 0.038603
2 0.162684 0.577206 0.056985 0.049632
2 0.204044 0.602941 0.051471 0.042279
2 0.270221 0.677390 0.051471 0.040441
2 0.301471 0.649816 0.058824 0.051471
1 0.330882 0.701287 0.055147 0.051471
2 0.306985 0.727941 0.055147 0.034926
2 0.311581 0.772978 0.045956 0.047794
2 0.343750 0.806066 0.047794 0.047794
2 0.372243 0.779412 0.049632 0.053309
0 0.448529 0.836397 0.077206 0.071691
2 0.472426 0.935662 0.033088 0.038603
2 0.522059 0.920956 0.055147 0.045956
2 0.423713 0.886029 0.053309 0.056985
0 0.179228 0.681066 0.068015 0.077206
2 0.489890 0.342831 0.038603 0.051471
