2 0.512901 0.591026 0.088876 0.080275
2 0.603928 0.540854 0.070241 0.068807
2 0.699255 0.512901 0.065940 0.081709
2 0.762328 0.647649 0.100344 0.075975
2 0.976491 0.815510 0.047018 0.079128
2 0.549455 0.687070 0.078842 0.083142
2 0.487815 0.632597 0.070241 0.060206
2 0.193951 0.749427 0.067374 0.064507
1 0.115826 0.668435 0.031537 0.025803
1 0.031967 0.567374 0.038704 0.070241
1 0.148796 0.591026 0.054472 0.054472
2 0.228354 0.444094 0.090310 0.113245
2 0.198968 0.039851 0.091743 0.061640
0 0.235522 0.144495 0.044438 0.041571
0 0.298595 0.109375 0.027236 0.040138
0 0.126577 0.160264 0.061640 0.038704
1 0.558773 0.219753 0.054472 0.068807
1 0.575258 0.147362 0.061640 0.061640
0 0.684203 0.204702 0.027236 0.041571
1 0.566657 0.313647 0.093177 0.053039
1 0.547305 0.488532 0.054472 0.050172
1 0.282827 0.575258 0.073108 0.048739
1 0.295728 0.515768 0.075975 0.041571
1 0.297878 0.660550 0.068807 0.067374
1 0.035550 0.762328 0.028670 0.050172
1 0.045585 0.826118 0.054472 0.057339
1 0.059920 0.883458 0.031537 0.043005
1 0.651233 0.831852 0.061640 0.043005
0 0.329415 0.265625 0.025803 0.043005
2 0.249140 0.226921 0.025803 0.043005
1 0.290711 0.215453 0.074541 0.065940
0 0.223337 0.298595 0.017202 0.022936
0 0.229071 0.355935 0.031537 0.040138
0 0.188933 0.360952 0.028670 0.027236
1 0.130161 0.324398 0.031537 0.028670
1 0.084289 0.363819 0.037271 0.047305
2 0.285694 0.353784 0.038704 0.041571
2 0.262758 0.395356 0.027236 0.024369
2 0.168148 0.393922 0.030103 0.038704
