2 0.666703 0.655150 0.078125 0.100132
2 0.647997 0.720621 0.064921 0.066021
2 0.513754 0.780040 0.058319 0.055018
2 0.437830 0.771787 0.097931 0.062720
2 0.423526 0.830656 0.095731 0.090229
2 0.485695 0.858165 0.052817 0.057218
2 0.122029 0.667254 0.069322 0.078125
0 0.603983 0.400418 0.093530 0.110035
0 0.440031 0.040603 0.097931 0.070423
0 0.053257 0.255722 0.079225 0.113336
0 0.068662 0.614987 0.092430 0.094630
0 0.056008 0.711268 0.097931 0.089129
2 0.048305 0.698063 0.086928 0.082526
2 0.525858 0.045555 0.078125 0.073724
2 0.047205 0.542914 0.060519 0.053917
