0 0.254946 0.444357 0.058453 0.043840
0 0.234712 0.502248 0.065198 0.060701
0 0.173449 0.660184 0.066322 0.066322
2 0.277990 0.469087 0.032599 0.043840
0 0.085207 0.949640 0.096673 0.056205
0 0.314523 0.770346 0.058453 0.046088
0 0.302158 0.855216 0.062950 0.069694
0 0.373539 0.866457 0.088804 0.078687
0 0.361736 0.803507 0.076439 0.062950
0 0.369604 0.762478 0.042716 0.048336
0 0.411758 0.769784 0.057329 0.074191
0 0.451102 0.868705 0.055081 0.094424
0 0.485387 0.889501 0.031475 0.082059
0 0.493817 0.816434 0.066322 0.066322
0 0.559577 0.823741 0.085432 0.062950
0 0.537095 0.866457 0.078687 0.058453
0 0.555081 0.926034 0.094424 0.085432
2 0.340378 0.677608 0.035971 0.020234
2 0.322954 0.691097 0.052833 0.024730
2 0.338129 0.733251 0.069694 0.023606
2 0.258880 0.797887 0.064074 0.035971
