0 0.858073 0.211682 0.093006 0.079985
0 0.818080 0.296317 0.102307 0.089286
0 0.755766 0.218192 0.078125 0.074405
0 0.617188 0.307478 0.076265 0.111607
0 0.757626 0.393973 0.107887 0.102307
0 0.668341 0.414435 0.107887 0.094866
0 0.537202 0.381882 0.079985 0.078125
0 0.518601 0.433966 0.106027 0.040923
0 0.183780 0.499070 0.076265 0.096726
0 0.099144 0.541853 0.085565 0.081845
0 0.167039 0.651600 0.102307 0.096726
0 0.033110 0.606957 0.039063 0.052083
0 0.537202 0.493490 0.068824 0.055804
0 0.593006 0.530692 0.072545 0.055804
0 0.677641 0.595796 0.048363 0.048363
0 0.591146 0.426525 0.035342 0.074405
2 0.060082 0.214472 0.074405 0.074405
2 0.046131 0.280506 0.046503 0.061384
2 0.097284 0.621838 0.063244 0.063244
2 0.153088 0.581845 0.055804 0.065104
2 0.712054 0.290737 0.068824 0.074405
