2 0.355769 0.338287 0.053540 0.050262
2 0.315341 0.365057 0.051355 0.046984
2 0.252513 0.363418 0.045892 0.034965
2 0.272727 0.418597 0.051355 0.066652
2 0.357955 0.430070 0.060096 0.054633
2 0.381993 0.383632 0.040428 0.062281
2 0.432255 0.343750 0.066652 0.063374
2 0.460118 0.301136 0.076486 0.072115
2 0.613636 0.251967 0.044799 0.045892
2 0.558457 0.261801 0.059003 0.043706
2 0.653518 0.286932 0.069930 0.045892
2 0.633304 0.321351 0.075393 0.064467
2 0.634397 0.395105 0.088505 0.089598
2 0.690122 0.341018 0.055726 0.068837
2 0.555179 0.392920 0.045892 0.050262
2 0.515297 0.293488 0.029502 0.039336
0 0.359047 0.296766 0.064467 0.043706
