2 0.382531 0.419065 0.097797 0.098921
2 0.415130 0.341502 0.057329 0.083183
2 0.482014 0.437612 0.105665 0.077563
2 0.314523 0.377473 0.071942 0.076439
2 0.328013 0.322954 0.067446 0.070818
2 0.312275 0.156587 0.080935 0.059577
2 0.357239 0.112747 0.062950 0.068570
2 0.301596 0.104317 0.075315 0.065198
2 0.056542 0.227406 0.066322 0.068570
2 0.117244 0.221785 0.061826 0.073067
2 0.297662 0.716389 0.094424 0.055081
2 0.346560 0.779339 0.113534 0.088804
2 0.376911 0.746178 0.066322 0.060701
2 0.369042 0.554519 0.068570 0.070818
2 0.460656 0.370166 0.092176 0.079811
2 0.412320 0.900742 0.092176 0.066322
