0 0.416295 0.500000 0.109747 0.079985
0 0.596726 0.514881 0.098586 0.068824
0 0.505580 0.483259 0.061384 0.031622
0 0.327939 0.561384 0.085565 0.076265
0 0.343750 0.659040 0.113467 0.093006
0 0.421875 0.592076 0.102307 0.115327
0 0.514881 0.731585 0.098586 0.093006
0 0.603237 0.664621 0.081845 0.055804
0 0.428385 0.712984 0.070685 0.100446
2 0.518601 0.566964 0.072545 0.076265
2 0.586496 0.592076 0.107887 0.070685
2 0.526972 0.640439 0.048363 0.070685
2 0.369792 0.757626 0.098586 0.107887
2 0.284226 0.757626 0.091146 0.096726
2 0.340030 0.832961 0.083705 0.061384
2 0.421875 0.814360 0.061384 0.061384
2 0.385603 0.877604 0.111607 0.035342
