0 0.232464 0.325202 0.076439 0.061826
0 0.198179 0.382531 0.075315 0.066322
0 0.218975 0.415692 0.076439 0.047212
0 0.159397 0.346560 0.065198 0.052833
1 0.452788 0.383094 0.056205 0.053957
0 0.480328 0.430306 0.064074 0.051709
0 0.377473 0.399393 0.056205 0.055081
0 0.348246 0.398269 0.060701 0.048336
0 0.496628 0.375225 0.069694 0.053957
0 0.787770 0.223471 0.044964 0.042716
0 0.888377 0.243705 0.055081 0.049460
0 0.755733 0.071156 0.075315 0.052833
1 0.460094 0.030688 0.066322 0.043840
1 0.709083 0.324640 0.060701 0.047212
1 0.754047 0.323516 0.049460 0.044964
1 0.708521 0.249326 0.048336 0.047212
1 0.744492 0.240333 0.032599 0.029227
1 0.745054 0.217289 0.035971 0.037095
1 0.704586 0.222347 0.049460 0.029227
1 0.890063 0.517424 0.056205 0.052833
0 0.888377 0.454474 0.057329 0.052833
0 0.923786 0.481452 0.069694 0.066322
0 0.500000 0.489883 0.056205 0.035971
0 0.392086 0.448853 0.051709 0.057329
0 0.354991 0.439299 0.056205 0.058453
0 0.660746 0.280238 0.056205 0.041592
0 0.866457 0.301596 0.058453 0.070818
1 0.927720 0.299348 0.075315 0.059577
0 0.734375 0.275742 0.055081 0.039344
0 0.845099 0.208858 0.058453 0.056205
0 0.896246 0.216727 0.070818 0.051709
1 0.819245 0.264501 0.071942 0.052833
0 0.761915 0.029002 0.074191 0.051709
2 0.450540 0.257756 0.058453 0.055081
2 0.492693 0.267873 0.057329 0.055081
2 0.463467 0.293728 0.043840 0.050585
