0 0.085775 0.247721 0.170898 0.275065
0 0.281087 0.269694 0.206706 0.247396
0 0.180990 0.076009 0.247396 0.149740
0 0.128906 0.457682 0.250651 0.222982
0 0.241211 0.609049 0.231120 0.200195
0 0.427572 0.465820 0.148112 0.193685
0 0.364095 0.418620 0.141602 0.232747
2 0.535807 0.587077 0.130208 0.113932
0 0.694499 0.528483 0.135091 0.166016
0 0.628581 0.429199 0.182292 0.214844
0 0.484538 0.275391 0.131836 0.170898
0 0.658691 0.215983 0.209961 0.214844
0 0.777507 0.349447 0.157878 0.208333
0 0.824707 0.134603 0.138346 0.266927
0 0.677409 0.071126 0.185547 0.136719
0 0.508952 0.097168 0.164388 0.149740
0 0.361654 0.113444 0.179036 0.221354
