0 0.840009 0.525308 0.110035 0.097931
0 0.917584 0.606734 0.111136 0.124340
0 0.821853 0.697513 0.093530 0.059419
0 0.802597 0.749780 0.094630 0.069322
0 0.858165 0.745379 0.045114 0.060519
0 0.854864 0.892276 0.095731 0.070423
0 0.553367 0.515955 0.069322 0.055018
0 0.967088 0.300984 0.062698 0.098227
0 0.808649 0.191351 0.084727 0.072623
0 0.613336 0.251320 0.092430 0.060519
0 0.522557 0.328895 0.097931 0.070423
0 0.538512 0.373460 0.094630 0.078125
0 0.466439 0.517055 0.062720 0.088028
0 0.380612 0.507152 0.095731 0.114437
0 0.962148 0.530260 0.061620 0.105634
0 0.738776 0.361356 0.083627 0.049516
0 0.715119 0.342099 0.067121 0.055018
0 0.854864 0.406470 0.058319 0.071523
0 0.884573 0.245268 0.047315 0.079225
