0 0.199097 0.211914 0.092773 0.095215
0 0.317505 0.177734 0.065918 0.097656
0 0.322388 0.322998 0.073242 0.075684
0 0.377930 0.301636 0.054932 0.079346
0 0.170410 0.134399 0.064697 0.040283
0 0.266846 0.500000 0.079346 0.065918
0 0.342529 0.499390 0.054932 0.067139
0 0.362671 0.588501 0.090332 0.093994
0 0.100830 0.497559 0.052490 0.056152
0 0.106323 0.617798 0.046387 0.050049
0 0.066650 0.606201 0.040283 0.039062
0 0.068481 0.642212 0.039062 0.042725
0 0.301636 0.647095 0.078125 0.069580
0 0.340698 0.703247 0.073242 0.067139
0 0.434692 0.683105 0.073242 0.073242
0 0.428589 0.756348 0.063477 0.058594
0 0.439575 0.818604 0.068359 0.063477
0 0.373657 0.816772 0.075684 0.079346
0 0.353516 0.763672 0.069580 0.046387
0 0.259521 0.677612 0.062256 0.072021
0 0.401123 0.534180 0.062256 0.085449
0 0.298584 0.409668 0.062256 0.063477
0 0.340698 0.254639 0.046387 0.061035
0 0.440186 0.182617 0.089111 0.080566
0 0.484741 0.260742 0.087891 0.070801
0 0.536011 0.360229 0.083008 0.084229
1 0.478638 0.398071 0.063477 0.067139
0 0.611084 0.343140 0.072021 0.081787
0 0.620850 0.420044 0.054932 0.067139
0 0.509766 0.456055 0.076904 0.065918
0 0.590942 0.500610 0.048828 0.054932
0 0.635498 0.479858 0.050049 0.054932
0 0.595825 0.548218 0.051270 0.032959
0 0.623291 0.623291 0.054932 0.051270
0 0.674561 0.625122 0.054932 0.052490
0 0.661743 0.659912 0.061035 0.046387
0 0.537842 0.224121 0.057373 0.078125
0 0.489624 0.167969 0.075684 0.075684
0 0.423096 0.270508 0.069580 0.070801
0 0.460938 0.371216 0.062256 0.047607
0 0.670288 0.333374 0.051270 0.084229
0 0.581787 0.159424 0.054932 0.063477
0 0.767944 0.281494 0.090332 0.078125
0 0.847900 0.285156 0.081787 0.075684
0 0.926025 0.299194 0.064697 0.069580
0 0.819824 0.348022 0.079346 0.062256
0 0.926636 0.438354 0.061035 0.072021
0 0.897949 0.565308 0.084229 0.076904
0 0.935181 0.616577 0.053711 0.069580
0 0.901001 0.648315 0.061035 0.072021
0 0.824097 0.583618 0.056152 0.054932
0 0.868652 0.150879 0.091553 0.068359
1 0.852173 0.218018 0.061035 0.065918
2 0.807617 0.167969 0.042725 0.036621
2 0.607422 0.275391 0.059814 0.058594
2 0.637939 0.144775 0.040283 0.036621
0 0.665405 0.207642 0.068359 0.050049
2 0.559204 0.294312 0.056152 0.054932
0 0.803345 0.468262 0.048828 0.058594
0 0.848511 0.540894 0.058594 0.057373
0 0.700195 0.130127 0.064697 0.039062
0 0.694092 0.162476 0.064697 0.047607
0 0.118530 0.557983 0.039062 0.035400
0 0.439575 0.620239 0.058594 0.064697
0 0.471924 0.860107 0.059814 0.046387
2 0.308350 0.573853 0.047607 0.062256
2 0.277222 0.332764 0.048828 0.051270
0 0.565918 0.407227 0.072021 0.058594
2 0.611084 0.192383 0.042725 0.048828
0 0.163086 0.586060 0.042725 0.042725
