0 0.289497 0.180990 0.102720 0.104890
0 0.432002 0.135417 0.098380 0.064381
0 0.432726 0.219329 0.089699 0.078848
0 0.526042 0.227648 0.079572 0.086806
0 0.359664 0.301432 0.091146 0.092593
0 0.475767 0.322410 0.107784 0.095486
0 0.398727 0.394748 0.115741 0.073785
0 0.145182 0.372323 0.101997 0.072338
0 0.212095 0.441406 0.076678 0.086082
0 0.104673 0.448278 0.091869 0.063657
0 0.042462 0.494213 0.083189 0.083189
0 0.093822 0.583550 0.094763 0.073785
0 0.159288 0.522063 0.089699 0.063657
0 0.187500 0.608869 0.086806 0.079572
0 0.169054 0.271050 0.084635 0.099826
0 0.267072 0.258030 0.083912 0.085359
0 0.081163 0.284433 0.108507 0.081742
0 0.244647 0.523148 0.062211 0.052807
