0 0.872685 0.425926 0.123843 0.127315
0 0.777778 0.459491 0.103009 0.094907
0 0.780093 0.534144 0.103009 0.086806
0 0.875579 0.582755 0.106481 0.100694
0 0.865162 0.689236 0.090278 0.093750
0 0.943866 0.652778 0.097222 0.122685
0 0.752315 0.602431 0.105324 0.123843
0 0.795139 0.733796 0.107639 0.118056
0 0.564815 0.447338 0.105324 0.121528
0 0.624421 0.304977 0.138889 0.149306
0 0.711806 0.386574 0.135417 0.099537
0 0.960735 0.502399 0.075405 0.095076
0 0.479167 0.498264 0.082176 0.075231
0 0.480324 0.331597 0.105324 0.098380
0 0.434028 0.426505 0.084491 0.151620
0 0.646412 0.574653 0.131944 0.109954
0 0.647569 0.704861 0.113426 0.099537
0 0.729167 0.801505 0.116898 0.075231
2 0.550347 0.578125 0.083333 0.093750
