0 0.284614 0.296549 0.058594 0.079210
0 0.281901 0.370334 0.074870 0.070530
0 0.252604 0.457682 0.074870 0.069444
0 0.410482 0.541233 0.088976 0.091146
0 0.393663 0.667643 0.081380 0.072700
0 0.471788 0.653537 0.066189 0.087891
0 0.642687 0.648112 0.091146 0.061849
2 0.660590 0.698025 0.057509 0.072700
0 0.717014 0.534722 0.074870 0.084635
0 0.816298 0.364909 0.075955 0.083550
0 0.665473 0.327474 0.082465 0.086806
0 0.601454 0.283529 0.088976 0.092231
0 0.470161 0.344293 0.082465 0.072700
2 0.489692 0.416992 0.065104 0.046658
0 0.493490 0.573242 0.064019 0.074870
2 0.569444 0.550998 0.072700 0.065104
0 0.852648 0.587348 0.077040 0.083550
0 0.485894 0.806532 0.094401 0.092231
0 0.400174 0.794596 0.094401 0.081380
0 0.322049 0.837457 0.081380 0.088976
0 0.281250 0.886719 0.082812 0.054688
0 0.350781 0.908594 0.090625 0.032813
0 0.542188 0.673438 0.064062 0.065625
0 0.469531 0.729688 0.100000 0.059375
0 0.629687 0.600781 0.110937 0.054688
0 0.547656 0.618750 0.068750 0.043750
0 0.721094 0.650781 0.096875 0.082812
0 0.721094 0.453906 0.081250 0.082812
0 0.643750 0.434375 0.073438 0.090625
0 0.639062 0.514844 0.070312 0.079687
0 0.571875 0.476562 0.064062 0.075000
0 0.579688 0.402344 0.079687 0.076563
0 0.377344 0.432812 0.065625 0.065625
0 0.468750 0.492969 0.085938 0.082812
1 0.786719 0.597656 0.068750 0.070312
2 0.788281 0.527344 0.059375 0.070312
0 0.410938 0.372656 0.076563 0.057813
