0 0.734375 0.112216 0.217330 0.210227
0 0.916548 0.160364 0.166903 0.209933
0 0.755682 0.294744 0.225852 0.174716
0 0.568892 0.221591 0.198864 0.224432
0 0.562500 0.139205 0.174716 0.196023
0 0.490767 0.026989 0.218750 0.048295
0 0.635653 0.056818 0.193182 0.107955
0 0.061790 0.409091 0.110795 0.136364
0 0.022727 0.306818 0.026989 0.085227
2 0.109375 0.305398 0.132102 0.122159
2 0.174716 0.372869 0.109375 0.098011
2 0.225852 0.285511 0.083807 0.085227
2 0.093750 0.127841 0.092330 0.085227
2 0.038352 0.207386 0.075284 0.107955
