0 0.442109 0.681542 0.158498 0.129272
0 0.619717 0.795076 0.171987 0.165243
0 0.448853 0.905238 0.198966 0.171987
0 0.342626 0.861960 0.121403 0.177608
0 0.671425 0.952451 0.183228 0.091052
1 0.698966 0.451664 0.094424 0.107914
0 0.598359 0.488759 0.109038 0.092176
0 0.462905 0.267311 0.078687 0.067446
0 0.388714 0.287545 0.071942 0.040468
0 0.271808 0.222909 0.101169 0.055081
0 0.131295 0.519110 0.085432 0.085432
0 0.048674 0.683790 0.068570 0.113534
2 0.078462 0.100944 0.069694 0.053957
2 0.076214 0.162208 0.078687 0.070818
2 0.185252 0.221223 0.065198 0.067446
2 0.123426 0.240895 0.069694 0.073067
1 0.571380 0.327451 0.079811 0.055081
2 0.176821 0.793390 0.075315 0.110162
2 0.093076 0.819807 0.058453 0.077563
2 0.188624 0.908611 0.087680 0.082059
2 0.113309 0.920414 0.076439 0.067446
2 0.167828 0.962005 0.073067 0.042716
2 0.306093 0.687725 0.068570 0.060701
